Iteration Num of Simuation:0
m_SimulationDeltaT of action plan:0
boidNo = 0
boid Wall No = 0
position = = (-5.8, -2.7, 7.7)
Boid Radius= 10
Boid Frame=
 0.76036	-0.58071	0.29093	-5.80708
-0.51631	-0.26864	0.81318	-2.68644
0.39406	0.76851	0.50409	7.68511
0.00000	0.00000	0.00000	1.00000

boidNo = 1
boid Wall No = 0
position = = (-1.9, -8.3, 5.3)
Boid Radius= 10
Boid Frame=
 0.97425	-0.18884	-0.12321	-1.88841
-0.08966	-0.82583	0.55675	-8.25830
0.20689	0.53136	0.82149	5.31360
0.00000	0.00000	0.00000	1.00000

boidNo = 2
boid Wall No = 1
position = = (3.0, 9.4, 1.7)
Boid Radius= 10
Boid Frame=
 0.41441	0.30079	-0.85895	3.00794
0.03155	0.93849	0.34387	9.38486
-0.90954	0.16961	-0.37942	1.69606
0.00000	0.00000	0.00000	1.00000

boidNo = 3
boid Wall No = 0
position = = (1.2, -9.7, -2.2)
Boid Radius= 10
Boid Frame=
 -0.61839	0.12007	0.77664	1.20066
0.10027	-0.96813	0.22950	-9.68129
-0.77945	-0.21979	-0.58665	-2.19795
0.00000	0.00000	0.00000	1.00000

boidNo = 4
boid Wall No = 0
position = = (3.6, -7.4, -5.6)
Boid Radius= 10
Boid Frame=
 -0.92822	0.36108	0.08964	3.61082
-0.22852	-0.74348	0.62851	-7.43478
-0.29359	-0.56290	-0.77262	-5.62904
0.00000	0.00000	0.00000	1.00000

boidNo = 5
boid Wall No = 0
position = = (-3.5, -9.3, -0.8)
Boid Radius= 9.999999
Boid Frame=
 -0.10507	-0.34563	-0.93247	-3.45632
-0.04954	-0.93468	0.35203	-9.34676
0.99323	-0.08318	-0.08109	-0.83179
0.00000	0.00000	0.00000	1.00000

boidNo = 6
boid Wall No = 0
position = = (0.5, -10.0, -0.6)
Boid Radius= 10
Boid Frame=
 -0.99114	0.05088	0.12267	0.50877
-0.04335	-0.99706	0.06324	-9.97056
-0.12553	-0.05737	-0.99043	-0.57367
0.00000	0.00000	0.00000	1.00000

boidNo = 7
boid Wall No = 1
position = = (4.6, 5.9, -6.7)
Boid Radius= 10
Boid Frame=
 -0.31846	0.46084	-0.82838	4.60840
-0.59093	0.58678	0.55361	5.86782
-0.74120	-0.66582	-0.08546	-6.65818
0.00000	0.00000	0.00000	1.00000

boidNo = 8
boid Wall No = 1
position = = (0.0, 6.7, 7.5)
Boid Radius= 10
Boid Frame=
 0.86913	-0.00185	0.49458	-0.01849
-0.36754	0.66673	0.64837	6.66728
0.33095	0.74530	-0.57879	7.45299
0.00000	0.00000	0.00000	1.00000

boidNo = 9
boid Wall No = 1
position = = (0.4, 9.8, -1.7)
Boid Radius= 10
Boid Frame=
 -0.90262	0.03849	-0.42872	0.38491
-0.03880	0.98467	0.17008	9.84666
-0.42870	-0.17015	0.88728	-1.70154
0.00000	0.00000	0.00000	1.00000

