Iteration Num of Simuation:0
m_SimulationDeltaT of action plan:0
boidNo = 0
boid Wall No = 0
position = = (-7.2, -6.1, -3.3)
Boid Radius= 10
Boid Frame=
 0.54077	-0.72387	-0.42846	-7.23871
-0.79363	-0.60787	0.02533	-6.07872
0.27879	-0.32635	0.90320	-3.26347
0.00000	0.00000	0.00000	1.00000

boidNo = 1
boid Wall No = 0
position = = (0.6, -9.9, -0.9)
Boid Radius= 10
Boid Frame=
 -0.90524	0.06277	0.42023	0.62774
-0.01892	-0.99400	0.10772	-9.94002
-0.42447	-0.08956	-0.90100	-0.89557
0.00000	0.00000	0.00000	1.00000

boidNo = 2
boid Wall No = 0
position = = (3.0, -9.3, 2.1)
Boid Radius= 10
Boid Frame=
 0.54183	0.29933	0.78538	2.99329
-0.01556	-0.93070	0.36545	-9.30700
-0.84034	0.21024	0.49963	2.10235
0.00000	0.00000	0.00000	1.00000

boidNo = 3
boid Wall No = 1
position = = (-2.7, 1.9, -9.4)
Boid Radius= 10
Boid Frame=
 -0.67943	-0.27095	-0.68188	-2.70953
-0.73209	0.18802	0.65475	1.88018
0.04920	-0.94405	0.32611	-9.44052
0.00000	0.00000	0.00000	1.00000

boidNo = 4
boid Wall No = 1
position = = (-5.8, 5.4, 6.1)
Boid Radius= 10
Boid Frame=
 0.29955	-0.57795	0.75910	-5.77952
-0.55275	0.54338	0.63183	5.43377
0.77765	0.60886	0.15669	6.08863
0.00000	0.00000	0.00000	1.00000

boidNo = 5
boid Wall No = 1
position = = (-3.0, 5.4, 7.8)
Boid Radius= 10
Boid Frame=
 0.60115	-0.29943	0.74092	-2.99433
-0.53055	0.54380	0.65023	5.43796
0.59761	0.78398	-0.16804	7.83981
0.00000	0.00000	0.00000	1.00000

boidNo = 6
boid Wall No = 0
position = = (3.6, -7.7, 5.3)
Boid Radius= 10
Boid Frame=
 0.72729	0.36015	0.58425	3.60150
-0.12726	-0.76574	0.63044	-7.65737
-0.67443	0.53286	0.51108	5.32859
0.00000	0.00000	0.00000	1.00000

boidNo = 7
boid Wall No = 1
position = = (-6.9, 7.2, -0.8)
Boid Radius= 10
Boid Frame=
 -0.50789	-0.68885	0.51724	-6.88847
-0.40036	0.72042	0.56631	7.20418
0.76274	-0.08054	0.64168	-0.80540
0.00000	0.00000	0.00000	1.00000

boidNo = 8
boid Wall No = 0
position = = (-8.2, -2.9, -4.9)
Boid Radius= 10
Boid Frame=
 -0.24634	-0.82394	-0.51033	-8.23941
-0.59717	-0.28569	0.74951	-2.85686
0.76335	-0.48939	0.42166	-4.89392
0.00000	0.00000	0.00000	1.00000

boidNo = 9
boid Wall No = 0
position = = (-2.3, -5.0, 8.4)
Boid Radius= 9.999999
Boid Frame=
 0.88732	-0.22558	0.40220	-2.25584
-0.45997	-0.49524	0.73700	-4.95245
-0.03293	0.83895	0.54320	8.38954
0.00000	0.00000	0.00000	1.00000

boidNo = 10
boid Wall No = 0
position = = (-4.7, -1.7, 8.7)
Boid Radius= 9.999999
Boid Frame=
 0.50897	-0.47088	0.72057	-4.70881
-0.85324	-0.16543	0.49458	-1.65434
0.11368	0.86655	0.48598	8.66547
0.00000	0.00000	0.00000	1.00000

boidNo = 11
boid Wall No = 1
position = = (0.1, 4.0, 9.2)
Boid Radius= 10
Boid Frame=
 0.76586	0.01093	0.64291	0.10931
-0.59308	0.39828	0.69973	3.98284
0.24841	0.91720	-0.31151	9.17197
0.00000	0.00000	0.00000	1.00000

boidNo = 12
boid Wall No = 0
position = = (-4.8, -2.4, -8.4)
Boid Radius= 10
Boid Frame=
 -0.53300	-0.47815	-0.69806	-4.78154
-0.68352	-0.24295	0.68831	-2.42947
0.49871	-0.84401	0.19734	-8.44006
0.00000	0.00000	0.00000	1.00000

boidNo = 13
boid Wall No = 1
position = = (-3.6, 9.3, -1.2)
Boid Radius= 10
Boid Frame=
 -0.30702	-0.35784	0.88187	-3.57838
0.00113	0.92648	0.37634	9.26483
0.95170	-0.11654	0.28405	-1.16539
0.00000	0.00000	0.00000	1.00000

boidNo = 14
boid Wall No = 1
position = = (-1.7, 9.7, 1.4)
Boid Radius= 10
Boid Frame=
 0.62750	-0.16994	0.75984	-1.69935
-0.00591	0.97482	0.22290	9.74824
0.77859	0.14436	-0.61070	1.44359
0.00000	0.00000	0.00000	1.00000

boidNo = 15
boid Wall No = 1
position = = (-2.9, 7.0, 6.5)
Boid Radius= 10
Boid Frame=
 0.68620	-0.29368	0.66549	-2.93685
-0.32057	0.69914	0.63909	6.99141
0.65296	0.65188	-0.38561	6.51883
0.00000	0.00000	0.00000	1.00000

boidNo = 16
boid Wall No = 0
position = = (2.7, -9.4, 2.2)
Boid Radius= 10
Boid Frame=
 0.63871	0.26695	0.72165	2.66949
0.00328	-0.93882	0.34438	-9.38824
-0.76944	0.21760	0.60051	2.17598
0.00000	0.00000	0.00000	1.00000

boidNo = 17
boid Wall No = 1
position = = (5.6, 8.1, 1.8)
Boid Radius= 10
Boid Frame=
 0.57968	0.56426	-0.58786	5.64265
-0.23088	0.80561	0.54561	8.05610
-0.78145	0.18055	-0.59728	1.80551
0.00000	0.00000	0.00000	1.00000

boidNo = 18
boid Wall No = 1
position = = (0.2, 9.9, 1.6)
Boid Radius= 10
Boid Frame=
 0.94492	0.02025	0.32667	0.20248
-0.07233	0.98633	0.14809	9.86325
0.31920	0.16356	-0.93347	1.63563
0.00000	0.00000	0.00000	1.00000

boidNo = 19
boid Wall No = 1
position = = (6.3, 7.4, 2.3)
Boid Radius= 10
Boid Frame=
 0.74798	0.62965	-0.20993	6.29651
-0.49725	0.74110	0.45111	7.41105
-0.43963	0.23303	-0.86742	2.33031
0.00000	0.00000	0.00000	1.00000

boidNo = 20
boid Wall No = 0
position = = (2.4, -9.7, -0.3)
Boid Radius= 10
Boid Frame=
 -0.13630	0.23898	0.96141	2.38975
-0.00535	-0.97063	0.24051	-9.70633
-0.99065	-0.02764	-0.13357	-0.27636
0.00000	0.00000	0.00000	1.00000

boidNo = 21
boid Wall No = 0
position = = (9.6, -1.1, -2.6)
Boid Radius= 10
Boid Frame=
 -0.26976	0.95939	-0.08248	9.59388
-0.62633	-0.10976	0.77179	-1.09757
-0.73139	-0.25986	-0.63051	-2.59861
0.00000	0.00000	0.00000	1.00000

boidNo = 22
boid Wall No = 0
position = = (-0.7, -8.7, 4.9)
Boid Radius= 9.999999
Boid Frame=
 0.99369	-0.07499	-0.08345	-0.74988
-0.02382	-0.86786	0.49624	-8.67858
0.10964	0.49112	0.86416	4.91120
0.00000	0.00000	0.00000	1.00000

boidNo = 23
boid Wall No = 1
position = = (1.8, 4.6, -8.7)
Boid Radius= 10
Boid Frame=
 -0.67200	0.17658	-0.71919	1.76579
-0.59136	0.45662	0.66467	4.56625
-0.44577	-0.87196	0.20243	-8.71960
0.00000	0.00000	0.00000	1.00000

boidNo = 24
boid Wall No = 1
position = = (-3.8, 6.5, -6.5)
Boid Radius= 10
Boid Frame=
 -0.90777	-0.38034	-0.17689	-3.80341
-0.39926	0.65417	0.64238	6.54168
0.12861	-0.65376	0.74569	-6.53762
0.00000	0.00000	0.00000	1.00000

boidNo = 25
boid Wall No = 1
position = = (-6.3, 6.1, -4.8)
Boid Radius= 10
Boid Frame=
 -0.76909	-0.62729	0.12253	-6.27291
-0.38869	0.61122	0.68945	6.11218
0.50738	-0.48262	0.71390	-4.82617
0.00000	0.00000	0.00000	1.00000

boidNo = 26
boid Wall No = 0
position = = (-8.6, -5.1, -0.8)
Boid Radius= 10
Boid Frame=
 0.13965	-0.85539	-0.49880	-8.55392
-0.38060	-0.51141	0.77045	-5.11409
0.91413	-0.08225	0.39698	-0.82255
0.00000	0.00000	0.00000	1.00000

boidNo = 27
boid Wall No = 0
position = = (0.4, -9.8, -2.0)
Boid Radius= 10
Boid Frame=
 -0.99790	0.03724	0.05293	0.37241
-0.02566	-0.97850	0.20467	-9.78495
-0.05941	-0.20288	-0.97740	-2.02880
0.00000	0.00000	0.00000	1.00000

boidNo = 28
boid Wall No = 1
position = = (-6.2, 7.7, 1.4)
Boid Radius= 10
Boid Frame=
 -0.13110	-0.62118	0.77263	-6.21179
-0.27813	0.77110	0.57276	7.71098
0.95156	0.13980	0.27386	1.39800
0.00000	0.00000	0.00000	1.00000

boidNo = 29
boid Wall No = 1
position = = (-4.2, 1.0, -9.0)
Boid Radius= 10
Boid Frame=
 -0.59103	-0.42264	-0.68707	-4.22640
-0.78297	0.09569	0.61466	0.95694
0.19403	-0.90123	0.38747	-9.01232
0.00000	0.00000	0.00000	1.00000

boidNo = 30
boid Wall No = 0
position = = (-8.6, -3.9, -3.3)
Boid Radius= 10
Boid Frame=
 -0.11886	-0.86077	-0.49491	-8.60775
-0.46923	-0.39058	0.79201	-3.90578
0.87504	-0.32637	0.35748	-3.26368
0.00000	0.00000	0.00000	1.00000

boidNo = 31
boid Wall No = 0
position = = (4.5, -8.0, -3.8)
Boid Radius= 10
Boid Frame=
 -0.67646	0.45391	0.57997	4.53915
-0.03197	-0.80485	0.59262	-8.04846
-0.73579	-0.38234	-0.55895	-3.82342
0.00000	0.00000	0.00000	1.00000

boidNo = 32
boid Wall No = 1
position = = (2.0, 9.3, -3.2)
Boid Radius= 10
Boid Frame=
 -0.85110	0.19574	-0.48716	1.95741
-0.00064	0.92751	0.37379	9.27514
-0.52501	-0.31844	0.78928	-3.18438
0.00000	0.00000	0.00000	1.00000

boidNo = 33
boid Wall No = 1
position = = (3.6, 1.6, -9.2)
Boid Radius= 10
Boid Frame=
 -0.63397	0.35830	-0.68535	3.58302
-0.68324	0.15568	0.71340	1.55679
-0.36231	-0.92053	-0.14611	-9.20535
0.00000	0.00000	0.00000	1.00000

boidNo = 34
boid Wall No = 1
position = = (7.0, 3.0, -6.5)
Boid Radius= 10
Boid Frame=
 -0.38849	0.69594	-0.60394	6.95943
-0.60163	0.30486	0.73831	3.04864
-0.69794	-0.65017	-0.30026	-6.50170
0.00000	0.00000	0.00000	1.00000

boidNo = 35
boid Wall No = 1
position = = (-2.2, 3.8, 9.0)
Boid Radius= 9.999999
Boid Frame=
 0.65698	-0.21587	0.72235	-2.15866
-0.62516	0.37953	0.68200	3.79532
0.42138	0.89964	-0.11439	8.99643
0.00000	0.00000	0.00000	1.00000

boidNo = 36
boid Wall No = 0
position = = (-0.7, -9.4, 3.3)
Boid Radius= 10
Boid Frame=
 0.99327	-0.07447	-0.08870	-0.74468
-0.04039	-0.94052	0.33733	-9.40519
0.10855	0.33148	0.93720	3.31479
0.00000	0.00000	0.00000	1.00000

boidNo = 37
boid Wall No = 1
position = = (0.5, 9.5, 3.0)
Boid Radius= 9.999999
Boid Frame=
 0.92798	0.05486	0.36857	0.54858
-0.15833	0.95342	0.25674	9.53422
0.33732	0.29661	-0.89344	2.96611
0.00000	0.00000	0.00000	1.00000

boidNo = 38
boid Wall No = 0
position = = (-4.5, -8.2, -3.4)
Boid Radius= 10
Boid Frame=
 -0.63766	-0.45102	-0.62447	-4.51024
0.02859	-0.82397	0.56591	-8.23968
0.76978	-0.34301	-0.53831	-3.43008
0.00000	0.00000	0.00000	1.00000

boidNo = 39
boid Wall No = 0
position = = (6.0, -6.7, 4.5)
Boid Radius= 9.999999
Boid Frame=
 0.40825	0.59689	0.69069	5.96894
-0.22703	-0.66645	0.71014	-6.66450
-0.88419	0.44672	0.13657	4.46724
0.00000	0.00000	0.00000	1.00000

boidNo = 40
boid Wall No = 0
position = = (2.1, -1.6, 9.6)
Boid Radius= 10
Boid Frame=
 0.74147	0.21292	0.63631	2.12922
-0.61553	-0.16168	0.77135	-1.61678
-0.26712	0.96360	-0.01118	9.63600
0.00000	0.00000	0.00000	1.00000

boidNo = 41
boid Wall No = 1
position = = (-3.2, 3.5, -8.8)
Boid Radius= 10
Boid Frame=
 -0.75301	-0.32078	-0.57452	-3.20782
-0.65788	0.34967	0.66703	3.49671
0.01308	-0.88024	0.47434	-8.80244
0.00000	0.00000	0.00000	1.00000

boidNo = 42
boid Wall No = 0
position = = (-4.8, -2.6, 8.4)
Boid Radius= 10
Boid Frame=
 0.63582	-0.47836	0.60573	-4.78358
-0.76145	-0.26044	0.59361	-2.60435
0.12621	0.83866	0.52983	8.38658
0.00000	0.00000	0.00000	1.00000

boidNo = 43
boid Wall No = 1
position = = (-9.4, 3.3, 1.1)
Boid Radius= 10
Boid Frame=
 -0.13280	-0.93575	0.32672	-9.35745
-0.62717	0.33459	0.70336	3.34588
0.76748	0.11150	0.63131	1.11498
0.00000	0.00000	0.00000	1.00000

boidNo = 44
boid Wall No = 0
position = = (2.6, -2.0, -9.4)
Boid Radius= 10
Boid Frame=
 -0.76890	0.26348	-0.58255	2.63480
-0.63448	-0.20202	0.74607	-2.02022
-0.07889	-0.94327	-0.32251	-9.43274
0.00000	0.00000	0.00000	1.00000

boidNo = 45
boid Wall No = 0
position = = (-1.0, -9.2, -3.7)
Boid Radius= 9.999999
Boid Frame=
 -0.92473	-0.10425	0.36606	-1.04248
0.22690	-0.92317	0.31027	-9.23173
-0.30560	-0.36998	-0.87734	-3.69978
0.00000	0.00000	0.00000	1.00000

boidNo = 46
boid Wall No = 1
position = = (3.8, 9.2, -0.6)
Boid Radius= 9.999999
Boid Frame=
 -0.12413	0.37976	-0.91672	3.79764
-0.01525	0.92302	0.38444	9.23024
-0.99215	-0.06170	0.10878	-0.61699
0.00000	0.00000	0.00000	1.00000

boidNo = 47
boid Wall No = 0
position = = (0.2, -10.0, -0.1)
Boid Radius= 10
Boid Frame=
 -0.17915	0.01510	0.98371	0.15099
0.00433	-0.99986	0.01614	-9.99861
-0.98381	-0.00715	-0.17906	-0.07154
0.00000	0.00000	0.00000	1.00000

boidNo = 48
boid Wall No = 0
position = = (3.0, -1.2, 9.5)
Boid Radius= 10
Boid Frame=
 0.70657	0.29752	0.64205	2.97523
-0.63852	-0.12305	0.75970	-1.23050
-0.30503	0.94675	-0.10303	9.46752
0.00000	0.00000	0.00000	1.00000

boidNo = 49
boid Wall No = 0
position = = (2.9, -7.2, -6.3)
Boid Radius= 10
Boid Frame=
 -0.95040	0.29301	0.10428	2.93011
-0.14829	-0.72164	0.67620	-7.21639
-0.27339	-0.62720	-0.72930	-6.27201
0.00000	0.00000	0.00000	1.00000

