Iteration Num of Simuation:0
m_SimulationDeltaT of action plan:0
boidNo = 0
boid Wall No = 0
position = = (4.3, -9.0, -0.2)
Boid Radius= 10
Boid Frame=
 -0.04831	0.43402	0.89961	4.34016
0.00362	-0.90058	0.43468	-9.00578
-0.99883	-0.02426	-0.04193	-0.24260
0.00000	0.00000	0.00000	1.00000

boidNo = 1
boid Wall No = 1
position = = (1.9, 7.3, -6.6)
Boid Radius= 10
Boid Frame=
 -0.75151	0.18837	-0.63226	1.88367
-0.32458	0.72878	0.60293	7.28784
-0.57435	-0.65832	0.48655	-6.58325
0.00000	0.00000	0.00000	1.00000

boidNo = 2
boid Wall No = 1
position = = (-7.3, 1.9, 6.6)
Boid Radius= 9.999999
Boid Frame=
 0.38770	-0.73104	0.56149	-7.31042
-0.67596	0.18867	0.71238	1.88666
0.62671	0.65573	0.42101	6.55730
0.00000	0.00000	0.00000	1.00000

boidNo = 3
boid Wall No = 1
position = = (0.1, 9.8, -2.1)
Boid Radius= 10
Boid Frame=
 -0.82928	0.00986	-0.55874	0.09859
-0.10912	0.97774	0.17921	9.77741
-0.54807	-0.20958	0.80975	-2.09584
0.00000	0.00000	0.00000	1.00000

boidNo = 4
boid Wall No = 1
position = = (-0.3, 9.6, 2.9)
Boid Radius= 10
Boid Frame=
 0.91797	-0.03414	0.39518	-0.34142
-0.08440	0.95666	0.27870	9.56663
0.38757	0.28919	-0.87530	2.89189
0.00000	0.00000	0.00000	1.00000

boidNo = 5
boid Wall No = 1
position = = (-4.2, 8.0, 4.3)
Boid Radius= 10
Boid Frame=
 0.46709	-0.41688	0.77977	-4.16884
-0.21462	0.80205	0.55736	8.02053
0.85777	0.42769	-0.28516	4.27690
0.00000	0.00000	0.00000	1.00000

boidNo = 6
boid Wall No = 0
position = = (-1.8, -4.5, -8.7)
Boid Radius= 10
Boid Frame=
 -0.64129	-0.18021	-0.74583	-1.80210
-0.61992	-0.45110	0.64203	-4.51102
0.45215	-0.87409	-0.17757	-8.74089
0.00000	0.00000	0.00000	1.00000

boidNo = 7
boid Wall No = 1
position = = (3.5, 4.1, -8.4)
Boid Radius= 10
Boid Frame=
 -0.62310	0.35344	-0.69773	3.53439
-0.56931	0.40673	0.71446	4.06735
-0.53631	-0.84241	0.05222	-8.42406
0.00000	0.00000	0.00000	1.00000

boidNo = 8
boid Wall No = 0
position = = (-6.8, -5.2, 5.1)
Boid Radius= 10
Boid Frame=
 0.69314	-0.68046	0.23776	-6.80461
-0.68703	-0.52390	0.50351	-5.23900
0.21806	0.51235	0.83063	5.12350
0.00000	0.00000	0.00000	1.00000

boidNo = 9
boid Wall No = 1
position = = (-5.3, 6.8, 5.1)
Boid Radius= 10
Boid Frame=
 0.35608	-0.52928	0.77011	-5.29276
-0.36377	0.68061	0.63596	6.80608
0.86074	0.50660	-0.04981	5.06597
0.00000	0.00000	0.00000	1.00000

boidNo = 10
boid Wall No = 0
position = = (4.7, -6.8, -5.7)
Boid Radius= 10
Boid Frame=
 -0.84474	0.46564	-0.26379	4.65644
-0.53201	-0.67709	0.50844	-6.77095
-0.05814	-0.56984	-0.81970	-5.69841
0.00000	0.00000	0.00000	1.00000

boidNo = 11
boid Wall No = 1
position = = (-0.5, 9.7, -2.5)
Boid Radius= 10
Boid Frame=
 -0.96880	-0.04670	-0.24340	-0.46701
-0.10377	0.96830	0.22723	9.68297
-0.22507	-0.24540	0.94293	-2.45398
0.00000	0.00000	0.00000	1.00000

boidNo = 12
boid Wall No = 0
position = = (6.4, -1.9, 7.4)
Boid Radius= 10
Boid Frame=
 0.43551	0.64161	0.63141	6.41605
-0.70906	-0.18763	0.67973	-1.87629
-0.55459	0.74373	-0.37322	7.43733
0.00000	0.00000	0.00000	1.00000

boidNo = 13
boid Wall No = 1
position = = (9.4, 3.5, -0.6)
Boid Radius= 10
Boid Frame=
 0.15739	0.93625	-0.31412	9.36247
-0.57121	0.34578	0.74442	3.45781
-0.80557	-0.06227	-0.58921	-0.62267
0.00000	0.00000	0.00000	1.00000

boidNo = 14
boid Wall No = 1
position = = (-0.6, 7.6, -6.4)
Boid Radius= 10
Boid Frame=
 -0.94730	-0.05756	-0.31514	-0.57559
-0.24558	0.76217	0.59898	7.62174
-0.20572	-0.64481	0.73614	-6.44809
0.00000	0.00000	0.00000	1.00000

boidNo = 15
boid Wall No = 1
position = = (0.8, 9.7, 2.4)
Boid Radius= 10
Boid Frame=
 0.95681	0.08160	0.27904	0.81598
-0.14335	0.96743	0.20863	9.67432
0.25293	0.23962	-0.93734	2.39619
0.00000	0.00000	0.00000	1.00000

boidNo = 16
boid Wall No = 0
position = = (2.3, -3.3, -9.2)
Boid Radius= 10
Boid Frame=
 -0.70063	0.22859	-0.67592	2.28587
-0.70893	-0.33027	0.62316	-3.30274
0.08079	-0.91579	-0.39345	-9.15788
0.00000	0.00000	0.00000	1.00000

boidNo = 17
boid Wall No = 1
position = = (-0.5, 8.9, 4.5)
Boid Radius= 10
Boid Frame=
 0.89363	-0.04837	0.44619	-0.48375
-0.16366	0.89060	0.42433	8.90596
0.41790	0.45221	-0.78795	4.52215
0.00000	0.00000	0.00000	1.00000

boidNo = 18
boid Wall No = 1
position = = (6.3, 7.7, 0.3)
Boid Radius= 10
Boid Frame=
 0.39084	0.63384	-0.66746	6.33836
-0.28501	0.77283	0.56701	7.72831
-0.87522	0.03138	-0.48270	0.31379
0.00000	0.00000	0.00000	1.00000

boidNo = 19
boid Wall No = 0
position = = (-2.2, -9.5, 2.1)
Boid Radius= 10
Boid Frame=
 0.68382	-0.22042	-0.69556	-2.20418
0.00213	-0.95267	0.30399	-9.52673
0.72965	0.20936	0.65098	2.09356
0.00000	0.00000	0.00000	1.00000

boidNo = 20
boid Wall No = 1
position = = (1.6, 9.1, -3.8)
Boid Radius= 10
Boid Frame=
 -0.90688	0.16149	-0.38922	1.61486
-0.01323	0.91229	0.40934	9.12287
-0.42118	-0.37637	0.82520	-3.76370
0.00000	0.00000	0.00000	1.00000

boidNo = 21
boid Wall No = 0
position = = (3.4, -9.3, 1.4)
Boid Radius= 10
Boid Frame=
 0.45571	0.33569	0.82440	3.35692
0.02596	-0.93078	0.36466	-9.30779
-0.88975	0.14478	0.43288	1.44783
0.00000	0.00000	0.00000	1.00000

boidNo = 22
boid Wall No = 0
position = = (-4.4, -5.9, -6.8)
Boid Radius= 10
Boid Frame=
 -0.39470	-0.43951	-0.80687	-4.39515
-0.54791	-0.59235	0.59069	-5.92349
0.73756	-0.67524	0.00701	-6.75241
0.00000	0.00000	0.00000	1.00000

boidNo = 23
boid Wall No = 0
position = = (-6.7, -5.6, 5.0)
Boid Radius= 9.999999
Boid Frame=
 0.70543	-0.66768	0.23786	-6.67675
-0.68463	-0.55503	0.47246	-5.55027
0.18343	0.49614	0.84865	4.96140
0.00000	0.00000	0.00000	1.00000

boidNo = 24
boid Wall No = 1
position = = (2.4, 9.7, -0.8)
Boid Radius= 10
Boid Frame=
 -0.09112	0.24307	-0.96572	2.43072
-0.05535	0.96702	0.24862	9.67018
-0.99430	-0.07611	0.07466	-0.76112
0.00000	0.00000	0.00000	1.00000

boidNo = 25
boid Wall No = 1
position = = (0.3, 9.8, 1.9)
Boid Radius= 10
Boid Frame=
 0.96073	0.02592	-0.27626	0.25922
0.02777	0.98164	0.18869	9.81644
-0.27608	0.18896	-0.94238	1.88955
0.00000	0.00000	0.00000	1.00000

boidNo = 26
boid Wall No = 0
position = = (-8.2, -3.6, 4.5)
Boid Radius= 10
Boid Frame=
 0.57433	-0.81853	-0.01217	-8.18533
-0.49765	-0.36090	0.78873	-3.60903
0.64999	0.44694	0.61462	4.46938
0.00000	0.00000	0.00000	1.00000

boidNo = 27
boid Wall No = 1
position = = (-7.3, 4.8, -4.9)
Boid Radius= 10
Boid Frame=
 -0.65342	-0.72626	-0.21349	-7.26263
-0.70399	0.47933	0.52406	4.79334
0.27827	-0.49273	0.82449	-4.92728
0.00000	0.00000	0.00000	1.00000

boidNo = 28
boid Wall No = 1
position = = (0.5, 8.4, -5.5)
Boid Radius= 10
Boid Frame=
 -0.90318	0.05220	-0.42608	0.52195
-0.19431	0.83536	0.51421	8.35363
-0.38277	-0.54722	0.74434	-5.47215
0.00000	0.00000	0.00000	1.00000

boidNo = 29
boid Wall No = 0
position = = (1.5, -9.5, 2.6)
Boid Radius= 10
Boid Frame=
 0.90504	0.14840	0.39861	1.48397
0.02489	-0.95403	0.29867	-9.54032
-0.42461	0.26039	0.86713	2.60388
0.00000	0.00000	0.00000	1.00000

boidNo = 30
boid Wall No = 1
position = = (5.2, 7.7, 3.6)
Boid Radius= 10
Boid Frame=
 0.76487	0.52305	-0.37603	5.23049
-0.24172	0.77411	0.58509	7.74107
-0.59712	0.35662	-0.71852	3.56621
0.00000	0.00000	0.00000	1.00000

boidNo = 31
boid Wall No = 1
position = = (6.7, 2.7, 6.9)
Boid Radius= 9.999999
Boid Frame=
 0.66295	0.67489	0.32406	6.74890
-0.63308	0.27431	0.72386	2.74306
-0.39963	0.68504	-0.60911	6.85040
0.00000	0.00000	0.00000	1.00000

boidNo = 32
boid Wall No = 0
position = = (-2.7, -7.2, -6.4)
Boid Radius= 10
Boid Frame=
 -0.85307	-0.26539	-0.44927	-2.65390
-0.13115	-0.72431	0.67688	-7.24314
0.50505	-0.63635	-0.58308	-6.36347
0.00000	0.00000	0.00000	1.00000

boidNo = 33
boid Wall No = 1
position = = (-0.7, 8.5, 5.3)
Boid Radius= 10
Boid Frame=
 0.93436	-0.06548	0.35026	-0.65483
-0.13356	0.84695	0.51462	8.46950
0.33035	0.52763	-0.78261	5.27625
0.00000	0.00000	0.00000	1.00000

boidNo = 34
boid Wall No = 1
position = = (2.2, 9.2, -3.2)
Boid Radius= 10
Boid Frame=
 -0.81598	0.21944	-0.53481	2.19441
-0.00582	0.92198	0.38719	9.21983
-0.57805	-0.31905	0.75104	-3.19051
0.00000	0.00000	0.00000	1.00000

boidNo = 35
boid Wall No = 1
position = = (-5.1, 6.8, 5.2)
Boid Radius= 10
Boid Frame=
 0.39199	-0.51015	0.76557	-5.10153
-0.35458	0.68409	0.63741	6.84091
0.84889	0.52131	-0.08726	5.21310
0.00000	0.00000	0.00000	1.00000

boidNo = 36
boid Wall No = 1
position = = (-8.2, 5.6, 0.9)
Boid Radius= 10
Boid Frame=
 -0.30924	-0.82125	0.47950	-8.21245
-0.56670	0.56406	0.60058	5.64056
0.76369	0.08601	0.63983	0.86008
0.00000	0.00000	0.00000	1.00000

boidNo = 37
boid Wall No = 1
position = = (9.2, 1.8, -3.6)
Boid Radius= 10
Boid Frame=
 -0.10858	0.91554	-0.38731	9.15535
-0.75893	0.17530	0.62713	1.75298
-0.64206	-0.36203	-0.67579	-3.62031
0.00000	0.00000	0.00000	1.00000

boidNo = 38
boid Wall No = 0
position = = (-5.0, -1.0, -8.6)
Boid Radius= 10
Boid Frame=
 -0.39455	-0.50361	-0.76857	-5.03615
-0.85824	-0.09681	0.50403	-0.96815
0.32824	-0.85849	0.39403	-8.58487
0.00000	0.00000	0.00000	1.00000

boidNo = 39
boid Wall No = 1
position = = (0.1, 10.0, -0.7)
Boid Radius= 10
Boid Frame=
 -0.55642	0.01285	-0.83080	0.12851
-0.05066	0.99750	0.04936	9.97496
-0.82935	-0.06955	0.55438	-0.69554
0.00000	0.00000	0.00000	1.00000

boidNo = 40
boid Wall No = 1
position = = (-9.3, 3.5, 1.2)
Boid Radius= 10
Boid Frame=
 -0.13303	-0.92822	0.34744	-9.28219
-0.61421	0.35233	0.70612	3.52334
0.77785	0.11946	0.61699	1.19460
0.00000	0.00000	0.00000	1.00000

boidNo = 41
boid Wall No = 0
position = = (-7.0, -0.5, -7.1)
Boid Radius= 10
Boid Frame=
 -0.39881	-0.69861	-0.59405	-6.98606
-0.80153	-0.04918	0.59593	-0.49184
0.44554	-0.71381	0.54034	-7.13814
0.00000	0.00000	0.00000	1.00000

boidNo = 42
boid Wall No = 0
position = = (1.9, -7.6, -6.2)
Boid Radius= 9.999999
Boid Frame=
 -0.98151	0.18641	0.04346	1.86410
-0.11651	-0.76197	0.63705	-7.61970
-0.15187	-0.62020	-0.76960	-6.20204
0.00000	0.00000	0.00000	1.00000

boidNo = 43
boid Wall No = 0
position = = (2.7, -7.9, -5.5)
Boid Radius= 10
Boid Frame=
 -0.92243	0.27128	0.27484	2.71284
-0.04860	-0.78758	0.61429	-7.87581
-0.38311	-0.55328	-0.73967	-5.53282
0.00000	0.00000	0.00000	1.00000

boidNo = 44
boid Wall No = 0
position = = (-3.8, -9.2, 0.0)
Boid Radius= 10
Boid Frame=
 0.28230	-0.38011	-0.88081	-3.80110
-0.11475	-0.92494	0.36238	-9.24941
0.95244	0.00122	0.30473	0.01224
0.00000	0.00000	0.00000	1.00000

boidNo = 45
boid Wall No = 0
position = = (8.1, -3.1, 5.0)
Boid Radius= 10
Boid Frame=
 0.26130	0.80777	0.52842	8.07774
-0.57723	-0.30800	0.75627	-3.07998
-0.77365	0.50263	-0.38579	5.02631
0.00000	0.00000	0.00000	1.00000

boidNo = 46
boid Wall No = 0
position = = (4.5, -8.3, 3.3)
Boid Radius= 10
Boid Frame=
 0.54363	0.44693	0.71044	4.46926
-0.04286	-0.83055	0.55529	-8.30553
-0.83823	0.33232	0.43236	3.32323
0.00000	0.00000	0.00000	1.00000

boidNo = 47
boid Wall No = 1
position = = (3.4, 4.1, -8.5)
Boid Radius= 10
Boid Frame=
 -0.66612	0.33698	-0.66537	3.36980
-0.53069	0.41270	0.74030	4.12701
-0.52407	-0.84624	0.09608	-8.46240
0.00000	0.00000	0.00000	1.00000

boidNo = 48
boid Wall No = 0
position = = (0.0, -10.0, -0.7)
Boid Radius= 10
Boid Frame=
 -0.99706	0.00489	0.07641	0.04895
0.00068	-0.99735	0.07280	-9.97347
-0.07656	-0.07263	-0.99442	-0.72634
0.00000	0.00000	0.00000	1.00000

boidNo = 49
boid Wall No = 1
position = = (2.6, 9.4, -2.1)
Boid Radius= 10
Boid Frame=
 -0.48524	0.25904	-0.83513	2.59040
-0.05848	0.94336	0.32659	9.43355
-0.87242	-0.20731	0.44260	-2.07314
0.00000	0.00000	0.00000	1.00000

