Iteration Num of Simuation:0
m_SimulationDeltaT of action plan:0
boidNo = 0
boid Wall No = 0
position = = (-7.5, -5.2, -4.2)
Boid Radius= 10
Boid Frame=
 -0.19753	-0.74781	-0.63384	-7.47812
-0.42383	-0.51788	0.74308	-5.17884
0.88394	-0.41542	0.21464	-4.15420
0.00000	0.00000	0.00000	1.00000

boidNo = 1
boid Wall No = 1
position = = (3.3, 9.3, 1.6)
Boid Radius= 10
Boid Frame=
 0.52891	0.33286	-0.78068	3.32864
-0.04475	0.92953	0.36602	9.29532
-0.84750	0.15866	-0.50653	1.58656
0.00000	0.00000	0.00000	1.00000

boidNo = 2
boid Wall No = 0
position = = (4.7, -7.7, -4.2)
Boid Radius= 10
Boid Frame=
 -0.80930	0.47027	0.35195	4.70274
-0.18631	-0.77375	0.60547	-7.73755
-0.55706	-0.42444	-0.71382	-4.24436
0.00000	0.00000	0.00000	1.00000

boidNo = 3
boid Wall No = 0
position = = (3.4, -8.2, -4.6)
Boid Radius= 10
Boid Frame=
 -0.88502	0.33592	0.32232	3.35919
-0.10576	-0.81933	0.56348	-8.19329
-0.45337	-0.46461	-0.76065	-4.64606
0.00000	0.00000	0.00000	1.00000

boidNo = 4
boid Wall No = 1
position = = (1.3, 9.9, 0.9)
Boid Radius= 10
Boid Frame=
 0.99147	0.12937	-0.01603	1.29369
-0.12734	0.98747	0.09316	9.87474
-0.02788	0.09033	-0.99552	0.90329
0.00000	0.00000	0.00000	1.00000

boidNo = 5
boid Wall No = 1
position = = (3.8, 4.9, -7.8)
Boid Radius= 9.999999
Boid Frame=
 -0.55393	0.38400	-0.73872	3.84000
-0.55189	0.49498	0.67113	4.94980
-0.62337	-0.77945	0.06226	-7.79448
0.00000	0.00000	0.00000	1.00000

boidNo = 6
boid Wall No = 0
position = = (6.8, -6.6, 3.2)
Boid Radius= 9.999999
Boid Frame=
 0.23419	0.67633	0.69838	6.76334
-0.21891	-0.66322	0.71569	-6.63220
-0.94722	0.32049	0.00726	3.20488
0.00000	0.00000	0.00000	1.00000

boidNo = 7
boid Wall No = 0
position = = (6.9, -5.6, 4.6)
Boid Radius= 10
Boid Frame=
 0.31835	0.68912	0.65098	6.89116
-0.33622	-0.55998	0.75722	-5.59981
-0.88634	0.45994	-0.05343	4.59935
0.00000	0.00000	0.00000	1.00000

boidNo = 8
boid Wall No = 0
position = = (-9.8, -1.4, -1.4)
Boid Radius= 9.999999
Boid Frame=
 -0.03901	-0.98005	-0.19489	-9.80050
-0.57537	-0.13742	0.80626	-1.37425
0.81696	-0.14358	0.55853	-1.43585
0.00000	0.00000	0.00000	1.00000

boidNo = 9
boid Wall No = 1
position = = (0.1, 9.8, -1.7)
Boid Radius= 10
Boid Frame=
 -0.99702	0.00845	-0.07674	0.08450
-0.00507	0.98469	0.17424	9.84690
-0.07703	-0.17411	0.98171	-1.74109
0.00000	0.00000	0.00000	1.00000

boidNo = 10
boid Wall No = 0
position = = (-4.7, -8.7, -1.4)
Boid Radius= 10
Boid Frame=
 -0.40561	-0.46601	-0.78633	-4.66008
0.06776	-0.87324	0.48256	-8.73239
0.91153	-0.14245	-0.38577	-1.42446
0.00000	0.00000	0.00000	1.00000

boidNo = 11
boid Wall No = 1
position = = (1.9, 9.8, 1.1)
Boid Radius= 10
Boid Frame=
 0.93274	0.18819	-0.30753	1.88189
-0.14260	0.97598	0.16472	9.75978
-0.33114	0.10979	-0.93717	1.09786
0.00000	0.00000	0.00000	1.00000

boidNo = 12
boid Wall No = 0
position = = (6.2, -6.2, -4.8)
Boid Radius= 10
Boid Frame=
 -0.48997	0.62151	-0.61127	6.21513
-0.78531	-0.61910	0.00000	-6.19099
0.37844	-0.48004	-0.79142	-4.80039
0.00000	0.00000	0.00000	1.00000

boidNo = 13
boid Wall No = 1
position = = (6.1, 5.5, 5.7)
Boid Radius= 10
Boid Frame=
 0.79349	0.60789	0.02902	6.07887
-0.45051	0.55467	0.69956	5.54667
-0.40916	0.56817	-0.71398	5.68170
0.00000	0.00000	0.00000	1.00000

boidNo = 14
boid Wall No = 1
position = = (-5.3, 8.5, -0.1)
Boid Radius= 9.999999
Boid Frame=
 -0.30446	-0.52691	0.79352	-5.26910
-0.17894	0.84987	0.49567	8.49875
0.93556	-0.00892	0.35304	-0.08920
0.00000	0.00000	0.00000	1.00000

boidNo = 15
boid Wall No = 1
position = = (-6.6, 7.5, 0.2)
Boid Radius= 10
Boid Frame=
 -0.47149	-0.66097	0.58379	-6.60969
-0.43840	0.75008	0.49517	7.50077
0.76518	0.02246	0.64342	0.22465
0.00000	0.00000	0.00000	1.00000

boidNo = 16
boid Wall No = 1
position = = (0.0, 10.0, 0.8)
Boid Radius= 10
Boid Frame=
 0.99544	0.00161	0.09538	0.01615
-0.00897	0.99701	0.07670	9.97014
0.09498	0.07721	-0.99248	0.77210
0.00000	0.00000	0.00000	1.00000

boidNo = 17
boid Wall No = 1
position = = (-7.9, 5.9, 1.6)
Boid Radius= 10
Boid Frame=
 -0.18499	-0.79084	0.58340	-7.90839
-0.48063	0.59061	0.64821	5.90609
0.85719	0.16049	0.48936	1.60486
0.00000	0.00000	0.00000	1.00000

boidNo = 18
boid Wall No = 1
position = = (-5.0, 8.0, -3.3)
Boid Radius= 10
Boid Frame=
 -0.71934	-0.50052	0.48170	-5.00516
-0.17427	0.80129	0.57234	8.01287
0.67245	-0.32776	0.66362	-3.27756
0.00000	0.00000	0.00000	1.00000

boidNo = 19
boid Wall No = 0
position = = (0.5, -9.8, -1.7)
Boid Radius= 10
Boid Frame=
 -0.99355	0.05406	0.09967	0.54056
-0.03575	-0.98355	0.17708	-9.83548
-0.10760	-0.17237	-0.97914	-1.72370
0.00000	0.00000	0.00000	1.00000

