Iteration Num of Simuation:0
m_SimulationDeltaT of action plan:0
boidNo = 0
boid Wall No = 0
position = = (-0.5, -9.8, 1.8)
Boid Radius= 10
Boid Frame=
 0.96917	-0.05031	-0.24121	-0.50310
-0.00551	-0.98312	0.18290	-9.83116
0.24634	0.17593	0.95308	1.75929
0.00000	0.00000	0.00000	1.00000

boidNo = 1
boid Wall No = 0
position = = (5.9, -1.1, 8.0)
Boid Radius= 10
Boid Frame=
 0.48281	0.59495	0.64260	5.94945
-0.74591	-0.10507	0.65771	-1.05075
-0.45882	0.79687	-0.39304	7.96869
0.00000	0.00000	0.00000	1.00000

boidNo = 2
boid Wall No = 0
position = = (-4.9, -7.3, 4.7)
Boid Radius= 10
Boid Frame=
 0.80414	-0.48707	-0.34078	-4.87066
-0.16613	-0.73457	0.65788	-7.34567
0.57076	0.47242	0.67161	4.72416
0.00000	0.00000	0.00000	1.00000

boidNo = 3
boid Wall No = 1
position = = (-1.5, 9.2, -3.7)
Boid Radius= 9.999999
Boid Frame=
 -0.92481	-0.14953	0.34981	-1.49528
0.00104	0.91853	0.39536	9.18525
0.38043	-0.36600	0.84931	-3.65996
0.00000	0.00000	0.00000	1.00000

boidNo = 4
boid Wall No = 1
position = = (2.0, 2.0, 9.6)
Boid Radius= 10
Boid Frame=
 0.71865	0.19930	0.66620	1.99298
-0.69536	0.19956	0.69040	1.99562
-0.00465	0.95940	-0.28200	9.59404
0.00000	0.00000	0.00000	1.00000

boidNo = 5
boid Wall No = 0
position = = (-1.6, -9.8, 1.3)
Boid Radius= 10
Boid Frame=
 0.59069	-0.16363	-0.79013	-1.63634
0.00887	-0.97785	0.20914	-9.77846
0.80685	0.13054	0.57616	1.30542
0.00000	0.00000	0.00000	1.00000

boidNo = 6
boid Wall No = 0
position = = (7.9, -3.6, 5.0)
Boid Radius= 10
Boid Frame=
 -0.13713	0.78763	0.60070	7.87629
-0.89431	-0.35919	0.26681	-3.59193
-0.42591	0.50062	-0.75364	5.00621
0.00000	0.00000	0.00000	1.00000

boidNo = 7
boid Wall No = 1
position = = (1.5, 7.6, 6.3)
Boid Radius= 9.999999
Boid Frame=
 0.86549	0.14789	0.47860	1.47889
-0.40861	0.76111	0.50373	7.61112
0.28977	0.63154	-0.71916	6.31535
0.00000	0.00000	0.00000	1.00000

boidNo = 8
boid Wall No = 1
position = = (-6.2, 7.8, -0.7)
Boid Radius= 10
Boid Frame=
 -0.41140	-0.61954	0.66852	-6.19540
-0.25044	0.78207	0.57065	7.82072
0.87637	-0.06734	0.47690	-0.67339
0.00000	0.00000	0.00000	1.00000

boidNo = 9
boid Wall No = 1
position = = (-0.1, 9.8, 2.1)
Boid Radius= 10
Boid Frame=
 0.98790	-0.00858	0.15486	-0.08575
-0.02422	0.97769	0.20866	9.77689
0.15319	0.20988	-0.96565	2.09882
0.00000	0.00000	0.00000	1.00000

boidNo = 10
boid Wall No = 0
position = = (-0.6, -5.3, -8.5)
Boid Radius= 10
Boid Frame=
 -0.88550	-0.06483	-0.46010	-0.64831
-0.36173	-0.52532	0.77019	-5.25316
0.29163	-0.84843	-0.44172	-8.48434
0.00000	0.00000	0.00000	1.00000

boidNo = 11
boid Wall No = 1
position = = (-0.1, 4.7, -8.8)
Boid Radius= 10
Boid Frame=
 -0.82567	-0.00935	-0.56408	-0.09347
-0.50274	0.46585	0.72817	4.65850
-0.25597	-0.88481	0.38934	-8.84815
0.00000	0.00000	0.00000	1.00000

boidNo = 12
boid Wall No = 1
position = = (-0.2, 9.8, -2.0)
Boid Radius= 10
Boid Frame=
 -0.74846	-0.02455	-0.66272	-0.24555
-0.15039	0.97956	0.13355	9.79564
-0.64590	-0.19963	0.73686	-1.99628
0.00000	0.00000	0.00000	1.00000

boidNo = 13
boid Wall No = 1
position = = (9.9, 0.8, -0.8)
Boid Radius= 10
Boid Frame=
 0.00996	0.99352	-0.11323	9.93519
-0.75637	0.08155	0.64904	0.81554
-0.65406	-0.07917	-0.75228	-0.79175
0.00000	0.00000	0.00000	1.00000

boidNo = 14
boid Wall No = 0
position = = (-5.3, -8.5, 0.0)
Boid Radius= 9.999999
Boid Frame=
 -0.14593	-0.53365	-0.83302	-5.33651
0.09478	-0.84570	0.52517	-8.45701
0.98474	0.00232	-0.17400	0.02316
0.00000	0.00000	0.00000	1.00000

boidNo = 15
boid Wall No = 1
position = = (-3.5, 9.3, 0.9)
Boid Radius= 10
Boid Frame=
 0.29911	-0.35287	0.88658	-3.52871
0.01746	0.93098	0.36465	9.30980
0.95406	0.09359	-0.28462	0.93587
0.00000	0.00000	0.00000	1.00000

boidNo = 16
boid Wall No = 0
position = = (-0.4, -1.7, -9.8)
Boid Radius= 10
Boid Frame=
 -0.73936	-0.03606	-0.67235	-0.36063
-0.65842	-0.17016	0.73317	-1.70158
0.14085	-0.98476	-0.10206	-9.84757
0.00000	0.00000	0.00000	1.00000

boidNo = 17
boid Wall No = 1
position = = (6.9, 6.6, -3.0)
Boid Radius= 10
Boid Frame=
 -0.02732	0.68516	-0.72788	6.85157
-0.39373	0.66192	0.63784	6.61918
-0.91882	-0.30401	-0.25168	-3.04013
0.00000	0.00000	0.00000	1.00000

boidNo = 18
boid Wall No = 0
position = = (5.2, -8.3, 2.1)
Boid Radius= 10
Boid Frame=
 0.27068	0.51770	0.81162	5.17695
-0.06841	-0.83062	0.55263	-8.30616
-0.96024	0.20511	0.18941	2.05106
0.00000	0.00000	0.00000	1.00000

boidNo = 19
boid Wall No = 0
position = = (0.1, -10.0, 0.5)
Boid Radius= 10
Boid Frame=
 0.99914	0.00645	0.04090	0.06451
0.00449	-0.99884	0.04788	-9.98843
-0.04116	0.04765	0.99802	0.47655
0.00000	0.00000	0.00000	1.00000

