Iteration Num of Simuation:0
m_SimulationDeltaT of action plan:0
boidNo = 0
boid Wall No = 1
position = = (3.8, 3.5, -8.5)
Boid Radius= 10
Boid Frame=
 -0.59945	0.38302	-0.70282	3.83021
-0.60978	0.35026	0.71097	3.50261
-0.51849	-0.85476	-0.02360	-8.54759
0.00000	0.00000	0.00000	1.00000

boidNo = 1
boid Wall No = 1
position = = (-5.3, 7.7, 3.5)
Boid Radius= 10
Boid Frame=
 0.15478	-0.52855	0.83468	-5.28547
-0.32353	0.77116	0.54832	7.71155
0.93347	0.35491	0.05164	3.54906
0.00000	0.00000	0.00000	1.00000

boidNo = 2
boid Wall No = 1
position = = (0.5, 9.9, -0.9)
Boid Radius= 10
Boid Frame=
 -0.49629	0.04803	-0.86683	0.48035
-0.05601	0.99462	0.08718	9.94616
-0.86635	-0.09182	0.49093	-0.91820
0.00000	0.00000	0.00000	1.00000

boidNo = 3
boid Wall No = 0
position = = (-1.8, -0.1, 9.8)
Boid Radius= 10
Boid Frame=
 0.78950	-0.18452	0.58535	-1.84525
-0.59734	-0.01199	0.80190	-0.11991
0.14095	0.98275	0.11969	9.82755
0.00000	0.00000	0.00000	1.00000

boidNo = 4
boid Wall No = 0
position = = (-6.1, -7.8, -1.5)
Boid Radius= 10
Boid Frame=
 -0.17053	-0.61036	-0.77355	-6.10355
-0.05831	-0.77743	0.62627	-7.77426
0.98363	-0.15190	-0.09699	-1.51904
0.00000	0.00000	0.00000	1.00000

boidNo = 5
boid Wall No = 0
position = = (2.3, -9.4, 2.5)
Boid Radius= 9.999999
Boid Frame=
 0.65713	0.23206	0.71717	2.32060
-0.03764	-0.94014	0.33870	-9.40143
-0.75284	0.24956	0.60906	2.49558
0.00000	0.00000	0.00000	1.00000

boidNo = 6
boid Wall No = 1
position = = (5.7, 8.1, -1.4)
Boid Radius= 10
Boid Frame=
 0.06158	0.57458	-0.81613	5.74580
-0.20928	0.80694	0.55232	8.06936
-0.97591	-0.13679	-0.16994	-1.36789
0.00000	0.00000	0.00000	1.00000

boidNo = 7
boid Wall No = 1
position = = (8.6, 1.8, 4.8)
Boid Radius= 10
Boid Frame=
 0.46797	0.85714	0.21521	8.57140
-0.65846	0.17576	0.73181	1.75757
-0.58944	0.48417	-0.64664	4.84170
0.00000	0.00000	0.00000	1.00000

boidNo = 8
boid Wall No = 0
position = = (10.0, -0.5, -0.6)
Boid Radius= 10
Boid Frame=
 -0.08450	0.99640	0.00624	9.96404
-0.58421	-0.05461	0.80976	-0.54615
-0.80719	-0.06478	-0.58672	-0.64784
0.00000	0.00000	0.00000	1.00000

boidNo = 9
boid Wall No = 0
position = = (-8.4, -4.3, 3.4)
Boid Radius= 9.999999
Boid Frame=
 0.53344	-0.83621	-0.12724	-8.36210
-0.49087	-0.42856	0.75854	-4.28565
0.68883	0.34218	0.63908	3.42178
0.00000	0.00000	0.00000	1.00000

boidNo = 10
boid Wall No = 1
position = = (-9.8, 2.0, -0.2)
Boid Radius= 10
Boid Frame=
 -0.14537	-0.97931	0.14080	-9.79308
-0.63467	0.20148	0.74605	2.01476
0.75899	-0.01909	0.65083	-0.19088
0.00000	0.00000	0.00000	1.00000

boidNo = 11
boid Wall No = 0
position = = (-2.2, -7.3, 6.5)
Boid Radius= 10
Boid Frame=
 0.97253	-0.22417	-0.06279	-2.24166
-0.12450	-0.72874	0.67338	-7.28736
0.19671	0.64707	0.73662	6.47066
0.00000	0.00000	0.00000	1.00000

boidNo = 12
boid Wall No = 1
position = = (3.1, 0.5, -9.5)
Boid Radius= 10
Boid Frame=
 -0.43052	0.31184	-0.84700	3.11844
-0.88178	0.05500	0.46845	0.54998
-0.19267	-0.94854	-0.25130	-9.48540
0.00000	0.00000	0.00000	1.00000

boidNo = 13
boid Wall No = 1
position = = (-4.0, 8.5, 3.6)
Boid Radius= 10
Boid Frame=
 0.49867	-0.39557	0.77126	-3.95573
-0.12718	0.84677	0.51653	8.46771
0.85741	0.35567	-0.37195	3.55670
0.00000	0.00000	0.00000	1.00000

boidNo = 14
boid Wall No = 0
position = = (-0.8, -10.0, 0.0)
Boid Radius= 10
Boid Frame=
 -0.23281	-0.07616	-0.96953	-0.76162
0.01442	-0.99709	0.07486	-9.97090
0.97241	-0.00345	-0.23323	-0.03450
0.00000	0.00000	0.00000	1.00000

boidNo = 15
boid Wall No = 0
position = = (7.7, -2.2, -5.9)
Boid Radius= 10
Boid Frame=
 -0.59477	0.77428	-0.21617	7.74284
-0.57409	-0.22087	0.78844	-2.20873
-0.56273	-0.59304	-0.57588	-5.93042
0.00000	0.00000	0.00000	1.00000

boidNo = 16
boid Wall No = 0
position = = (-8.1, -4.5, 3.7)
Boid Radius= 10
Boid Frame=
 0.58357	-0.81078	0.04550	-8.10785
-0.67425	-0.45255	0.58360	-4.52550
0.45258	0.37125	0.81077	3.71251
0.00000	0.00000	0.00000	1.00000

boidNo = 17
boid Wall No = 1
position = = (6.9, 6.7, -2.8)
Boid Radius= 10
Boid Frame=
 0.00419	0.68584	-0.72774	6.85838
-0.39489	0.66974	0.62890	6.69736
-0.91872	-0.28475	-0.27363	-2.84746
0.00000	0.00000	0.00000	1.00000

boidNo = 18
boid Wall No = 1
position = = (-0.9, 8.5, 5.2)
Boid Radius= 10
Boid Frame=
 0.79587	-0.09388	0.59815	-0.93881
-0.24777	0.85090	0.46323	8.50899
0.55245	0.51687	-0.65394	5.16873
0.00000	0.00000	0.00000	1.00000

boidNo = 19
boid Wall No = 1
position = = (-1.3, 8.9, 4.4)
Boid Radius= 10
Boid Frame=
 0.82005	-0.12885	0.55760	-1.28848
-0.15326	0.88930	0.43089	8.89295
0.55139	0.43881	-0.70952	4.38808
0.00000	0.00000	0.00000	1.00000

