Iteration Num of Simuation:0
m_SimulationDeltaT of action plan:0
boidNo = 0
boid Wall No = 0
position = = (6.9, -5.2, -5.0)
Boid Radius= 10
Boid Frame=
 -0.65643	0.68828	-0.30881	6.88281
-0.74431	-0.52423	0.41374	-5.24234
-0.12288	-0.50145	-0.85642	-5.01445
0.00000	0.00000	0.00000	1.00000

boidNo = 1
boid Wall No = 1
position = = (-1.9, 8.9, -4.0)
Boid Radius= 10
Boid Frame=
 -0.79545	-0.19231	-0.57469	-1.92309
-0.38293	0.89450	0.23071	8.94503
-0.46970	-0.40359	0.78518	-4.03586
0.00000	0.00000	0.00000	1.00000

boidNo = 2
boid Wall No = 0
position = = (4.1, -6.0, -6.9)
Boid Radius= 10
Boid Frame=
 -0.80934	0.41400	-0.41662	4.14003
-0.58687	-0.59836	0.54548	-5.98361
0.02346	-0.68598	-0.72724	-6.85978
0.00000	0.00000	0.00000	1.00000

boidNo = 3
boid Wall No = 1
position = = (-0.4, 8.1, -5.9)
Boid Radius= 10
Boid Frame=
 -0.93441	-0.04414	-0.35346	-0.44140
-0.24178	0.80728	0.53837	8.07282
-0.26158	-0.58851	0.76500	-5.88513
0.00000	0.00000	0.00000	1.00000

boidNo = 4
boid Wall No = 0
position = = (2.3, -3.8, 9.0)
Boid Radius= 10
Boid Frame=
 0.55856	0.23210	0.79633	2.32101
-0.70339	-0.37629	0.60304	-3.76286
-0.43961	0.89696	0.04692	8.96960
0.00000	0.00000	0.00000	1.00000

boidNo = 5
boid Wall No = 0
position = = (1.4, -9.6, 2.3)
Boid Radius= 10
Boid Frame=
 0.69585	0.14187	0.70404	1.41869
-0.06615	-0.96347	0.25952	-9.63468
-0.71514	0.22716	0.66104	2.27160
0.00000	0.00000	0.00000	1.00000

boidNo = 6
boid Wall No = 0
position = = (-1.9, -0.7, 9.8)
Boid Radius= 10
Boid Frame=
 0.66155	-0.18727	0.72614	-1.87266
-0.74636	-0.07049	0.66180	-0.70494
0.07274	0.97978	0.18640	9.79777
0.00000	0.00000	0.00000	1.00000

boidNo = 7
boid Wall No = 1
position = = (-8.7, 3.0, 3.8)
Boid Radius= 10
Boid Frame=
 0.09696	-0.87394	0.47627	-8.73939
-0.65708	0.30321	0.69015	3.03211
0.74756	0.37986	0.54485	3.79859
0.00000	0.00000	0.00000	1.00000

boidNo = 8
boid Wall No = 0
position = = (-3.5, -8.2, -4.5)
Boid Radius= 10
Boid Frame=
 -0.80464	-0.35238	-0.47789	-3.52381
0.01862	-0.81943	0.57287	-8.19432
0.59346	-0.45206	-0.66591	-4.52060
0.00000	0.00000	0.00000	1.00000

boidNo = 9
boid Wall No = 1
position = = (7.0, 5.8, -4.2)
Boid Radius= 10
Boid Frame=
 -0.09789	0.69662	-0.71073	6.96619
-0.50492	0.58065	0.63867	5.80652
-0.85759	-0.42139	-0.29490	-4.21386
0.00000	0.00000	0.00000	1.00000

boidNo = 10
boid Wall No = 1
position = = (-3.9, 9.2, 0.9)
Boid Radius= 10
Boid Frame=
 -0.24138	-0.39249	0.88752	-3.92493
-0.19424	0.91559	0.35208	9.15593
0.95079	0.08741	0.29724	0.87405
0.00000	0.00000	0.00000	1.00000

boidNo = 11
boid Wall No = 0
position = = (-1.8, -5.4, 8.2)
Boid Radius= 10
Boid Frame=
 0.92740	-0.17883	0.32856	-1.78833
-0.37141	-0.54492	0.75174	-5.44920
-0.04460	0.81920	0.57178	8.19196
0.00000	0.00000	0.00000	1.00000

boidNo = 12
boid Wall No = 0
position = = (4.2, -6.9, -6.0)
Boid Radius= 10
Boid Frame=
 -0.45879	0.41858	-0.78377	4.18584
-0.72556	-0.68566	0.05853	-6.85661
0.51290	-0.59553	-0.61829	-5.95530
0.00000	0.00000	0.00000	1.00000

boidNo = 13
boid Wall No = 1
position = = (-6.0, 7.8, 1.8)
Boid Radius= 10
Boid Frame=
 -0.13035	-0.59956	0.78965	-5.99557
-0.31157	0.78086	0.54146	7.80863
0.94124	0.17546	0.28859	1.75455
0.00000	0.00000	0.00000	1.00000

boidNo = 14
boid Wall No = 1
position = = (7.0, 4.5, 5.6)
Boid Radius= 10
Boid Frame=
 0.65909	0.69980	0.27546	6.99803
-0.70552	0.44847	0.54874	4.48470
-0.26048	0.55601	-0.78930	5.56013
0.00000	0.00000	0.00000	1.00000

boidNo = 15
boid Wall No = 0
position = = (7.9, -5.9, 1.6)
Boid Radius= 10
Boid Frame=
 -0.04373	0.78893	0.61292	7.88933
-0.30785	-0.59430	0.74299	-5.94296
-0.95043	0.15619	-0.26887	1.56195
0.00000	0.00000	0.00000	1.00000

boidNo = 16
boid Wall No = 0
position = = (-1.1, -8.5, 5.1)
Boid Radius= 10
Boid Frame=
 0.93325	-0.10741	-0.34280	-1.07408
0.09106	-0.85236	0.51497	-8.52360
0.34750	0.51181	0.78568	5.11807
0.00000	0.00000	0.00000	1.00000

boidNo = 17
boid Wall No = 1
position = = (-0.8, 1.1, 9.9)
Boid Radius= 10
Boid Frame=
 0.71781	-0.07839	0.69181	-0.78388
-0.68375	0.10801	0.72168	1.08013
0.13130	0.99105	-0.02394	9.91054
0.00000	0.00000	0.00000	1.00000

boidNo = 18
boid Wall No = 1
position = = (-6.5, 4.3, -6.3)
Boid Radius= 10
Boid Frame=
 -0.73843	-0.64536	-0.19550	-6.45364
-0.56155	0.42801	0.70815	4.28011
0.37334	-0.63270	0.67846	-6.32702
0.00000	0.00000	0.00000	1.00000

boidNo = 19
boid Wall No = 0
position = = (0.1, -10.0, 0.2)
Boid Radius= 10
Boid Frame=
 0.76325	0.01431	0.64595	0.14312
-0.00349	-0.99965	0.02628	-9.99649
-0.64610	0.02231	0.76293	0.22314
0.00000	0.00000	0.00000	1.00000

