Iteration Num of Simuation:0
m_SimulationDeltaT of action plan:0
boidNo = 0
boid Wall No = 0
position = = (-2.9, -9.2, 2.8)
Boid Radius= 10
Boid Frame=
 0.46196	-0.28876	-0.83858	-2.88755
0.12084	-0.91621	0.38205	-9.16206
0.87863	0.27783	0.38835	2.77825
0.00000	0.00000	0.00000	1.00000

boidNo = 1
boid Wall No = 1
position = = (1.8, 7.1, -6.8)
Boid Radius= 10
Boid Frame=
 -0.78930	0.17602	-0.58824	1.76024
-0.30958	0.71326	0.62883	7.13257
-0.53026	-0.67844	0.50848	-6.78440
0.00000	0.00000	0.00000	1.00000

boidNo = 2
boid Wall No = 1
position = = (-5.7, 8.1, -1.2)
Boid Radius= 10
Boid Frame=
 -0.78611	-0.56853	0.24249	-5.68534
-0.49661	0.81454	0.29984	8.14542
0.36799	-0.11528	0.92266	-1.15284
0.00000	0.00000	0.00000	1.00000

boidNo = 3
boid Wall No = 0
position = = (-3.6, -7.9, -5.0)
Boid Radius= 10
Boid Frame=
 -0.79804	-0.35626	-0.48601	-3.56259
-0.02051	-0.79000	0.61277	-7.89995
0.60225	-0.49899	-0.62314	-4.98986
0.00000	0.00000	0.00000	1.00000

boidNo = 4
boid Wall No = 1
position = = (-1.5, 9.9, -0.6)
Boid Radius= 10
Boid Frame=
 -0.88234	-0.14696	0.44707	-1.46963
-0.10434	0.98744	0.11866	9.87437
0.45889	-0.05805	0.88659	-0.58054
0.00000	0.00000	0.00000	1.00000

boidNo = 5
boid Wall No = 1
position = = (3.3, 3.2, 8.9)
Boid Radius= 10
Boid Frame=
 0.77648	0.33495	0.53375	3.34949
-0.62655	0.32002	0.71065	3.20018
-0.06722	0.88623	-0.45835	8.86227
0.00000	0.00000	0.00000	1.00000

boidNo = 6
boid Wall No = 1
position = = (3.4, 3.9, -8.5)
Boid Radius= 10
Boid Frame=
 -0.61715	0.33907	-0.71004	3.39073
-0.59201	0.39433	0.70287	3.94330
-0.51831	-0.85413	0.04262	-8.54127
0.00000	0.00000	0.00000	1.00000

boidNo = 7
boid Wall No = 1
position = = (-1.7, 9.4, 2.9)
Boid Radius= 10
Boid Frame=
 0.77042	-0.16592	0.61556	-1.65918
-0.06191	0.94151	0.33125	9.41508
0.63452	0.29331	-0.71509	2.93314
0.00000	0.00000	0.00000	1.00000

boidNo = 8
boid Wall No = 1
position = = (-4.6, 1.5, 8.8)
Boid Radius= 10
Boid Frame=
 0.62134	-0.46024	0.63412	-4.60240
-0.64961	0.14993	0.74534	1.49935
0.43811	0.87504	0.20581	8.75042
0.00000	0.00000	0.00000	1.00000

boidNo = 9
boid Wall No = 0
position = = (-1.0, -9.0, 4.3)
Boid Radius= 10
Boid Frame=
 0.92911	-0.10093	-0.35577	-1.00927
0.06857	-0.89834	0.43392	-8.98340
0.36340	0.42755	0.82773	4.27551
0.00000	0.00000	0.00000	1.00000

boidNo = 10
boid Wall No = 1
position = = (4.1, 9.0, 1.6)
Boid Radius= 10
Boid Frame=
 0.57089	0.41074	-0.71090	4.10736
-0.11456	0.89725	0.42640	8.97249
-0.81300	0.16199	-0.55928	1.61990
0.00000	0.00000	0.00000	1.00000

boidNo = 11
boid Wall No = 0
position = = (-1.1, -9.8, 1.8)
Boid Radius= 10
Boid Frame=
 0.74853	-0.10907	-0.65407	-1.09071
0.03793	-0.97772	0.20645	-9.77723
0.66202	0.17934	0.72772	1.79339
0.00000	0.00000	0.00000	1.00000

boidNo = 12
boid Wall No = 1
position = = (5.3, 4.5, 7.2)
Boid Radius= 10
Boid Frame=
 0.79111	0.52936	0.30647	5.29357
-0.56924	0.45379	0.68560	4.53786
-0.22386	0.71684	-0.66032	7.16840
0.00000	0.00000	0.00000	1.00000

boidNo = 13
boid Wall No = 0
position = = (-2.9, -7.1, 6.4)
Boid Radius= 10
Boid Frame=
 0.95154	-0.29358	-0.09157	-2.93577
-0.15340	-0.71120	0.68605	-7.11198
0.26653	0.63876	0.72177	6.38757
0.00000	0.00000	0.00000	1.00000

boidNo = 14
boid Wall No = 1
position = = (1.8, 9.8, -0.5)
Boid Radius= 10
Boid Frame=
 -0.03191	0.17501	-0.98405	1.75013
-0.04277	0.98341	0.17629	9.83409
-0.99858	-0.04771	0.02389	-0.47715
0.00000	0.00000	0.00000	1.00000

boidNo = 15
boid Wall No = 0
position = = (2.2, -0.2, 9.8)
Boid Radius= 10
Boid Frame=
 0.73079	0.21896	0.64653	2.18963
-0.65843	-0.02373	0.75227	-0.23729
-0.18006	0.97544	-0.12683	9.75445
0.00000	0.00000	0.00000	1.00000

boidNo = 16
boid Wall No = 0
position = = (1.1, -6.4, -7.6)
Boid Radius= 10
Boid Frame=
 -0.96745	0.11274	-0.22655	1.12742
-0.24476	-0.64424	0.72460	-6.44241
0.06426	-0.75647	-0.65087	-7.56467
0.00000	0.00000	0.00000	1.00000

boidNo = 17
boid Wall No = 0
position = = (3.1, -4.7, 8.3)
Boid Radius= 10
Boid Frame=
 0.61764	0.31003	0.72277	3.10034
-0.56098	-0.47042	0.68117	-4.70424
-0.55120	0.82618	0.11663	8.26184
0.00000	0.00000	0.00000	1.00000

boidNo = 18
boid Wall No = 0
position = = (-2.6, -7.3, -6.3)
Boid Radius= 9.999999
Boid Frame=
 -0.75451	-0.25718	-0.60381	-2.57175
-0.25669	-0.73110	0.63215	-7.31095
0.60401	-0.63195	-0.48560	-6.31950
0.00000	0.00000	0.00000	1.00000

boidNo = 19
boid Wall No = 0
position = = (-1.6, -1.9, -9.7)
Boid Radius= 10
Boid Frame=
 -0.56268	-0.16209	-0.81063	-1.62094
-0.78843	-0.18959	0.58518	-1.89594
0.24854	-0.96839	0.02112	-9.68390
0.00000	0.00000	0.00000	1.00000

boidNo = 20
boid Wall No = 0
position = = (4.5, -8.9, 1.0)
Boid Radius= 9.999999
Boid Frame=
 0.17661	0.44977	0.87551	4.49768
-0.02081	-0.88759	0.46017	-8.87587
-0.98406	0.09949	0.14739	0.99494
0.00000	0.00000	0.00000	1.00000

boidNo = 21
boid Wall No = 0
position = = (3.8, -3.9, -8.4)
Boid Radius= 10
Boid Frame=
 -0.84653	0.38242	-0.37033	3.82418
-0.51076	-0.38735	0.76752	-3.87352
-0.15006	-0.83888	-0.52323	-8.38877
0.00000	0.00000	0.00000	1.00000

boidNo = 22
boid Wall No = 0
position = = (-7.7, -2.8, -5.7)
Boid Radius= 10
Boid Frame=
 -0.35628	-0.77175	-0.52675	-7.71752
-0.54971	-0.28273	0.78605	-2.82734
0.75557	-0.56961	0.32351	-5.69614
0.00000	0.00000	0.00000	1.00000

boidNo = 23
boid Wall No = 1
position = = (1.6, 9.9, 0.1)
Boid Radius= 10
Boid Frame=
 -0.21793	0.15673	-0.96330	1.56731
0.04135	0.98762	0.15133	9.87618
-0.97509	0.00685	0.22172	0.06849
0.00000	0.00000	0.00000	1.00000

boidNo = 24
boid Wall No = 1
position = = (1.9, 7.5, -6.3)
Boid Radius= 10
Boid Frame=
 -0.78592	0.19122	-0.58802	1.91223
-0.26814	0.75151	0.60277	7.51510
-0.55717	-0.63140	0.53935	-6.31401
0.00000	0.00000	0.00000	1.00000

boidNo = 25
boid Wall No = 1
position = = (-9.2, 3.9, 0.2)
Boid Radius= 10
Boid Frame=
 -0.24966	-0.92107	0.29883	-9.21072
-0.62370	0.38902	0.67799	3.89016
0.74072	0.01711	0.67159	0.17112
0.00000	0.00000	0.00000	1.00000

boidNo = 26
boid Wall No = 0
position = = (-1.0, -9.5, -2.9)
Boid Radius= 10
Boid Frame=
 -0.98722	-0.10058	-0.12361	-1.00576
0.05917	-0.95157	0.30169	-9.51569
0.14797	-0.29052	-0.94536	-2.90520
0.00000	0.00000	0.00000	1.00000

boidNo = 27
boid Wall No = 1
position = = (6.4, 5.9, 5.0)
Boid Radius= 10
Boid Frame=
 0.77045	0.63657	-0.03442	6.36566
-0.45812	0.59041	0.66449	5.90408
-0.44331	0.49619	-0.74651	4.96188
0.00000	0.00000	0.00000	1.00000

boidNo = 28
boid Wall No = 0
position = = (5.3, -4.7, -7.1)
Boid Radius= 9.999999
Boid Frame=
 -0.83323	0.52535	-0.17241	5.25353
-0.45446	-0.47312	0.75473	-4.73123
-0.31493	-0.70722	-0.63298	-7.07219
0.00000	0.00000	0.00000	1.00000

boidNo = 29
boid Wall No = 1
position = = (0.3, 10.0, -0.5)
Boid Radius= 10
Boid Frame=
 -0.69972	0.03401	-0.71361	0.34013
-0.01352	0.99806	0.06082	9.98057
-0.71429	-0.05220	0.69790	-0.52204
0.00000	0.00000	0.00000	1.00000

boidNo = 30
boid Wall No = 0
position = = (-1.6, -9.9, 0.2)
Boid Radius= 10
Boid Frame=
 0.13996	-0.15934	-0.97725	-1.59336
-0.00279	-0.98703	0.16053	-9.87027
0.99015	0.01974	0.13859	0.19741
0.00000	0.00000	0.00000	1.00000

boidNo = 31
boid Wall No = 1
position = = (-1.7, 9.6, 2.0)
Boid Radius= 10
Boid Frame=
 0.79549	-0.16916	0.58187	-1.69159
0.01218	0.96452	0.26374	9.64516
0.60584	0.20272	-0.76933	2.02717
0.00000	0.00000	0.00000	1.00000

boidNo = 32
boid Wall No = 0
position = = (-1.0, -9.5, -3.0)
Boid Radius= 10
Boid Frame=
 -0.98942	-0.09853	-0.10649	-0.98527
0.06061	-0.94760	0.31365	-9.47603
0.13181	-0.30388	-0.94355	-3.03878
0.00000	0.00000	0.00000	1.00000

boidNo = 33
boid Wall No = 0
position = = (5.0, -4.7, -7.3)
Boid Radius= 10
Boid Frame=
 -0.84731	0.50449	-0.16600	5.04490
-0.42952	-0.46707	0.77289	-4.67071
-0.31238	-0.72618	-0.61244	-7.26178
0.00000	0.00000	0.00000	1.00000

boidNo = 34
boid Wall No = 1
position = = (0.2, 7.0, 7.2)
Boid Radius= 10
Boid Frame=
 0.85305	0.02112	0.52140	0.21123
-0.38701	0.69586	0.60498	6.95859
0.35004	0.71787	-0.60178	7.17868
0.00000	0.00000	0.00000	1.00000

boidNo = 35
boid Wall No = 1
position = = (-2.7, 8.3, 4.9)
Boid Radius= 10
Boid Frame=
 0.72457	-0.27116	0.63362	-2.71157
-0.16274	0.82604	0.53961	8.26040
0.66971	0.49410	-0.55440	4.94098
0.00000	0.00000	0.00000	1.00000

boidNo = 36
boid Wall No = 0
position = = (-4.5, -1.9, -8.7)
Boid Radius= 10
Boid Frame=
 -0.65965	-0.45074	-0.60141	-4.50741
-0.58880	-0.18739	0.78626	-1.87388
0.46710	-0.87276	0.14179	-8.72765
0.00000	0.00000	0.00000	1.00000

boidNo = 37
boid Wall No = 1
position = = (-4.2, 7.3, -5.4)
Boid Radius= 10
Boid Frame=
 -0.89913	-0.42405	-0.10835	-4.24051
-0.41008	0.72970	0.54715	7.29701
0.15296	-0.53639	0.82999	-5.36393
0.00000	0.00000	0.00000	1.00000

boidNo = 38
boid Wall No = 0
position = = (0.0, -9.5, 3.1)
Boid Radius= 10
Boid Frame=
 0.99552	-0.00020	0.09456	-0.00196
-0.02983	-0.94959	0.31208	-9.49587
-0.08973	0.31350	0.94534	3.13504
0.00000	0.00000	0.00000	1.00000

boidNo = 39
boid Wall No = 1
position = = (0.3, 9.9, -1.0)
Boid Radius= 10
Boid Frame=
 -0.99780	0.03186	0.05811	0.31855
0.03727	0.99482	0.09459	9.94818
0.05479	-0.09655	0.99382	-0.96552
0.00000	0.00000	0.00000	1.00000

boidNo = 40
boid Wall No = 1
position = = (9.0, 0.0, 4.4)
Boid Radius= 10
Boid Frame=
 0.29391	0.89945	0.32343	8.99451
-0.74516	0.00370	0.66687	0.03696
-0.59862	0.43701	-0.67132	4.37007
0.00000	0.00000	0.00000	1.00000

boidNo = 41
boid Wall No = 0
position = = (-5.1, -8.4, 2.2)
Boid Radius= 9.999999
Boid Frame=
 0.37720	-0.50521	-0.77620	-5.05213
0.01088	-0.83563	0.54918	-8.35630
0.92607	0.21560	0.30970	2.15597
0.00000	0.00000	0.00000	1.00000

boidNo = 42
boid Wall No = 0
position = = (6.0, -5.4, -5.8)
Boid Radius= 10
Boid Frame=
 -0.79726	0.60167	0.04869	6.01673
-0.36508	-0.54485	0.75489	-5.44847
-0.48072	-0.58406	-0.65404	-5.84065
0.00000	0.00000	0.00000	1.00000

boidNo = 43
boid Wall No = 1
position = = (-1.8, 5.0, 8.5)
Boid Radius= 10
Boid Frame=
 0.67444	-0.17845	0.71644	-1.78445
-0.56587	0.49836	0.65683	4.98360
0.47425	0.84841	-0.23514	8.48407
0.00000	0.00000	0.00000	1.00000

boidNo = 44
boid Wall No = 1
position = = (-5.5, 3.0, -7.8)
Boid Radius= 10
Boid Frame=
 -0.72081	-0.55474	-0.41557	-5.54744
-0.63920	0.30012	0.70806	3.00123
0.26807	-0.77601	0.57092	-7.76006
0.00000	0.00000	0.00000	1.00000

boidNo = 45
boid Wall No = 1
position = = (-1.6, 9.1, 3.9)
Boid Radius= 10
Boid Frame=
 0.81415	-0.15656	0.55915	-1.56563
-0.10366	0.90830	0.40526	9.08303
0.57133	0.38791	-0.72326	3.87908
0.00000	0.00000	0.00000	1.00000

boidNo = 46
boid Wall No = 0
position = = (-3.9, -8.9, 2.3)
Boid Radius= 10
Boid Frame=
 0.50834	-0.39324	-0.76613	-3.93239
0.00127	-0.88931	0.45731	-8.89309
0.86115	0.23344	0.45158	2.33437
0.00000	0.00000	0.00000	1.00000

boidNo = 47
boid Wall No = 0
position = = (3.5, -9.2, 1.7)
Boid Radius= 10
Boid Frame=
 0.68152	0.35012	0.64261	3.50119
0.12932	-0.92192	0.36515	-9.21923
-0.72029	0.16576	0.67358	1.65757
0.00000	0.00000	0.00000	1.00000

boidNo = 48
boid Wall No = 1
position = = (5.5, 3.4, 7.7)
Boid Radius= 10
Boid Frame=
 0.73297	0.54649	0.40510	5.46487
-0.63553	0.33774	0.69429	3.37743
-0.24260	0.76634	-0.59486	7.66343
0.00000	0.00000	0.00000	1.00000

boidNo = 49
boid Wall No = 0
position = = (0.1, -10.0, -0.5)
Boid Radius= 10
Boid Frame=
 -0.96567	0.00864	0.25963	0.08643
0.00351	-0.99892	0.04630	-9.98921
-0.25975	-0.04563	-0.96460	-0.45626
0.00000	0.00000	0.00000	1.00000

