Iteration Num of Simuation:0
m_SimulationDeltaT of action plan:0
boidNo = 0
boid Wall No = 1
position = = (-4.2, 9.1, -0.7)
Boid Radius= 10
Boid Frame=
 -0.29008	-0.41754	0.86111	-4.17539
-0.06073	0.90602	0.41886	9.06020
0.95507	-0.06921	0.28817	-0.69209
0.00000	0.00000	0.00000	1.00000

boidNo = 1
boid Wall No = 0
position = = (-6.8, -3.2, 6.7)
Boid Radius= 10
Boid Frame=
 0.51312	-0.67517	0.52995	-6.75172
-0.85028	-0.31554	0.42127	-3.15541
0.11720	0.66677	0.73599	6.66766
0.00000	0.00000	0.00000	1.00000

boidNo = 2
boid Wall No = 0
position = = (-6.4, -7.5, 1.5)
Boid Radius= 10
Boid Frame=
 0.35521	-0.64431	-0.67727	-6.44308
-0.11392	-0.74895	0.65276	-7.48953
0.92782	0.15472	0.33944	1.54715
0.00000	0.00000	0.00000	1.00000

boidNo = 3
boid Wall No = 1
position = = (-0.5, 10.0, 0.3)
Boid Radius= 10
Boid Frame=
 0.43257	-0.05129	0.90014	-0.51293
-0.00718	0.99815	0.06033	9.98153
0.90157	0.03256	-0.43140	0.32561
0.00000	0.00000	0.00000	1.00000

boidNo = 4
boid Wall No = 0
position = = (1.8, -9.2, -3.4)
Boid Radius= 10
Boid Frame=
 -0.98175	0.18390	0.04835	1.83904
-0.15499	-0.92123	0.35682	-9.21225
-0.11016	-0.34282	-0.93292	-3.42817
0.00000	0.00000	0.00000	1.00000

boidNo = 5
boid Wall No = 1
position = = (-0.4, 9.1, -4.0)
Boid Radius= 10
Boid Frame=
 -0.89992	-0.03548	-0.43461	-0.35479
-0.20542	0.91365	0.35077	9.13654
-0.38463	-0.40494	0.82950	-4.04943
0.00000	0.00000	0.00000	1.00000

boidNo = 6
boid Wall No = 1
position = = (1.6, 1.3, -9.8)
Boid Radius= 10
Boid Frame=
 -0.72957	0.16246	-0.66432	1.62459
-0.65152	0.13025	0.74737	1.30247
-0.20794	-0.97808	-0.01082	-9.78081
0.00000	0.00000	0.00000	1.00000

boidNo = 7
boid Wall No = 0
position = = (-3.8, -4.0, 8.3)
Boid Radius= 10
Boid Frame=
 0.71462	-0.37829	0.58840	-3.78287
-0.69941	-0.40094	0.59167	-4.00945
-0.01210	0.83435	0.55110	8.34351
0.00000	0.00000	0.00000	1.00000

boidNo = 8
boid Wall No = 1
position = = (5.2, 8.5, 1.2)
Boid Radius= 10
Boid Frame=
 0.59875	0.51768	-0.61115	5.17684
-0.26225	0.84770	0.46112	8.47696
-0.75679	0.11582	-0.64332	1.15822
0.00000	0.00000	0.00000	1.00000

boidNo = 9
boid Wall No = 1
position = = (-2.8, 1.5, -9.5)
Boid Radius= 10
Boid Frame=
 -0.77462	-0.28018	-0.56697	-2.80184
-0.61935	0.15472	0.76972	1.54720
0.12794	-0.94740	0.29338	-9.47396
0.00000	0.00000	0.00000	1.00000

boidNo = 10
boid Wall No = 0
position = = (-2.8, -1.5, 9.5)
Boid Radius= 10
Boid Frame=
 0.70466	-0.27856	0.65258	-2.78563
-0.70321	-0.15153	0.69465	-1.51531
0.09462	0.94839	0.30267	9.48389
0.00000	0.00000	0.00000	1.00000

boidNo = 11
boid Wall No = 1
position = = (8.9, 4.5, 1.1)
Boid Radius= 10
Boid Frame=
 0.42658	0.88631	-0.18026	8.86305
-0.70157	0.45004	0.55251	4.50037
-0.57082	0.10923	-0.81378	1.09226
0.00000	0.00000	0.00000	1.00000

boidNo = 12
boid Wall No = 1
position = = (-5.2, 7.8, -3.5)
Boid Radius= 9.999999
Boid Frame=
 -0.73799	-0.51998	0.43011	-5.19978
-0.20370	0.77930	0.59262	7.79301
0.64334	-0.34973	0.68103	-3.49732
0.00000	0.00000	0.00000	1.00000

boidNo = 13
boid Wall No = 1
position = = (-9.6, 1.3, 2.5)
Boid Radius= 10
Boid Frame=
 0.11849	-0.95849	0.25933	-9.58493
-0.62235	0.13182	0.77156	1.31815
0.77372	0.25282	0.58090	2.52815
0.00000	0.00000	0.00000	1.00000

boidNo = 14
boid Wall No = 1
position = = (-1.0, 10.0, 0.0)
Boid Radius= 10
Boid Frame=
 -0.70530	-0.09704	0.70224	-0.97040
-0.07167	0.99527	0.06555	9.95272
0.70528	0.00409	0.70892	0.04091
0.00000	0.00000	0.00000	1.00000

boidNo = 15
boid Wall No = 1
position = = (-6.3, 5.4, -5.5)
Boid Radius= 10
Boid Frame=
 -0.76609	-0.63100	-0.12226	-6.30997
-0.54982	0.54486	0.63311	5.44863
0.33287	-0.55224	0.76435	-5.52238
0.00000	0.00000	0.00000	1.00000

boidNo = 16
boid Wall No = 1
position = = (1.4, 9.8, -1.3)
Boid Radius= 10
Boid Frame=
 -0.66255	0.13642	-0.73649	1.36416
-0.00790	0.98195	0.18899	9.81948
-0.74898	-0.13103	0.64951	-1.31030
0.00000	0.00000	0.00000	1.00000

boidNo = 17
boid Wall No = 0
position = = (3.7, -5.0, -7.8)
Boid Radius= 10
Boid Frame=
 -0.89192	0.36567	-0.26600	3.65670
-0.42950	-0.50110	0.75128	-5.01105
-0.14143	-0.78433	-0.60400	-7.84334
0.00000	0.00000	0.00000	1.00000

boidNo = 18
boid Wall No = 0
position = = (3.3, -6.8, 6.5)
Boid Radius= 10
Boid Frame=
 0.64846	0.33159	0.68524	3.31592
-0.33626	-0.68281	0.64862	-6.82805
-0.68296	0.65102	0.33127	6.51018
0.00000	0.00000	0.00000	1.00000

boidNo = 19
boid Wall No = 0
position = = (-0.6, -9.9, -1.2)
Boid Radius= 10
Boid Frame=
 -0.86832	-0.06450	-0.49180	-0.64505
-0.00399	-0.99057	0.13697	-9.90567
0.49599	-0.12090	-0.85987	-1.20895
0.00000	0.00000	0.00000	1.00000

