Iteration Num of Simuation:0
m_SimulationDeltaT of action plan:0
boidNo = 0
boid Wall No = 0
position = = (1.8, -5.9, -7.9)
Boid Radius= 10
Boid Frame=
 -0.94796	0.17995	-0.26266	1.79955
-0.31768	-0.58976	0.74247	-5.89760
0.02129	-0.78727	-0.61624	-7.87274
0.00000	0.00000	0.00000	1.00000

boidNo = 1
boid Wall No = 0
position = = (5.5, -1.0, 8.3)
Boid Radius= 10
Boid Frame=
 0.34496	0.55090	0.75995	5.50896
-0.87834	-0.09601	0.46829	-0.96006
-0.33094	0.82903	-0.45076	8.29033
0.00000	0.00000	0.00000	1.00000

boidNo = 2
boid Wall No = 1
position = = (-8.4, 3.8, 3.8)
Boid Radius= 10
Boid Frame=
 0.03988	-0.84349	0.53566	-8.43495
-0.65559	0.38248	0.65109	3.82475
0.75406	0.37713	0.53773	3.77133
0.00000	0.00000	0.00000	1.00000

boidNo = 3
boid Wall No = 1
position = = (5.0, 8.6, 0.9)
Boid Radius= 10
Boid Frame=
 0.54754	0.50478	-0.66738	5.04782
-0.24062	0.85885	0.45219	8.58851
-0.80143	0.08701	-0.59172	0.87011
0.00000	0.00000	0.00000	1.00000

boidNo = 4
boid Wall No = 0
position = = (-3.9, -7.5, -5.3)
Boid Radius= 10
Boid Frame=
 -0.72869	-0.38944	-0.56334	-3.89437
-0.09994	-0.75330	0.65004	-7.53302
0.67751	-0.52998	-0.51000	-5.29977
0.00000	0.00000	0.00000	1.00000

boidNo = 5
boid Wall No = 1
position = = (-7.9, 3.0, -5.4)
Boid Radius= 10
Boid Frame=
 -0.55676	-0.78728	-0.26498	-7.87277
-0.72225	0.30122	0.62259	3.01223
0.41033	-0.53801	0.73632	-5.38014
0.00000	0.00000	0.00000	1.00000

boidNo = 6
boid Wall No = 0
position = = (8.3, -1.0, 5.5)
Boid Radius= 10
Boid Frame=
 0.38358	0.83130	0.40225	8.31301
-0.61160	-0.09770	0.78511	-0.97699
-0.69196	0.54717	-0.47095	5.47168
0.00000	0.00000	0.00000	1.00000

boidNo = 7
boid Wall No = 1
position = = (-0.3, 10.0, 0.9)
Boid Radius= 10
Boid Frame=
 0.38671	-0.02725	0.92180	-0.27247
-0.07014	0.99580	0.05886	9.95799
0.91953	0.08742	-0.38317	0.87420
0.00000	0.00000	0.00000	1.00000

boidNo = 8
boid Wall No = 1
position = = (-8.4, 3.2, 4.4)
Boid Radius= 10
Boid Frame=
 0.01583	-0.83991	0.54250	-8.39908
-0.78697	0.32423	0.52494	3.24229
0.61679	0.43524	0.65585	4.35237
0.00000	0.00000	0.00000	1.00000

boidNo = 9
boid Wall No = 0
position = = (-0.9, -1.6, -9.8)
Boid Radius= 10
Boid Frame=
 -0.26195	-0.08613	-0.96123	-0.86133
-0.94800	-0.16362	0.27301	-1.63621
0.18079	-0.98276	0.03879	-9.82756
0.00000	0.00000	0.00000	1.00000

boidNo = 10
boid Wall No = 0
position = = (3.3, -9.4, 0.0)
Boid Radius= 10
Boid Frame=
 0.46873	0.32951	0.81958	3.29506
0.16275	-0.94415	0.28651	-9.44153
-0.86822	0.00091	0.49618	0.00909
0.00000	0.00000	0.00000	1.00000

boidNo = 11
boid Wall No = 1
position = = (-0.5, 5.6, 8.3)
Boid Radius= 10
Boid Frame=
 0.62066	-0.04559	0.78276	-0.45588
-0.63572	0.55510	0.53640	5.55100
0.45896	0.83053	-0.31555	8.30533
0.00000	0.00000	0.00000	1.00000

boidNo = 12
boid Wall No = 1
position = = (-3.1, 5.5, 7.7)
Boid Radius= 10
Boid Frame=
 0.63385	-0.30826	0.70938	-3.08255
-0.48668	0.55389	0.67554	5.53885
0.60115	0.77343	-0.20106	7.73427
0.00000	0.00000	0.00000	1.00000

boidNo = 13
boid Wall No = 0
position = = (1.2, -9.9, 0.0)
Boid Radius= 9.999999
Boid Frame=
 -0.09630	0.12488	0.98749	1.24878
-0.01592	-0.99216	0.12392	-9.92165
-0.99523	0.00378	-0.09753	0.03784
0.00000	0.00000	0.00000	1.00000

boidNo = 14
boid Wall No = 0
position = = (0.9, -6.9, 7.2)
Boid Radius= 10
Boid Frame=
 0.69383	0.09157	0.71429	0.91567
-0.47461	-0.68785	0.54919	-6.87852
-0.54162	0.72005	0.43379	7.20052
0.00000	0.00000	0.00000	1.00000

boidNo = 15
boid Wall No = 1
position = = (7.2, 5.1, -4.6)
Boid Radius= 10
Boid Frame=
 -0.15493	0.72225	-0.67406	7.22247
-0.53417	0.51271	0.67215	5.12715
-0.83106	-0.46420	-0.30637	-4.64201
0.00000	0.00000	0.00000	1.00000

boidNo = 16
boid Wall No = 0
position = = (-1.1, -6.3, 7.7)
Boid Radius= 10
Boid Frame=
 0.96341	-0.11077	0.24406	-1.10769
-0.25804	-0.62945	0.73294	-6.29449
-0.07243	0.76911	0.63500	7.69106
0.00000	0.00000	0.00000	1.00000

boidNo = 17
boid Wall No = 1
position = = (0.5, 9.6, -2.8)
Boid Radius= 10
Boid Frame=
 -0.98608	0.04870	-0.15897	0.48705
0.00099	0.95784	0.28731	9.57837
-0.16626	-0.28315	0.94455	-2.83154
0.00000	0.00000	0.00000	1.00000

boidNo = 18
boid Wall No = 1
position = = (0.7, 3.7, 9.3)
Boid Radius= 10
Boid Frame=
 0.76665	0.07396	0.63780	0.73963
-0.61506	0.36967	0.69645	3.69669
0.18426	0.92622	-0.32890	9.26215
0.00000	0.00000	0.00000	1.00000

boidNo = 19
boid Wall No = 1
position = = (8.3, 0.7, 5.5)
Boid Radius= 10
Boid Frame=
 0.45586	0.83487	0.30851	8.34873
-0.63881	0.06552	0.76657	0.65525
-0.61978	0.54653	-0.56319	5.46529
0.00000	0.00000	0.00000	1.00000

