Iteration Num of Simuation:0
m_SimulationDeltaT of action plan:0
boidNo = 0
boid Wall No = 1
position = = (0.2, 8.3, -5.6)
Boid Radius= 10
Boid Frame=
 -0.95228	0.02458	-0.30422	0.24585
-0.14955	0.83131	0.53531	8.31309
-0.26606	-0.55527	0.78797	-5.55266
0.00000	0.00000	0.00000	1.00000

boidNo = 1
boid Wall No = 1
position = = (-4.0, 9.1, 1.0)
Boid Radius= 10
Boid Frame=
 -0.43065	-0.39581	0.81110	-3.95807
-0.28034	0.91291	0.29665	9.12914
0.85788	0.09963	0.50410	0.99627
0.00000	0.00000	0.00000	1.00000

boidNo = 2
boid Wall No = 0
position = = (-5.2, -8.2, 2.4)
Boid Radius= 10
Boid Frame=
 0.40812	-0.52256	-0.74858	-5.22564
0.01086	-0.81714	0.57634	-8.17137
0.91287	0.24334	0.32781	2.43341
0.00000	0.00000	0.00000	1.00000

boidNo = 3
boid Wall No = 0
position = = (1.8, -7.1, -6.8)
Boid Radius= 10
Boid Frame=
 -0.97943	0.18077	-0.08968	1.80771
-0.19292	-0.70850	0.67883	-7.08502
-0.05917	-0.68216	-0.72880	-6.82164
0.00000	0.00000	0.00000	1.00000

boidNo = 4
boid Wall No = 0
position = = (3.5, -6.6, -6.6)
Boid Radius= 10
Boid Frame=
 -0.93552	0.34709	-0.06579	3.47093
-0.29484	-0.66455	0.68662	-6.64548
-0.19460	-0.66174	-0.72404	-6.61742
0.00000	0.00000	0.00000	1.00000

boidNo = 5
boid Wall No = 0
position = = (-0.8, -10.0, 0.1)
Boid Radius= 10
Boid Frame=
 0.14204	-0.08451	-0.98625	-0.84507
-0.00322	-0.99638	0.08491	-9.96383
0.98986	0.00889	0.14180	0.08885
0.00000	0.00000	0.00000	1.00000

boidNo = 6
boid Wall No = 1
position = = (1.7, 9.8, -1.2)
Boid Radius= 10
Boid Frame=
 -0.77733	0.17130	-0.60533	1.71296
0.06000	0.97802	0.19971	9.78017
-0.62623	-0.11892	0.77052	-1.18915
0.00000	0.00000	0.00000	1.00000

boidNo = 7
boid Wall No = 1
position = = (-7.3, 6.8, -0.5)
Boid Radius= 10
Boid Frame=
 -0.38246	-0.73204	0.56377	-7.32038
-0.35422	0.67971	0.64228	6.79713
0.85338	-0.04595	0.51927	-0.45950
0.00000	0.00000	0.00000	1.00000

boidNo = 8
boid Wall No = 1
position = = (-5.1, 2.4, -8.3)
Boid Radius= 10
Boid Frame=
 -0.46043	-0.50786	-0.72807	-5.07857
-0.88742	0.24280	0.39184	2.42799
0.02222	-0.82652	0.56247	-8.26517
0.00000	0.00000	0.00000	1.00000

boidNo = 9
boid Wall No = 1
position = = (4.4, 3.2, -8.4)
Boid Radius= 10
Boid Frame=
 -0.40984	0.43768	-0.80029	4.37682
-0.76129	0.31917	0.56443	3.19167
-0.50246	-0.84058	-0.20239	-8.40575
0.00000	0.00000	0.00000	1.00000

boidNo = 10
boid Wall No = 1
position = = (-3.0, 9.5, -0.2)
Boid Radius= 10
Boid Frame=
 0.06534	-0.30184	0.95112	-3.01838
0.03943	0.95319	0.29979	9.53191
0.99708	-0.01791	-0.07418	-0.17909
0.00000	0.00000	0.00000	1.00000

boidNo = 11
boid Wall No = 1
position = = (1.3, 9.7, 1.9)
Boid Radius= 10
Boid Frame=
 0.72556	0.12796	-0.67616	1.27957
0.03543	0.97431	0.22240	9.74313
-0.68725	0.18532	-0.70238	1.85315
0.00000	0.00000	0.00000	1.00000

boidNo = 12
boid Wall No = 0
position = = (0.2, -10.0, 0.4)
Boid Radius= 10
Boid Frame=
 0.84555	0.01538	0.53368	0.15379
-0.01061	-0.99890	0.04560	-9.98904
-0.53379	0.04422	0.84446	0.44215
0.00000	0.00000	0.00000	1.00000

boidNo = 13
boid Wall No = 0
position = = (-2.3, -8.6, -4.5)
Boid Radius= 9.999999
Boid Frame=
 -0.94268	-0.22807	-0.24358	-2.28072
0.08111	-0.86469	0.49571	-8.64689
0.32368	-0.44754	-0.83363	-4.47544
0.00000	0.00000	0.00000	1.00000

boidNo = 14
boid Wall No = 0
position = = (0.3, -9.9, 1.7)
Boid Radius= 10
Boid Frame=
 0.94601	0.02615	0.32309	0.26145
-0.03053	-0.98512	0.16912	-9.85122
-0.32271	0.16986	0.93113	1.69859
0.00000	0.00000	0.00000	1.00000

boidNo = 15
boid Wall No = 1
position = = (-7.0, 0.8, -7.1)
Boid Radius= 10
Boid Frame=
 -0.49494	-0.69695	-0.51893	-6.96951
-0.77311	0.08060	0.62912	0.80599
0.39664	-0.71258	0.57871	-7.12575
0.00000	0.00000	0.00000	1.00000

boidNo = 16
boid Wall No = 0
position = = (-0.3, -9.3, -3.7)
Boid Radius= 10
Boid Frame=
 -0.99906	-0.03337	-0.02765	-0.33373
0.02095	-0.93036	0.36604	-9.30363
0.03794	-0.36512	-0.93019	-3.65117
0.00000	0.00000	0.00000	1.00000

boidNo = 17
boid Wall No = 0
position = = (-0.1, -10.0, 0.5)
Boid Radius= 9.999999
Boid Frame=
 0.93991	-0.01181	0.34123	-0.11813
-0.02890	-0.99857	0.04504	-9.98567
-0.34021	0.05220	0.93890	0.52198
0.00000	0.00000	0.00000	1.00000

boidNo = 18
boid Wall No = 1
position = = (9.4, 1.6, 2.8)
Boid Radius= 10
Boid Frame=
 0.31530	0.94489	0.08809	9.44894
-0.68508	0.16240	0.71013	1.62400
-0.65669	0.28426	-0.69854	2.84258
0.00000	0.00000	0.00000	1.00000

boidNo = 19
boid Wall No = 0
position = = (0.1, -10.0, 0.1)
Boid Radius= 10
Boid Frame=
 0.80486	0.01215	0.59334	0.12148
0.00190	-0.99984	0.01789	-9.99838
-0.59346	0.01327	0.80475	0.13268
0.00000	0.00000	0.00000	1.00000

