Iteration Num of Simuation:0
m_SimulationDeltaT of action plan:0
boidNo = 0
boid Wall No = 0
position = = (1.2, -9.9, -0.5)
Boid Radius= 9.999999
Boid Frame=
 -0.37266	0.11923	0.92028	1.19234
-0.00175	-0.99180	0.12779	-9.91800
-0.92797	-0.04601	-0.36981	-0.46008
0.00000	0.00000	0.00000	1.00000

boidNo = 1
boid Wall No = 1
position = = (1.6, 9.9, -0.7)
Boid Radius= 10
Boid Frame=
 -0.73596	0.15573	-0.65887	1.55731
0.06604	0.98506	0.15906	9.85057
-0.67379	-0.07355	0.73525	-0.73555
0.00000	0.00000	0.00000	1.00000

boidNo = 2
boid Wall No = 1
position = = (-4.6, 7.8, 4.2)
Boid Radius= 10
Boid Frame=
 0.39087	-0.46157	0.79635	-4.61574
-0.24166	0.78336	0.57266	7.83364
0.88816	0.41628	-0.19465	4.16282
0.00000	0.00000	0.00000	1.00000

boidNo = 3
boid Wall No = 1
position = = (7.2, 6.5, 2.2)
Boid Radius= 10
Boid Frame=
 0.61318	0.72469	-0.31438	7.24692
-0.47015	0.65461	0.59198	6.54612
-0.63480	0.21519	-0.74210	2.15186
0.00000	0.00000	0.00000	1.00000

boidNo = 4
boid Wall No = 0
position = = (6.6, -4.0, -6.4)
Boid Radius= 10
Boid Frame=
 -0.74505	0.66072	-0.09135	6.60724
-0.45226	-0.39975	0.79729	-3.99748
-0.49027	-0.63533	-0.59665	-6.35331
0.00000	0.00000	0.00000	1.00000

boidNo = 5
boid Wall No = 1
position = = (-1.3, 7.9, 5.9)
Boid Radius= 10
Boid Frame=
 0.87251	-0.13318	0.47010	-1.33183
-0.18999	0.79394	0.57755	7.93936
0.45015	0.59324	-0.66741	5.93236
0.00000	0.00000	0.00000	1.00000

boidNo = 6
boid Wall No = 1
position = = (0.1, 9.5, -3.1)
Boid Radius= 10
Boid Frame=
 -0.99835	0.00966	-0.05662	0.09656
-0.00831	0.95111	0.30874	9.51110
-0.05683	-0.30870	0.94946	-3.08701
0.00000	0.00000	0.00000	1.00000

boidNo = 7
boid Wall No = 1
position = = (-9.3, 2.3, -2.8)
Boid Radius= 10
Boid Frame=
 -0.36336	-0.93080	-0.03970	-9.30803
-0.66952	0.23126	0.70587	2.31258
0.64785	-0.28306	0.70722	-2.83064
0.00000	0.00000	0.00000	1.00000

boidNo = 8
boid Wall No = 0
position = = (-2.8, -8.9, 3.7)
Boid Radius= 10
Boid Frame=
 0.81638	-0.28392	-0.50290	-2.83924
-0.02229	-0.88565	0.46383	-8.85646
0.57708	0.36745	0.72936	3.67449
0.00000	0.00000	0.00000	1.00000

boidNo = 9
boid Wall No = 1
position = = (-0.8, 9.6, -2.9)
Boid Radius= 10
Boid Frame=
 -0.76591	-0.07699	-0.63832	-0.76986
-0.24049	0.95504	0.17338	9.55041
-0.59627	-0.28630	0.74999	-2.86303
0.00000	0.00000	0.00000	1.00000

boidNo = 10
boid Wall No = 1
position = = (-1.8, 9.8, -0.3)
Boid Radius= 10
Boid Frame=
 0.24901	-0.17957	0.95171	-1.79569
0.07019	0.98342	0.16719	9.83423
0.96595	-0.02517	-0.25749	-0.25172
0.00000	0.00000	0.00000	1.00000

boidNo = 11
boid Wall No = 0
position = = (-9.5, -2.5, 1.9)
Boid Radius= 10
Boid Frame=
 0.31034	-0.95057	-0.00998	-9.50573
-0.74205	-0.24880	0.62247	-2.48798
0.59418	0.18577	0.78258	1.85772
0.00000	0.00000	0.00000	1.00000

boidNo = 12
boid Wall No = 0
position = = (3.5, -8.9, 2.8)
Boid Radius= 10
Boid Frame=
 0.86152	0.35428	0.36370	3.54277
0.19589	-0.89279	0.40564	-8.92793
-0.46842	0.27822	0.83856	2.78224
0.00000	0.00000	0.00000	1.00000

boidNo = 13
boid Wall No = 1
position = = (-0.7, 0.6, 10.0)
Boid Radius= 9.999999
Boid Frame=
 0.60214	-0.07100	0.79523	-0.71005
-0.79311	0.06112	0.60600	0.61116
0.09163	0.99560	0.01951	9.95602
0.00000	0.00000	0.00000	1.00000

boidNo = 14
boid Wall No = 0
position = = (0.0, -10.0, 0.2)
Boid Radius= 10
Boid Frame=
 0.93865	0.00459	0.34484	0.04595
-0.00351	-0.99973	0.02287	-9.99732
-0.34485	0.02267	0.93838	0.22675
0.00000	0.00000	0.00000	1.00000

boidNo = 15
boid Wall No = 1
position = = (5.3, 8.4, -1.2)
Boid Radius= 9.999999
Boid Frame=
 -0.03552	0.52769	-0.84869	5.27689
-0.11793	0.84108	0.52789	8.41084
-0.99239	-0.11884	-0.03235	-1.18838
0.00000	0.00000	0.00000	1.00000

boidNo = 16
boid Wall No = 1
position = = (-2.7, 8.5, -4.5)
Boid Radius= 10
Boid Frame=
 -0.96126	-0.26920	0.05925	-2.69195
-0.20782	0.84901	0.48580	8.49006
0.18108	-0.45467	0.87206	-4.54668
0.00000	0.00000	0.00000	1.00000

boidNo = 17
boid Wall No = 0
position = = (-0.3, -10.0, -0.9)
Boid Radius= 10
Boid Frame=
 -0.96832	-0.03490	-0.24724	-0.34901
0.01209	-0.99558	0.09318	-9.95576
0.24940	-0.08724	-0.96446	-0.87238
0.00000	0.00000	0.00000	1.00000

boidNo = 18
boid Wall No = 0
position = = (6.7, -5.8, -4.6)
Boid Radius= 10
Boid Frame=
 -0.68066	0.67369	-0.28780	6.73695
-0.72803	-0.57824	0.36827	-5.78236
-0.08168	-0.46019	-0.88405	-4.60195
0.00000	0.00000	0.00000	1.00000

boidNo = 19
boid Wall No = 1
position = = (1.4, 9.9, -0.9)
Boid Radius= 10
Boid Frame=
 -0.82096	0.13879	-0.55386	1.38788
0.06110	0.98579	0.15646	9.85792
-0.56770	-0.09461	0.81778	-0.94612
0.00000	0.00000	0.00000	1.00000

