Iteration Num of Simuation:0
m_SimulationDeltaT of action plan:0
boidNo = 0
boid Wall No = 0
position = = (3.7, -8.2, -4.3)
Boid Radius= 10
Boid Frame=
 -0.17970	0.36871	-0.91201	3.68706
-0.52017	-0.82250	-0.23003	-8.22501
0.83494	-0.43307	-0.33959	-4.33068
0.00000	0.00000	0.00000	1.00000

boidNo = 1
boid Wall No = 0
position = = (4.3, -7.7, -4.8)
Boid Radius= 10
Boid Frame=
 -0.84195	0.42752	0.32914	4.27523
-0.14497	-0.76686	0.62523	-7.66857
-0.51971	-0.47870	-0.70764	-4.78701
0.00000	0.00000	0.00000	1.00000

boidNo = 2
boid Wall No = 1
position = = (-2.6, 7.8, 5.7)
Boid Radius= 10
Boid Frame=
 0.63561	-0.25679	0.72805	-2.56791
-0.30764	0.78069	0.54394	7.80695
0.70806	0.56971	-0.41722	5.69714
0.00000	0.00000	0.00000	1.00000

boidNo = 3
boid Wall No = 0
position = = (-4.3, -3.6, 8.3)
Boid Radius= 10
Boid Frame=
 0.83381	-0.42739	0.34942	-4.27395
-0.51042	-0.35573	0.78289	-3.55734
0.21030	0.83114	0.51477	8.31136
0.00000	0.00000	0.00000	1.00000

boidNo = 4
boid Wall No = 0
position = = (0.3, -9.8, 2.1)
Boid Radius= 10
Boid Frame=
 0.92899	0.03470	0.36848	0.34697
-0.04564	-0.97726	0.20707	-9.77260
-0.36729	0.20918	0.90628	2.09185
0.00000	0.00000	0.00000	1.00000

boidNo = 5
boid Wall No = 1
position = = (1.1, 9.4, -3.3)
Boid Radius= 9.999999
Boid Frame=
 -0.96122	0.11473	-0.25078	1.14731
0.02033	0.93636	0.35045	9.36360
-0.27503	-0.33176	0.90238	-3.31764
0.00000	0.00000	0.00000	1.00000

boidNo = 6
boid Wall No = 1
position = = (3.1, 8.4, 4.5)
Boid Radius= 10
Boid Frame=
 0.94989	0.31002	-0.04005	3.10020
-0.25321	0.83823	0.48297	8.38225
-0.18330	0.44863	-0.87472	4.48627
0.00000	0.00000	0.00000	1.00000

boidNo = 7
boid Wall No = 0
position = = (-2.4, -9.5, 2.1)
Boid Radius= 10
Boid Frame=
 0.60421	-0.24100	-0.75950	-2.41001
0.02703	-0.94642	0.32182	-9.46416
0.79636	0.21498	0.56532	2.14979
0.00000	0.00000	0.00000	1.00000

boidNo = 8
boid Wall No = 1
position = = (-1.4, 5.2, -8.4)
Boid Radius= 10
Boid Frame=
 -0.73430	-0.14356	-0.66347	-1.43564
-0.62700	0.51799	0.58185	5.17992
-0.26014	-0.84325	0.47037	-8.43252
0.00000	0.00000	0.00000	1.00000

boidNo = 9
boid Wall No = 1
position = = (-4.1, 7.2, 5.6)
Boid Radius= 9.999999
Boid Frame=
 -0.03885	-0.40993	0.91129	-4.09930
-0.63254	0.71608	0.29516	7.16084
0.77355	0.56496	0.28711	5.64961
0.00000	0.00000	0.00000	1.00000

boidNo = 10
boid Wall No = 1
position = = (4.4, 9.0, -0.3)
Boid Radius= 10
Boid Frame=
 0.76118	0.43606	-0.48006	4.36058
-0.38785	0.89933	0.20192	8.99332
-0.51978	-0.03250	-0.85368	-0.32495
0.00000	0.00000	0.00000	1.00000

boidNo = 11
boid Wall No = 1
position = = (0.6, 6.3, 7.7)
Boid Radius= 10
Boid Frame=
 0.88497	0.06352	0.46130	0.63521
-0.39309	0.63298	0.66695	6.32980
0.24963	0.77156	-0.58514	7.71558
0.00000	0.00000	0.00000	1.00000

boidNo = 12
boid Wall No = 0
position = = (0.4, -0.2, 10.0)
Boid Radius= 10
Boid Frame=
 0.71574	0.04070	0.69718	0.40700
-0.69683	-0.02448	0.71682	-0.24477
-0.04624	0.99887	-0.01084	9.98872
0.00000	0.00000	0.00000	1.00000

boidNo = 13
boid Wall No = 1
position = = (2.3, 9.7, 0.5)
Boid Radius= 10
Boid Frame=
 0.89279	0.22696	-0.38911	2.26961
-0.18547	0.97239	0.14163	9.72390
-0.41052	0.05428	-0.91024	0.54275
0.00000	0.00000	0.00000	1.00000

boidNo = 14
boid Wall No = 1
position = = (-3.6, 4.0, -8.5)
Boid Radius= 10
Boid Frame=
 -0.80247	-0.35842	-0.47705	-3.58416
-0.59337	0.39512	0.70127	3.95123
0.06285	-0.84582	0.52975	-8.45823
0.00000	0.00000	0.00000	1.00000

boidNo = 15
boid Wall No = 1
position = = (3.1, 9.2, -2.2)
Boid Radius= 10
Boid Frame=
 -0.17135	0.31271	-0.93426	3.12710
-0.17188	0.92426	0.34089	9.24258
-0.97010	-0.21900	0.10463	-2.18995
0.00000	0.00000	0.00000	1.00000

boidNo = 16
boid Wall No = 0
position = = (-5.4, -2.2, 8.1)
Boid Radius= 10
Boid Frame=
 0.69754	-0.54098	0.46986	-5.40984
-0.65666	-0.22020	0.72132	-2.20201
0.28676	0.81169	0.50884	8.11694
0.00000	0.00000	0.00000	1.00000

boidNo = 17
boid Wall No = 1
position = = (-2.0, 8.6, 4.8)
Boid Radius= 10
Boid Frame=
 0.11954	-0.19677	0.97314	-1.96770
-0.46187	0.85662	0.22995	8.56623
0.87886	0.47695	-0.01152	4.76948
0.00000	0.00000	0.00000	1.00000

boidNo = 18
boid Wall No = 0
position = = (7.9, -5.9, 1.9)
Boid Radius= 10
Boid Frame=
 -0.01410	0.78727	0.61645	7.87266
-0.32244	-0.58716	0.74248	-5.87158
-0.94648	0.18831	-0.26213	1.88305
0.00000	0.00000	0.00000	1.00000

boidNo = 19
boid Wall No = 0
position = = (-5.4, -8.4, -0.5)
Boid Radius= 10
Boid Frame=
 -0.17212	-0.53547	-0.82683	-5.35469
0.05671	-0.84335	0.53436	-8.43351
0.98344	-0.04508	-0.17553	-0.45085
0.00000	0.00000	0.00000	1.00000

