Iteration Num of Simuation:0
m_SimulationDeltaT of action plan:0
boidNo = 0
boid Wall No = 1
position = = (5.0, 3.1, 8.1)
Boid Radius= 10
Boid Frame=
 0.62562	0.50320	0.59614	5.03204
-0.77494	0.31284	0.54918	3.12843
-0.08985	0.80555	-0.58567	8.05553
0.00000	0.00000	0.00000	1.00000

boidNo = 1
boid Wall No = 0
position = = (-3.3, -7.1, 6.2)
Boid Radius= 10
Boid Frame=
 0.93351	-0.33428	-0.12965	-3.34276
-0.15760	-0.70738	0.68904	-7.07379
0.32204	0.62280	0.71303	6.22795
0.00000	0.00000	0.00000	1.00000

boidNo = 2
boid Wall No = 1
position = = (3.3, 8.7, 3.6)
Boid Radius= 10
Boid Frame=
 0.85237	0.33219	-0.40388	3.32190
-0.11619	0.87332	0.47309	8.73320
-0.50987	0.35632	-0.78299	3.56317
0.00000	0.00000	0.00000	1.00000

boidNo = 3
boid Wall No = 0
position = = (-4.7, -3.2, -8.2)
Boid Radius= 10
Boid Frame=
 0.01880	-0.46713	-0.88399	-4.67128
-0.93497	-0.32145	0.14998	-3.21449
0.35422	-0.82369	0.44279	-8.23688
0.00000	0.00000	0.00000	1.00000

boidNo = 4
boid Wall No = 1
position = = (9.1, 0.2, 4.1)
Boid Radius= 10
Boid Frame=
 0.30523	0.91355	0.26880	9.13554
-0.68832	0.01659	0.72522	0.16586
-0.65807	0.40638	-0.63388	4.06379
0.00000	0.00000	0.00000	1.00000

boidNo = 5
boid Wall No = 0
position = = (5.2, -6.1, -6.0)
Boid Radius= 10
Boid Frame=
 -0.85570	0.51745	0.00525	5.17454
-0.36590	-0.61218	0.70096	-6.12184
-0.36593	-0.59789	-0.71318	-5.97890
0.00000	0.00000	0.00000	1.00000

boidNo = 6
boid Wall No = 0
position = = (0.2, -10.0, -0.2)
Boid Radius= 10
Boid Frame=
 -0.55924	0.01875	0.82879	0.18752
0.00766	-0.99958	0.02778	-9.99585
-0.82897	-0.02188	-0.55886	-0.21882
0.00000	0.00000	0.00000	1.00000

boidNo = 7
boid Wall No = 1
position = = (-0.9, 2.6, 9.6)
Boid Radius= 10
Boid Frame=
 0.64428	-0.09368	0.75903	-0.93681
-0.71904	0.26391	0.64291	2.63910
0.26054	0.95999	-0.10267	9.59987
0.00000	0.00000	0.00000	1.00000

boidNo = 8
boid Wall No = 0
position = = (-1.1, -9.9, -0.1)
Boid Radius= 10
Boid Frame=
 -0.18116	-0.10530	-0.97780	-1.05300
0.00720	-0.99437	0.10575	-9.94367
0.98343	-0.01211	-0.18090	-0.12114
0.00000	0.00000	0.00000	1.00000

boidNo = 9
boid Wall No = 1
position = = (-7.3, 5.4, -4.1)
Boid Radius= 10
Boid Frame=
 -0.65707	-0.73436	-0.17024	-7.34355
-0.71762	0.54020	0.43955	5.40198
0.23082	-0.41098	0.88194	-4.10984
0.00000	0.00000	0.00000	1.00000

boidNo = 10
boid Wall No = 0
position = = (0.6, -10.0, -0.8)
Boid Radius= 10
Boid Frame=
 -0.79625	0.05901	0.60208	0.59010
0.00032	-0.99519	0.09796	-9.95191
-0.60497	-0.07819	-0.79240	-0.78188
0.00000	0.00000	0.00000	1.00000

boidNo = 11
boid Wall No = 0
position = = (-0.2, -5.5, 8.4)
Boid Radius= 10
Boid Frame=
 0.88991	-0.02099	0.45565	-0.20994
-0.39173	-0.54693	0.73987	-5.46928
-0.23368	0.83692	0.49494	8.36917
0.00000	0.00000	0.00000	1.00000

boidNo = 12
boid Wall No = 0
position = = (2.0, -4.2, -8.8)
Boid Radius= 10
Boid Frame=
 -0.85535	0.20416	-0.47613	2.04164
-0.51576	-0.42199	0.74559	-4.21994
0.04870	-0.88331	-0.46625	-8.83311
0.00000	0.00000	0.00000	1.00000

boidNo = 13
boid Wall No = 1
position = = (3.2, 9.4, 1.3)
Boid Radius= 10
Boid Frame=
 0.94618	0.31942	-0.05212	3.19421
-0.30820	0.93842	0.15615	9.38419
-0.09879	0.13168	-0.98636	1.31679
0.00000	0.00000	0.00000	1.00000

boidNo = 14
boid Wall No = 0
position = = (-6.4, -5.9, 4.9)
Boid Radius= 10
Boid Frame=
 0.75638	-0.64208	-0.12497	-6.42079
-0.38656	-0.59287	0.70646	-5.92870
0.52769	0.48604	0.69664	4.86045
0.00000	0.00000	0.00000	1.00000

boidNo = 15
boid Wall No = 0
position = = (-5.6, -7.7, -3.2)
Boid Radius= 10
Boid Frame=
 -0.42831	-0.55638	-0.71203	-5.56377
-0.06885	-0.76559	0.63964	-7.65588
0.90100	-0.32299	-0.28961	-3.22987
0.00000	0.00000	0.00000	1.00000

boidNo = 16
boid Wall No = 0
position = = (0.9, -5.2, -8.5)
Boid Radius= 10
Boid Frame=
 -0.24195	0.08864	-0.96623	0.88637
-0.83850	-0.52019	0.16225	-5.20191
0.48824	-0.84944	-0.20018	-8.49438
0.00000	0.00000	0.00000	1.00000

boidNo = 17
boid Wall No = 0
position = = (0.0, -9.8, 2.2)
Boid Radius= 10
Boid Frame=
 0.99508	-0.00343	-0.09898	-0.03434
0.01826	-0.97590	0.21746	-9.75899
0.09734	0.21820	0.97104	2.18198
0.00000	0.00000	0.00000	1.00000

boidNo = 18
boid Wall No = 0
position = = (-2.8, -8.3, -4.8)
Boid Radius= 10
Boid Frame=
 -0.86134	-0.27891	-0.42461	-2.78914
-0.00249	-0.83348	0.55254	-8.33482
0.50802	-0.47699	-0.71722	-4.76986
0.00000	0.00000	0.00000	1.00000

boidNo = 19
boid Wall No = 0
position = = (-7.0, -7.2, -0.3)
Boid Radius= 10
Boid Frame=
 0.10729	-0.69729	-0.70871	-6.97292
-0.15210	-0.71595	0.68139	-7.15947
0.98253	-0.03469	0.18287	-0.34692
0.00000	0.00000	0.00000	1.00000

