Iteration Num of Simuation:0
m_SimulationDeltaT of action plan:0
boidNo = 0
boid Wall No = 0
position = = (5.4, -3.8, 7.5)
Boid Radius= 10
Boid Frame=
 0.36728	0.54063	0.75685	5.40630
-0.69980	-0.37540	0.60774	-3.75396
-0.61268	0.75286	-0.24046	7.52860
0.00000	0.00000	0.00000	1.00000

boidNo = 1
boid Wall No = 1
position = = (-4.6, 4.9, -7.4)
Boid Radius= 10
Boid Frame=
 -0.85230	-0.46050	-0.24805	-4.60495
-0.47760	0.49178	0.72804	4.91784
0.21327	-0.73898	0.63908	-7.38981
0.00000	0.00000	0.00000	1.00000

boidNo = 2
boid Wall No = 1
position = = (4.0, 2.0, 9.0)
Boid Radius= 10
Boid Frame=
 0.74698	0.39998	0.53107	3.99980
-0.63565	0.19552	0.74681	1.95525
-0.19487	0.89543	-0.40030	8.95425
0.00000	0.00000	0.00000	1.00000

boidNo = 3
boid Wall No = 1
position = = (-8.3, 4.4, -3.5)
Boid Radius= 10
Boid Frame=
 -0.55942	-0.82813	0.03530	-8.28130
-0.60870	0.43935	0.66065	4.39352
0.56261	-0.34810	0.74987	-3.48095
0.00000	0.00000	0.00000	1.00000

boidNo = 4
boid Wall No = 0
position = = (-3.2, -4.4, 8.4)
Boid Radius= 9.999999
Boid Frame=
 0.87481	-0.31576	0.36742	-3.15759
-0.47769	-0.43580	0.76282	-4.35803
0.08074	0.84284	0.53208	8.42836
0.00000	0.00000	0.00000	1.00000

boidNo = 5
boid Wall No = 1
position = = (-3.6, 7.5, -5.5)
Boid Radius= 10
Boid Frame=
 -0.93380	-0.35712	0.02174	-3.57123
-0.27458	0.75428	0.59638	7.54277
0.22938	-0.55094	0.80241	-5.50935
0.00000	0.00000	0.00000	1.00000

boidNo = 6
boid Wall No = 0
position = = (-7.2, -5.5, 4.2)
Boid Radius= 10
Boid Frame=
 0.67416	-0.71930	-0.16769	-7.19300
-0.40585	-0.55047	0.72957	-5.50467
0.61709	0.42378	0.66303	4.23784
0.00000	0.00000	0.00000	1.00000

boidNo = 7
boid Wall No = 0
position = = (2.5, -7.7, 5.9)
Boid Radius= 9.999999
Boid Frame=
 0.88416	0.25339	0.39250	2.53395
-0.06503	-0.76520	0.64049	-7.65205
-0.46264	0.59182	0.66008	5.91822
0.00000	0.00000	0.00000	1.00000

boidNo = 8
boid Wall No = 1
position = = (-5.5, 6.3, 5.5)
Boid Radius= 10
Boid Frame=
 0.28793	-0.54729	0.78586	-5.47289
-0.47044	0.63393	0.61385	6.33932
0.83413	0.54645	0.07494	5.46448
0.00000	0.00000	0.00000	1.00000

boidNo = 9
boid Wall No = 1
position = = (-4.8, 8.0, 3.7)
Boid Radius= 10
Boid Frame=
 0.22024	-0.47710	0.85081	-4.77101
-0.29611	0.79836	0.52434	7.98363
0.92942	0.36741	-0.03455	3.67412
0.00000	0.00000	0.00000	1.00000

boidNo = 10
boid Wall No = 1
position = = (9.7, 0.2, -2.5)
Boid Radius= 10
Boid Frame=
 -0.03235	0.96904	-0.24476	9.69044
-0.98147	0.01547	0.19098	0.15468
-0.18885	-0.24640	-0.95059	-2.46402
0.00000	0.00000	0.00000	1.00000

boidNo = 11
boid Wall No = 1
position = = (1.7, 8.6, -4.9)
Boid Radius= 10
Boid Frame=
 -0.76800	0.16592	-0.61858	1.65921
-0.19784	0.85716	0.47554	8.57161
-0.60913	-0.48759	0.62547	-4.87592
0.00000	0.00000	0.00000	1.00000

boidNo = 12
boid Wall No = 1
position = = (-0.5, 9.9, 0.9)
Boid Radius= 10
Boid Frame=
 0.29405	-0.04744	0.95461	-0.47439
-0.07356	0.99468	0.07209	9.94682
0.95296	0.09142	-0.28900	0.91420
0.00000	0.00000	0.00000	1.00000

boidNo = 13
boid Wall No = 1
position = = (-4.3, 0.9, -9.0)
Boid Radius= 10
Boid Frame=
 -0.72293	-0.42512	-0.54465	-4.25121
-0.63327	0.09246	0.76839	0.92456
0.27630	-0.90040	0.33606	-9.00402
0.00000	0.00000	0.00000	1.00000

boidNo = 14
boid Wall No = 1
position = = (7.9, 5.8, 1.8)
Boid Radius= 10
Boid Frame=
 0.48448	0.79430	-0.36656	7.94299
-0.42307	0.57950	0.69655	5.79502
-0.76569	0.18239	-0.61681	1.82390
0.00000	0.00000	0.00000	1.00000

boidNo = 15
boid Wall No = 1
position = = (6.5, 4.3, -6.2)
Boid Radius= 10
Boid Frame=
 -0.37071	0.64883	-0.66452	6.48835
-0.53615	0.43474	0.72357	4.34737
-0.75837	-0.62451	-0.18671	-6.24514
0.00000	0.00000	0.00000	1.00000

boidNo = 16
boid Wall No = 1
position = = (6.1, 2.5, -7.5)
Boid Radius= 10
Boid Frame=
 -0.49685	0.60933	-0.61795	6.09333
-0.61801	0.25147	0.74486	2.51469
-0.60926	-0.75198	-0.25163	-7.51982
0.00000	0.00000	0.00000	1.00000

boidNo = 17
boid Wall No = 0
position = = (0.6, -9.3, -3.6)
Boid Radius= 10
Boid Frame=
 -0.95905	0.06253	0.27626	0.62530
0.04520	-0.92904	0.36720	-9.29044
-0.27962	-0.36465	-0.88817	-3.64647
0.00000	0.00000	0.00000	1.00000

boidNo = 18
boid Wall No = 0
position = = (6.4, -1.1, -7.6)
Boid Radius= 9.999999
Boid Frame=
 -0.58247	0.64000	-0.50113	6.40001
-0.71253	-0.10529	0.69370	-1.05293
-0.39120	-0.76113	-0.51735	-7.61126
0.00000	0.00000	0.00000	1.00000

boidNo = 19
boid Wall No = 1
position = = (0.4, 9.9, 1.0)
Boid Radius= 10
Boid Frame=
 0.92378	0.04048	0.38078	0.40479
-0.07639	0.99389	0.07966	9.93891
0.37522	0.10268	-0.92123	1.02679
0.00000	0.00000	0.00000	1.00000

