Iteration Num of Simuation:0
m_SimulationDeltaT of action plan:0
boidNo = 0
boid Wall No = 0
position = = (2.1, -7.0, 6.8)
Boid Radius= 10
Boid Frame=
 0.84006	0.21132	0.49965	2.11320
-0.22499	-0.70236	0.67533	-7.02355
-0.49364	0.67974	0.54247	6.79736
0.00000	0.00000	0.00000	1.00000

boidNo = 1
boid Wall No = 0
position = = (0.6, -10.0, 0.5)
Boid Radius= 10
Boid Frame=
 0.70253	0.05965	0.70915	0.59646
0.00676	-0.99700	0.07716	-9.96996
-0.71162	0.04941	0.70083	0.49408
0.00000	0.00000	0.00000	1.00000

boidNo = 2
boid Wall No = 1
position = = (8.3, 1.4, 5.4)
Boid Radius= 10
Boid Frame=
 0.47846	0.82640	0.29687	8.26403
-0.69020	0.14493	0.70896	1.44931
-0.54286	0.54411	-0.63973	5.44107
0.00000	0.00000	0.00000	1.00000

boidNo = 3
boid Wall No = 0
position = = (-2.9, -5.9, 7.6)
Boid Radius= 10
Boid Frame=
 0.90823	-0.28526	0.30619	-2.85260
-0.41806	-0.58563	0.69445	-5.85635
0.01878	0.75872	0.65114	7.58722
0.00000	0.00000	0.00000	1.00000

boidNo = 4
boid Wall No = 1
position = = (-4.3, 7.2, 5.4)
Boid Radius= 10
Boid Frame=
 0.41516	-0.43068	0.80135	-4.30676
-0.37671	0.72040	0.58233	7.20399
0.82809	0.54364	-0.13684	5.43639
0.00000	0.00000	0.00000	1.00000

boidNo = 5
boid Wall No = 1
position = = (-6.1, 7.4, 3.0)
Boid Radius= 10
Boid Frame=
 -0.22410	-0.60521	0.76387	-6.05215
-0.51453	0.73913	0.43467	7.39134
0.82767	0.29563	0.47704	2.95629
0.00000	0.00000	0.00000	1.00000

boidNo = 6
boid Wall No = 1
position = = (0.5, 9.8, -1.7)
Boid Radius= 10
Boid Frame=
 -0.71418	0.04931	-0.69822	0.49312
-0.08558	0.98388	0.15702	9.83881
-0.69471	-0.17189	0.69845	-1.71891
0.00000	0.00000	0.00000	1.00000

boidNo = 7
boid Wall No = 0
position = = (-8.1, -3.5, 4.8)
Boid Radius= 10
Boid Frame=
 0.51116	-0.80595	0.29860	-8.05950
-0.81813	-0.34978	0.45642	-3.49785
0.26341	0.47759	0.83817	4.77594
0.00000	0.00000	0.00000	1.00000

boidNo = 8
boid Wall No = 0
position = = (8.5, -5.2, -0.8)
Boid Radius= 10
Boid Frame=
 -0.51354	0.84736	0.13509	8.47363
-0.77051	-0.52467	0.36198	-5.24674
-0.37760	-0.08181	-0.92235	-0.81807
0.00000	0.00000	0.00000	1.00000

boidNo = 9
boid Wall No = 0
position = = (5.1, -7.3, 4.6)
Boid Radius= 10
Boid Frame=
 0.56028	0.50857	0.65379	5.08567
-0.12646	-0.72754	0.67431	-7.27541
-0.81859	0.46048	0.34331	4.60483
0.00000	0.00000	0.00000	1.00000

boidNo = 10
boid Wall No = 0
position = = (8.8, -3.8, 2.8)
Boid Radius= 10
Boid Frame=
 0.02398	0.88102	0.47247	8.81019
-0.55390	-0.38173	0.73992	-3.81732
-0.83224	0.27944	-0.47884	2.79441
0.00000	0.00000	0.00000	1.00000

boidNo = 11
boid Wall No = 1
position = = (7.6, 6.4, 0.6)
Boid Radius= 10
Boid Frame=
 0.58511	0.76367	-0.27288	7.63665
-0.64772	0.64255	0.40937	6.42553
-0.48796	0.06278	-0.87060	0.62781
0.00000	0.00000	0.00000	1.00000

boidNo = 12
boid Wall No = 0
position = = (6.3, -5.1, -5.8)
Boid Radius= 10
Boid Frame=
 -0.76347	0.63335	-0.12639	6.33354
-0.53294	-0.50728	0.67723	-5.07278
-0.36481	-0.58441	-0.72483	-5.84407
0.00000	0.00000	0.00000	1.00000

boidNo = 13
boid Wall No = 1
position = = (-2.2, 6.9, 6.9)
Boid Radius= 10
Boid Frame=
 0.61617	-0.21873	0.75663	-2.18729
-0.44941	0.69128	0.56582	6.91284
0.64681	0.68868	-0.32765	6.88683
0.00000	0.00000	0.00000	1.00000

boidNo = 14
boid Wall No = 0
position = = (-6.3, -7.2, 2.8)
Boid Radius= 10
Boid Frame=
 0.52525	-0.63388	-0.56772	-6.33878
-0.13657	-0.72131	0.67901	-7.21312
0.83992	0.27912	0.46544	2.79121
0.00000	0.00000	0.00000	1.00000

boidNo = 15
boid Wall No = 1
position = = (-8.8, 2.3, 4.2)
Boid Radius= 10
Boid Frame=
 0.21291	-0.87859	0.42749	-8.78590
-0.60483	0.22511	0.76387	2.25106
0.76736	0.42120	0.48347	4.21197
0.00000	0.00000	0.00000	1.00000

boidNo = 16
boid Wall No = 1
position = = (-1.3, 9.6, 2.3)
Boid Radius= 9.999999
Boid Frame=
 0.73832	-0.12900	0.66200	-1.28995
-0.06308	0.96403	0.25820	9.64030
0.67150	0.23239	-0.70362	2.32392
0.00000	0.00000	0.00000	1.00000

boidNo = 17
boid Wall No = 1
position = = (-9.0, 4.1, 1.3)
Boid Radius= 10
Boid Frame=
 -0.16844	-0.90154	0.39857	-9.01539
-0.60489	0.41380	0.68035	4.13797
0.77829	0.12649	0.61504	1.26490
0.00000	0.00000	0.00000	1.00000

boidNo = 18
boid Wall No = 0
position = = (0.2, -7.5, -6.6)
Boid Radius= 9.999999
Boid Frame=
 -0.96459	0.02172	-0.26287	0.21723
-0.19018	-0.74785	0.63604	-7.47852
0.18277	-0.66351	-0.72550	-6.63509
0.00000	0.00000	0.00000	1.00000

boidNo = 19
boid Wall No = 1
position = = (-6.0, 7.9, -1.5)
Boid Radius= 10
Boid Frame=
 -0.48396	-0.59908	0.63787	-5.99082
-0.21162	0.78741	0.57897	7.87410
0.84912	-0.14521	0.50785	-1.45208
0.00000	0.00000	0.00000	1.00000

