Iteration Num of Simuation:0
m_SimulationDeltaT of action plan:0
boidNo = 0
boid Wall No = 0
position = = (0.3, -6.8, 7.3)
Boid Radius= 10
Boid Frame=
 -0.02320	0.03298	0.99919	0.32978
-0.73416	-0.67896	0.00536	-6.78959
-0.67858	0.73344	-0.03996	7.33435
0.00000	0.00000	0.00000	1.00000

boidNo = 1
boid Wall No = 0
position = = (-1.7, -9.8, 0.8)
Boid Radius= 10
Boid Frame=
 0.48327	-0.16969	-0.85887	-1.69690
-0.00973	-0.98202	0.18854	-9.82017
0.87542	0.08276	0.47624	0.82759
0.00000	0.00000	0.00000	1.00000

boidNo = 2
boid Wall No = 0
position = = (-2.6, -5.1, -8.2)
Boid Radius= 10
Boid Frame=
 -0.77267	-0.25704	-0.58044	-2.57038
-0.40224	-0.50912	0.76092	-5.09120
0.49110	-0.82142	-0.28999	-8.21419
0.00000	0.00000	0.00000	1.00000

boidNo = 3
boid Wall No = 0
position = = (5.6, -8.2, 1.2)
Boid Radius= 10
Boid Frame=
 0.19475	0.55818	0.80654	5.58176
-0.01112	-0.82098	0.57085	-8.20978
-0.98079	0.12015	0.15368	1.20146
0.00000	0.00000	0.00000	1.00000

boidNo = 4
boid Wall No = 1
position = = (-6.4, 6.5, -4.0)
Boid Radius= 10
Boid Frame=
 -0.73806	-0.63997	0.21377	-6.39970
-0.37674	0.65372	0.65629	6.53715
0.55976	-0.40385	0.72359	-4.03850
0.00000	0.00000	0.00000	1.00000

boidNo = 5
boid Wall No = 1
position = = (3.1, 0.7, -9.5)
Boid Radius= 10
Boid Frame=
 -0.70459	0.30728	-0.63963	3.07280
-0.65329	0.07102	0.75377	0.71020
-0.27704	-0.94897	-0.15070	-9.48966
0.00000	0.00000	0.00000	1.00000

boidNo = 6
boid Wall No = 1
position = = (-0.5, 10.0, 0.7)
Boid Radius= 10
Boid Frame=
 0.69016	-0.05449	0.72160	-0.54486
-0.01126	0.99623	0.08599	9.96233
0.72357	0.06747	-0.68695	0.67469
0.00000	0.00000	0.00000	1.00000

boidNo = 7
boid Wall No = 0
position = = (-1.0, -7.3, 6.7)
Boid Radius= 10
Boid Frame=
 0.99185	-0.10239	0.07583	-1.02388
-0.12676	-0.73278	0.66856	-7.32776
0.01289	0.67272	0.73978	6.72723
0.00000	0.00000	0.00000	1.00000

boidNo = 8
boid Wall No = 1
position = = (3.8, 7.3, 5.7)
Boid Radius= 10
Boid Frame=
 0.91675	0.38473	0.10747	3.84728
-0.37227	0.72530	0.57909	7.25304
-0.14484	0.57089	-0.80815	5.70893
0.00000	0.00000	0.00000	1.00000

boidNo = 9
boid Wall No = 1
position = = (9.4, 3.4, -0.7)
Boid Radius= 10
Boid Frame=
 0.16569	0.93833	-0.30344	9.38334
-0.61742	0.33863	0.71002	3.38631
-0.76899	-0.06971	-0.63545	-0.69707
0.00000	0.00000	0.00000	1.00000

boidNo = 10
boid Wall No = 0
position = = (-9.9, -1.3, 0.4)
Boid Radius= 9.999999
Boid Frame=
 0.11114	-0.99060	-0.07979	-9.90597
-0.60358	-0.13106	0.78646	-1.31060
0.78952	0.03925	0.61247	0.39247
0.00000	0.00000	0.00000	1.00000

boidNo = 11
boid Wall No = 0
position = = (1.1, -9.8, 1.5)
Boid Radius= 10
Boid Frame=
 0.70545	0.11356	0.69960	1.13560
-0.02409	-0.98267	0.18380	-9.82669
-0.70835	0.14651	0.69049	1.46514
0.00000	0.00000	0.00000	1.00000

boidNo = 12
boid Wall No = 0
position = = (-3.4, -6.2, 7.0)
Boid Radius= 10
Boid Frame=
 0.86370	-0.33711	0.37467	-3.37113
-0.50297	-0.62411	0.59792	-6.24106
-0.03227	0.70487	0.70860	7.04873
0.00000	0.00000	0.00000	1.00000

boidNo = 13
boid Wall No = 1
position = = (-1.4, 9.7, 2.2)
Boid Radius= 10
Boid Frame=
 0.34321	-0.13664	0.92927	-1.36638
-0.15835	0.96678	0.20064	9.66783
0.92581	0.21601	-0.31017	2.16009
0.00000	0.00000	0.00000	1.00000

boidNo = 14
boid Wall No = 0
position = = (-8.5, -5.1, -1.3)
Boid Radius= 10
Boid Frame=
 0.09010	-0.85052	-0.51817	-8.50519
-0.38449	-0.50965	0.76969	-5.09654
0.91872	-0.12989	0.37294	-1.29887
0.00000	0.00000	0.00000	1.00000

boidNo = 15
boid Wall No = 1
position = = (2.3, 9.7, 1.1)
Boid Radius= 10
Boid Frame=
 0.97205	0.22709	-0.05962	2.27085
-0.21868	0.96812	0.12215	9.68122
-0.08546	0.10570	-0.99072	1.05699
0.00000	0.00000	0.00000	1.00000

boidNo = 16
boid Wall No = 0
position = = (-4.9, -3.5, -8.0)
Boid Radius= 10
Boid Frame=
 -0.08652	-0.48766	-0.86874	-4.87659
-0.89224	-0.35000	0.28533	-3.49997
0.44320	-0.79981	0.40483	-7.99807
0.00000	0.00000	0.00000	1.00000

boidNo = 17
boid Wall No = 0
position = = (3.8, -8.5, 3.7)
Boid Radius= 10
Boid Frame=
 0.80296	0.38192	0.45759	3.81923
0.10591	-0.84694	0.52103	-8.46939
-0.58655	0.36990	0.72051	3.69904
0.00000	0.00000	0.00000	1.00000

boidNo = 18
boid Wall No = 0
position = = (-3.3, -6.8, 6.5)
Boid Radius= 10
Boid Frame=
 0.94256	-0.33200	-0.03686	-3.31998
-0.21192	-0.67963	0.70227	-6.79633
0.25821	0.65412	0.71095	6.54122
0.00000	0.00000	0.00000	1.00000

boidNo = 19
boid Wall No = 0
position = = (-3.4, -1.0, 9.4)
Boid Radius= 10
Boid Frame=
 0.79310	-0.33972	0.50555	-3.39721
-0.56462	-0.09872	0.81943	-0.98722
0.22847	0.93533	0.27011	9.35331
0.00000	0.00000	0.00000	1.00000

