Iteration Num of Simuation:0
m_SimulationDeltaT of action plan:0
boidNo = 0
boid Wall No = 0
position = = (0.3, -3.6, 9.3)
Boid Radius= 10
Boid Frame=
 0.85627	0.02687	0.51583	0.26868
-0.47216	-0.36425	0.80274	-3.64252
-0.20946	0.93091	0.29921	9.30913
0.00000	0.00000	0.00000	1.00000

boidNo = 1
boid Wall No = 1
position = = (5.0, 6.3, -5.9)
Boid Radius= 10
Boid Frame=
 -0.24980	0.50100	-0.82861	5.01002
-0.54858	0.63193	0.54746	6.31933
-0.79791	-0.59132	-0.11699	-5.91319
0.00000	0.00000	0.00000	1.00000

boidNo = 2
boid Wall No = 1
position = = (9.2, 1.1, 3.7)
Boid Radius= 10
Boid Frame=
 0.34881	0.92123	0.17225	9.21230
-0.65092	0.10591	0.75172	1.05905
-0.67427	0.37432	-0.63659	3.74324
0.00000	0.00000	0.00000	1.00000

boidNo = 3
boid Wall No = 1
position = = (-6.1, 7.8, -1.4)
Boid Radius= 10
Boid Frame=
 -0.78886	-0.61334	0.03887	-6.13344
-0.59493	0.77798	0.20201	7.77978
0.15414	-0.13624	0.97861	-1.36237
0.00000	0.00000	0.00000	1.00000

boidNo = 4
boid Wall No = 1
position = = (7.5, 3.2, -5.8)
Boid Radius= 9.999999
Boid Frame=
 -0.24081	0.74795	-0.61853	7.47947
-0.69124	0.31520	0.65026	3.15198
-0.68132	-0.58414	-0.44111	-5.84145
0.00000	0.00000	0.00000	1.00000

boidNo = 5
boid Wall No = 1
position = = (-5.4, 5.8, -6.1)
Boid Radius= 10
Boid Frame=
 -0.84304	-0.53584	-0.04652	-5.35841
-0.40943	0.58324	0.70157	5.83238
0.34880	-0.61050	0.71108	-6.10498
0.00000	0.00000	0.00000	1.00000

boidNo = 6
boid Wall No = 1
position = = (-7.3, 3.6, -5.9)
Boid Radius= 9.999999
Boid Frame=
 -0.67216	-0.72606	-0.14503	-7.26059
-0.55111	0.35982	0.75287	3.59820
0.49444	-0.58598	0.64200	-5.85976
0.00000	0.00000	0.00000	1.00000

boidNo = 7
boid Wall No = 0
position = = (3.2, -9.4, -1.0)
Boid Radius= 10
Boid Frame=
 -0.21463	0.32334	0.92162	3.23341
0.03471	-0.94049	0.33805	-9.40489
-0.97608	-0.10455	-0.19064	-1.04549
0.00000	0.00000	0.00000	1.00000

boidNo = 8
boid Wall No = 0
position = = (8.6, -1.3, -5.0)
Boid Radius= 10
Boid Frame=
 -0.46854	0.85707	-0.21425	8.57071
-0.59262	-0.12505	0.79572	-1.25050
-0.65519	-0.49979	-0.56651	-4.99792
0.00000	0.00000	0.00000	1.00000

boidNo = 9
boid Wall No = 0
position = = (-3.1, -9.3, -2.0)
Boid Radius= 10
Boid Frame=
 0.78920	-0.31263	0.52861	-3.12626
-0.13488	-0.92795	-0.34743	-9.27954
-0.59914	-0.20289	0.77451	-2.02893
0.00000	0.00000	0.00000	1.00000

