Iteration Num of Simuation:0
m_SimulationDeltaT of action plan:0
boidNo = 0
boid Wall No = 0
position = = (-4.2, -8.1, 4.0)
Boid Radius= 10
Boid Frame=
 0.77176	-0.42374	-0.47416	-4.23742
-0.09504	-0.81412	0.57286	-8.14122
0.62877	0.39705	0.66858	3.97050
0.00000	0.00000	0.00000	1.00000

boidNo = 1
boid Wall No = 0
position = = (0.3, -2.0, 9.8)
Boid Radius= 10
Boid Frame=
 0.77222	0.03324	0.63448	0.33236
-0.61649	-0.20236	0.76092	-2.02359
-0.15368	0.97875	0.13578	9.78747
0.00000	0.00000	0.00000	1.00000

boidNo = 2
boid Wall No = 1
position = = (-5.5, 6.1, 5.6)
Boid Radius= 10
Boid Frame=
 0.14687	-0.55266	0.82037	-5.52656
-0.59341	0.61432	0.52008	6.14315
0.79139	0.56319	0.23773	5.63194
0.00000	0.00000	0.00000	1.00000

boidNo = 3
boid Wall No = 0
position = = (-6.6, -5.9, 4.6)
Boid Radius= 10
Boid Frame=
 0.72885	-0.65845	-0.18769	-6.58451
-0.35020	-0.59406	0.72419	-5.94062
0.58834	0.46210	0.66357	4.62097
0.00000	0.00000	0.00000	1.00000

boidNo = 4
boid Wall No = 0
position = = (1.1, -9.8, 1.7)
Boid Radius= 10
Boid Frame=
 0.75290	0.11425	0.64814	1.14247
-0.02696	-0.97864	0.20382	-9.78638
-0.65758	0.17093	0.73374	1.70928
0.00000	0.00000	0.00000	1.00000

boidNo = 5
boid Wall No = 0
position = = (-7.3, -3.1, -6.1)
Boid Radius= 10
Boid Frame=
 -0.40594	-0.73152	-0.54781	-7.31517
-0.51957	-0.30839	0.79683	-3.08393
0.75184	-0.60809	0.25488	-6.08092
0.00000	0.00000	0.00000	1.00000

boidNo = 6
boid Wall No = 0
position = = (2.3, -8.6, -4.5)
Boid Radius= 10
Boid Frame=
 -0.76140	0.23095	0.60575	2.30951
0.12780	-0.86258	0.48951	-8.62583
-0.63557	-0.45013	-0.62725	-4.50126
0.00000	0.00000	0.00000	1.00000

boidNo = 7
boid Wall No = 1
position = = (6.7, 7.3, -1.2)
Boid Radius= 10
Boid Frame=
 0.39149	0.66804	-0.63282	6.68041
-0.48543	0.73416	0.47472	7.34165
-0.78173	-0.12134	-0.61170	-1.21340
0.00000	0.00000	0.00000	1.00000

boidNo = 8
boid Wall No = 0
position = = (4.6, -8.3, 3.2)
Boid Radius= 10
Boid Frame=
 0.61725	0.45928	0.63880	4.59280
0.03709	-0.82801	0.55949	-8.28010
-0.78589	0.32165	0.52812	3.21654
0.00000	0.00000	0.00000	1.00000

boidNo = 9
boid Wall No = 1
position = = (1.3, 9.4, 3.2)
Boid Radius= 10
Boid Frame=
 0.99213	0.12520	-0.00336	1.25199
-0.11737	0.93875	0.32398	9.38754
-0.04372	0.32104	-0.94606	3.21038
0.00000	0.00000	0.00000	1.00000

boidNo = 10
boid Wall No = 1
position = = (3.3, 1.7, 9.3)
Boid Radius= 10
Boid Frame=
 0.65578	0.33052	0.67876	3.30516
-0.74904	0.17256	0.63966	1.72560
-0.09429	0.92789	-0.36073	9.27891
0.00000	0.00000	0.00000	1.00000

boidNo = 11
boid Wall No = 0
position = = (0.7, -9.6, -2.7)
Boid Radius= 10
Boid Frame=
 -0.87824	0.06540	0.47373	0.65399
0.07414	-0.96001	0.26997	-9.60010
-0.47245	-0.27222	-0.83827	-2.72221
0.00000	0.00000	0.00000	1.00000

boidNo = 12
boid Wall No = 0
position = = (-5.2, -5.2, 6.7)
Boid Radius= 10
Boid Frame=
 0.78983	-0.52330	0.31988	-5.23303
-0.59426	-0.52391	0.61023	-5.23911
0.15175	0.67206	0.72478	6.72065
0.00000	0.00000	0.00000	1.00000

boidNo = 13
boid Wall No = 1
position = = (-8.5, 0.6, 5.3)
Boid Radius= 10
Boid Frame=
 0.14732	-0.84882	0.50774	-8.48819
-0.92762	0.05958	0.36874	0.59579
0.34324	0.52532	0.77861	5.25316
0.00000	0.00000	0.00000	1.00000

boidNo = 14
boid Wall No = 1
position = = (9.1, 4.1, -1.0)
Boid Radius= 10
Boid Frame=
 0.15673	0.90640	-0.39228	9.06396
-0.53902	0.41132	0.73503	4.11319
-0.82758	-0.09624	-0.55303	-0.96241
0.00000	0.00000	0.00000	1.00000

boidNo = 15
boid Wall No = 1
position = = (9.8, 0.3, -1.8)
Boid Radius= 9.999999
Boid Frame=
 -0.07554	0.98298	-0.16746	9.82981
-0.84200	0.02708	0.53879	0.27078
-0.53416	-0.18170	-0.82563	-1.81700
0.00000	0.00000	0.00000	1.00000

boidNo = 16
boid Wall No = 1
position = = (6.9, 7.1, 1.2)
Boid Radius= 10
Boid Frame=
 0.52827	0.69480	-0.48804	6.94804
-0.38576	0.70844	0.59102	7.08437
-0.75639	0.12395	-0.64227	1.23952
0.00000	0.00000	0.00000	1.00000

boidNo = 17
boid Wall No = 0
position = = (1.2, -0.4, 9.9)
Boid Radius= 10
Boid Frame=
 0.81502	0.12358	0.56611	1.23581
-0.56604	-0.03911	0.82345	-0.39106
-0.12390	0.99156	-0.03808	9.91564
0.00000	0.00000	0.00000	1.00000

boidNo = 18
boid Wall No = 0
position = = (8.1, -4.8, -3.3)
Boid Radius= 10
Boid Frame=
 -0.54278	0.81387	0.20736	8.13871
-0.41883	-0.47630	0.77312	-4.76305
-0.72799	-0.33279	-0.59940	-3.32788
0.00000	0.00000	0.00000	1.00000

boidNo = 19
boid Wall No = 0
position = = (-1.0, -9.9, -0.2)
Boid Radius= 10
Boid Frame=
 -0.17662	-0.10336	-0.97884	-1.03362
0.00277	-0.99452	0.10452	-9.94519
0.98428	-0.01575	-0.17594	-0.15752
0.00000	0.00000	0.00000	1.00000

