Iteration Num of Simuation:0
m_SimulationDeltaT of action plan:0
boidNo = 0
boid Wall No = 1
position = = (-0.7, 10.0, 0.2)
Boid Radius= 10
Boid Frame=
 0.72799	-0.07340	0.68165	-0.73396
0.03965	0.99710	0.06501	9.97096
0.68444	0.02030	-0.72879	0.20300
0.00000	0.00000	0.00000	1.00000

boidNo = 1
boid Wall No = 0
position = = (6.0, -2.3, 7.6)
Boid Radius= 10
Boid Frame=
 0.56821	0.60180	0.56122	6.01803
-0.54605	-0.23448	0.80427	-2.34476
-0.61561	0.76345	-0.19538	7.63449
0.00000	0.00000	0.00000	1.00000

boidNo = 2
boid Wall No = 0
position = = (0.1, -7.0, 7.2)
Boid Radius= 10
Boid Frame=
 -0.26787	0.00704	0.96343	0.07040
-0.69068	-0.69859	-0.18693	-6.98587
-0.67172	0.71549	-0.19199	7.15491
0.00000	0.00000	0.00000	1.00000

boidNo = 3
boid Wall No = 0
position = = (5.3, -8.0, -2.7)
Boid Radius= 10
Boid Frame=
 -0.45724	0.53255	0.71227	5.32551
-0.00053	-0.80105	0.59860	-8.01051
-0.88934	-0.27333	-0.36655	-2.73327
0.00000	0.00000	0.00000	1.00000

boidNo = 4
boid Wall No = 1
position = = (-4.2, 4.1, 8.1)
Boid Radius= 10
Boid Frame=
 0.60661	-0.42486	0.67195	-4.24859
-0.53155	0.41177	0.74021	4.11771
0.59117	0.80619	-0.02395	8.06188
0.00000	0.00000	0.00000	1.00000

boidNo = 5
boid Wall No = 1
position = = (5.1, 8.4, -1.8)
Boid Radius= 10
Boid Frame=
 -0.14027	0.51460	-0.84588	5.14600
-0.12136	0.83895	0.53051	8.38947
-0.98265	-0.17707	0.05523	-1.77070
0.00000	0.00000	0.00000	1.00000

boidNo = 6
boid Wall No = 0
position = = (0.3, -3.0, -9.5)
Boid Radius= 10
Boid Frame=
 -0.85058	0.02630	-0.52518	0.26297
-0.50814	-0.29808	0.80805	-2.98082
0.13530	-0.95418	-0.26691	-9.54178
0.00000	0.00000	0.00000	1.00000

boidNo = 7
boid Wall No = 1
position = = (2.4, 4.9, -8.4)
Boid Radius= 9.999999
Boid Frame=
 -0.56658	0.23709	-0.78916	2.37094
-0.62984	0.49291	0.60028	4.92911
-0.53131	-0.83715	0.12994	-8.37153
0.00000	0.00000	0.00000	1.00000

boidNo = 8
boid Wall No = 1
position = = (8.7, 4.8, -0.3)
Boid Radius= 10
Boid Frame=
 0.36562	0.87462	-0.31837	8.74622
-0.69318	0.48414	0.53396	4.84135
-0.62115	-0.02546	-0.78328	-0.25464
0.00000	0.00000	0.00000	1.00000

boidNo = 9
boid Wall No = 0
position = = (-3.2, -2.9, 9.0)
Boid Radius= 10
Boid Frame=
 0.65900	-0.31841	0.68142	-3.18411
-0.75206	-0.29214	0.59081	-2.92143
-0.01095	0.90181	0.43199	9.01813
0.00000	0.00000	0.00000	1.00000

boidNo = 10
boid Wall No = 1
position = = (0.2, 8.5, -5.3)
Boid Radius= 9.999999
Boid Frame=
 -0.97161	0.02057	-0.23568	0.20569
-0.10824	0.84718	0.52017	8.47176
-0.21036	-0.53091	0.82090	-5.30914
0.00000	0.00000	0.00000	1.00000

boidNo = 11
boid Wall No = 1
position = = (-3.3, 9.0, 3.0)
Boid Radius= 10
Boid Frame=
 0.39005	-0.32916	0.85995	-3.29158
-0.15578	0.89687	0.41394	8.96874
0.90752	0.29542	-0.29855	2.95418
0.00000	0.00000	0.00000	1.00000

boidNo = 12
boid Wall No = 0
position = = (-3.9, -5.5, -7.4)
Boid Radius= 10
Boid Frame=
 -0.56047	-0.39303	-0.72897	-3.93033
-0.49340	-0.54848	0.67507	-5.48484
0.66515	-0.73803	-0.11349	-7.38032
0.00000	0.00000	0.00000	1.00000

boidNo = 13
boid Wall No = 1
position = = (5.2, 6.2, -5.9)
Boid Radius= 10
Boid Frame=
 -0.37063	0.52332	-0.76731	5.23320
-0.45606	0.61715	0.64120	6.17152
-0.80910	-0.58759	-0.00993	-5.87588
0.00000	0.00000	0.00000	1.00000

boidNo = 14
boid Wall No = 0
position = = (2.3, -9.5, 1.9)
Boid Radius= 10
Boid Frame=
 0.47817	0.22752	0.84828	2.27520
-0.06209	-0.95469	0.29106	-9.54689
-0.87607	0.19184	0.44238	1.91845
0.00000	0.00000	0.00000	1.00000

boidNo = 15
boid Wall No = 1
position = = (-4.8, 5.0, 7.2)
Boid Radius= 10
Boid Frame=
 0.54938	-0.47656	0.68635	-4.76556
-0.47110	0.50175	0.72547	5.01752
0.69011	0.72190	-0.05114	7.21900
0.00000	0.00000	0.00000	1.00000

boidNo = 16
boid Wall No = 1
position = = (6.7, 6.8, -3.1)
Boid Radius= 10
Boid Frame=
 0.37984	0.66713	-0.64082	6.67133
-0.66824	0.67691	0.30861	6.76914
-0.63967	-0.31100	-0.70293	-3.10999
0.00000	0.00000	0.00000	1.00000

boidNo = 17
boid Wall No = 1
position = = (-3.0, 6.1, -7.3)
Boid Radius= 10
Boid Frame=
 -0.77479	-0.29795	-0.55760	-2.97948
-0.60328	0.61219	0.51115	6.12194
-0.18907	-0.73242	0.65407	-7.32424
0.00000	0.00000	0.00000	1.00000

boidNo = 18
boid Wall No = 1
position = = (0.0, 0.8, -10.0)
Boid Radius= 10
Boid Frame=
 -0.77485	0.00057	-0.63215	0.00570
-0.62990	0.08349	0.77217	0.83491
-0.05322	-0.99651	0.06433	-9.96508
0.00000	0.00000	0.00000	1.00000

boidNo = 19
boid Wall No = 1
position = = (-3.3, 9.3, -1.5)
Boid Radius= 9.999999
Boid Frame=
 -0.35279	-0.32673	0.87681	-3.26727
0.02396	0.93359	0.35753	9.33595
0.93540	-0.14714	0.32153	-1.47142
0.00000	0.00000	0.00000	1.00000

