Iteration Num of Simuation:0
m_SimulationDeltaT of action plan:0
boidNo = 0
boid Wall No = 1
position = = (1.5, 9.8, 1.4)
Boid Radius= 10
Boid Frame=
 0.85934	0.15106	-0.48859	1.51057
-0.06177	0.97904	0.19406	9.79044
-0.50767	0.13658	-0.85066	1.36582
0.00000	0.00000	0.00000	1.00000

boidNo = 1
boid Wall No = 1
position = = (9.7, 2.3, -0.2)
Boid Radius= 10
Boid Frame=
 0.14605	0.97283	-0.17961	9.72835
-0.67482	0.23073	0.70098	2.30734
-0.72338	-0.01883	-0.69019	-0.18828
0.00000	0.00000	0.00000	1.00000

boidNo = 2
boid Wall No = 0
position = = (-3.0, -6.7, 6.8)
Boid Radius= 10
Boid Frame=
 0.95417	-0.29921	-0.00481	-2.99214
-0.20739	-0.67276	0.71020	-6.72761
0.21574	0.67666	0.70398	6.76656
0.00000	0.00000	0.00000	1.00000

boidNo = 3
boid Wall No = 1
position = = (5.9, 0.5, 8.1)
Boid Radius= 10
Boid Frame=
 0.52862	0.59143	0.60891	5.91432
-0.77623	0.04649	0.62873	0.46489
-0.34354	0.80501	-0.48366	8.05014
0.00000	0.00000	0.00000	1.00000

boidNo = 4
boid Wall No = 1
position = = (-1.1, 9.1, 4.0)
Boid Radius= 10
Boid Frame=
 0.91597	-0.10581	0.38704	-1.05813
-0.06901	0.90868	0.41174	9.08685
0.39526	0.40385	-0.82503	4.03852
0.00000	0.00000	0.00000	1.00000

boidNo = 5
boid Wall No = 1
position = = (0.2, 7.8, 6.3)
Boid Radius= 10
Boid Frame=
 0.66028	0.01525	0.75086	0.15246
-0.47797	0.77970	0.40448	7.79703
0.57928	0.62596	-0.52211	6.25964
0.00000	0.00000	0.00000	1.00000

boidNo = 6
boid Wall No = 1
position = = (2.2, 8.1, 5.4)
Boid Radius= 10
Boid Frame=
 0.97603	0.21742	0.00999	2.17416
-0.18617	0.81020	0.55580	8.10204
-0.11274	0.54433	-0.83126	5.44334
0.00000	0.00000	0.00000	1.00000

boidNo = 7
boid Wall No = 0
position = = (-0.8, -10.0, 0.2)
Boid Radius= 10
Boid Frame=
 0.07324	-0.07761	-0.99429	-0.77607
0.01329	-0.99680	0.07878	-9.96803
0.99723	0.01898	0.07198	0.18981
0.00000	0.00000	0.00000	1.00000

boidNo = 8
boid Wall No = 1
position = = (2.7, 0.7, -9.6)
Boid Radius= 10
Boid Frame=
 -0.70449	0.27007	-0.65632	2.70075
-0.66523	0.07098	0.74326	0.70984
-0.24732	-0.96022	-0.12965	-9.60219
0.00000	0.00000	0.00000	1.00000

boidNo = 9
boid Wall No = 0
position = = (5.7, -1.8, -8.0)
Boid Radius= 10
Boid Frame=
 -0.55943	0.57065	-0.60117	5.70646
-0.79949	-0.18007	0.57306	-1.80067
-0.21876	-0.80121	-0.55696	-8.01211
0.00000	0.00000	0.00000	1.00000

boidNo = 10
boid Wall No = 1
position = = (8.0, 0.6, 6.0)
Boid Radius= 10
Boid Frame=
 0.46398	0.79570	0.38934	7.95703
-0.69692	0.05657	0.71492	0.56567
-0.54684	0.60304	-0.58079	6.03039
0.00000	0.00000	0.00000	1.00000

boidNo = 11
boid Wall No = 1
position = = (1.0, 6.8, 7.3)
Boid Radius= 10
Boid Frame=
 0.91992	0.10351	0.37821	1.03507
-0.34387	0.67646	0.65127	6.76459
0.18843	0.72917	-0.65788	7.29171
0.00000	0.00000	0.00000	1.00000

boidNo = 12
boid Wall No = 0
position = = (-3.1, -5.7, 7.6)
Boid Radius= 10
Boid Frame=
 0.92305	-0.30588	0.23328	-3.05881
-0.37401	-0.57170	0.73026	-5.71701
0.09000	0.76131	0.64211	7.61311
0.00000	0.00000	0.00000	1.00000

boidNo = 13
boid Wall No = 1
position = = (-9.5, 3.0, -0.1)
Boid Radius= 10
Boid Frame=
 -0.23772	-0.95482	0.17836	-9.54817
-0.74521	0.29706	0.59701	2.97056
0.62302	-0.00901	0.78215	-0.09013
0.00000	0.00000	0.00000	1.00000

boidNo = 14
boid Wall No = 1
position = = (6.3, 7.7, -1.0)
Boid Radius= 10
Boid Frame=
 0.33773	0.62584	-0.70304	6.25839
-0.38898	0.77296	0.50123	7.72963
-0.85711	-0.10419	-0.50449	-1.04189
0.00000	0.00000	0.00000	1.00000

boidNo = 15
boid Wall No = 0
position = = (-9.9, -0.4, -1.7)
Boid Radius= 10
Boid Frame=
 -0.11385	-0.98544	-0.12631	-9.85436
-0.56508	-0.04034	0.82405	-0.40341
0.81714	-0.16519	0.55226	-1.65192
0.00000	0.00000	0.00000	1.00000

boidNo = 16
boid Wall No = 1
position = = (-6.6, 4.1, 6.2)
Boid Radius= 10
Boid Frame=
 0.30160	-0.66334	0.68485	-6.63342
-0.61455	0.41392	0.67156	4.13924
0.72895	0.62341	0.28282	6.23413
0.00000	0.00000	0.00000	1.00000

boidNo = 17
boid Wall No = 0
position = = (6.3, -0.3, 7.8)
Boid Radius= 10
Boid Frame=
 0.60969	0.62804	0.48358	6.28041
-0.60124	-0.03113	0.79846	-0.31129
-0.51652	0.77756	-0.35862	7.77558
0.00000	0.00000	0.00000	1.00000

boidNo = 18
boid Wall No = 0
position = = (2.7, -6.3, 7.2)
Boid Radius= 10
Boid Frame=
 0.81078	0.27337	0.51759	2.73366
-0.25348	-0.63307	0.73142	-6.33066
-0.52762	0.72422	0.44399	7.24223
0.00000	0.00000	0.00000	1.00000

boidNo = 19
boid Wall No = 1
position = = (1.9, 9.8, 0.2)
Boid Radius= 10
Boid Frame=
 -0.23157	0.19101	-0.95388	1.91006
0.06208	0.98144	0.18145	9.81438
-0.97083	0.01719	0.23913	0.17195
0.00000	0.00000	0.00000	1.00000

