Iteration Num of Simuation:0
m_SimulationDeltaT of action plan:0
boidNo = 0
boid Wall No = 1
position = = (-7.5, 3.6, -5.6)
Boid Radius= 10
Boid Frame=
 -0.65213	-0.74844	-0.12072	-7.48437
-0.55297	0.36067	0.75109	3.60666
0.51861	-0.55656	0.64907	-5.56563
0.00000	0.00000	0.00000	1.00000

boidNo = 1
boid Wall No = 1
position = = (0.5, 9.9, 1.1)
Boid Radius= 10
Boid Frame=
 0.93927	0.04593	0.34010	0.45929
-0.08104	0.99266	0.08976	9.92661
0.33348	0.11187	-0.93610	1.11868
0.00000	0.00000	0.00000	1.00000

boidNo = 2
boid Wall No = 1
position = = (0.1, 9.7, -2.3)
Boid Radius= 10
Boid Frame=
 -0.70916	0.00667	-0.70501	0.06674
-0.15839	0.97289	0.16853	9.72888
-0.68702	-0.23118	0.68888	-2.31179
0.00000	0.00000	0.00000	1.00000

boidNo = 3
boid Wall No = 1
position = = (2.2, 5.8, -7.9)
Boid Radius= 10
Boid Frame=
 -0.52806	0.21561	-0.82138	2.15609
-0.60893	0.57804	0.54321	5.78043
-0.59191	-0.78701	0.17395	-7.87007
0.00000	0.00000	0.00000	1.00000

boidNo = 4
boid Wall No = 0
position = = (1.7, -9.8, 0.5)
Boid Radius= 10
Boid Frame=
 0.23252	0.16809	0.95796	1.68087
-0.01066	-0.98445	0.17532	-9.84453
-0.97253	0.05098	0.22711	0.50976
0.00000	0.00000	0.00000	1.00000

boidNo = 5
boid Wall No = 0
position = = (4.8, -8.1, -3.3)
Boid Radius= 10
Boid Frame=
 -0.60032	0.48490	0.63599	4.84900
-0.03597	-0.81080	0.58422	-8.10796
-0.79895	-0.32785	-0.50418	-3.27846
0.00000	0.00000	0.00000	1.00000

boidNo = 6
boid Wall No = 0
position = = (-2.0, -9.7, 1.2)
Boid Radius= 10
Boid Frame=
 0.56036	-0.19590	-0.80475	-1.95905
-0.01477	-0.97383	0.22678	-9.73834
0.82812	0.11519	0.54859	1.15190
0.00000	0.00000	0.00000	1.00000

boidNo = 7
boid Wall No = 0
position = = (8.9, -4.5, -0.1)
Boid Radius= 10
Boid Frame=
 -0.22318	0.89343	0.38983	8.93434
-0.42071	-0.44904	0.78827	-4.49036
-0.87931	-0.01192	-0.47609	-0.11919
0.00000	0.00000	0.00000	1.00000

boidNo = 8
boid Wall No = 1
position = = (2.1, 7.7, -6.0)
Boid Radius= 10
Boid Frame=
 -0.80101	0.21328	-0.55937	2.13281
-0.21304	0.77167	0.59929	7.71666
-0.55947	-0.59920	0.57267	-5.99201
0.00000	0.00000	0.00000	1.00000

boidNo = 9
boid Wall No = 1
position = = (5.9, 1.7, 7.9)
Boid Radius= 10
Boid Frame=
 0.63974	0.58618	0.49711	5.86184
-0.69676	0.16931	0.69704	1.69308
-0.32443	0.79229	-0.51674	7.92290
0.00000	0.00000	0.00000	1.00000

