Iteration Num of Simuation:0
m_SimulationDeltaT of action plan:0
boidNo = 0
boid Wall No = 0
position = = (-5.0, -8.4, -2.2)
Boid Radius= 10
Boid Frame=
 -0.51568	-0.49818	-0.69706	-4.98179
0.08084	-0.83824	0.53927	-8.38242
0.85296	-0.22174	-0.47254	-2.21741
0.00000	0.00000	0.00000	1.00000

boidNo = 1
boid Wall No = 0
position = = (-3.5, -9.2, -1.8)
Boid Radius= 10
Boid Frame=
 -0.21305	-0.35040	-0.91205	-3.50395
-0.11342	-0.91830	0.37929	-9.18299
0.97044	-0.18425	-0.15590	-1.84254
0.00000	0.00000	0.00000	1.00000

boidNo = 2
boid Wall No = 1
position = = (0.9, 6.8, -7.3)
Boid Radius= 10
Boid Frame=
 -0.57375	0.09459	-0.81355	0.94594
-0.55788	0.68210	0.47276	6.82104
-0.59964	-0.72511	0.33859	-7.25111
0.00000	0.00000	0.00000	1.00000

boidNo = 3
boid Wall No = 1
position = = (5.9, 6.2, -5.2)
Boid Radius= 10
Boid Frame=
 -0.29210	0.58612	-0.75574	5.86117
-0.44031	0.61906	0.65030	6.19061
-0.84900	-0.52271	-0.07725	-5.22715
0.00000	0.00000	0.00000	1.00000

boidNo = 4
boid Wall No = 1
position = = (-8.2, 5.7, 0.8)
Boid Radius= 10
Boid Frame=
 -0.51836	-0.81506	0.25880	-8.15060
-0.78656	0.57319	0.22973	5.73185
0.33559	0.08447	0.93821	0.84473
0.00000	0.00000	0.00000	1.00000

boidNo = 5
boid Wall No = 1
position = = (6.5, 6.6, -3.8)
Boid Radius= 10
Boid Frame=
 0.04519	0.64963	-0.75890	6.49633
-0.53827	0.65581	0.52933	6.55805
-0.84156	-0.38457	-0.37931	-3.84574
0.00000	0.00000	0.00000	1.00000

boidNo = 6
boid Wall No = 0
position = = (-0.6, -7.0, 7.1)
Boid Radius= 10
Boid Frame=
 0.52051	-0.05587	0.85203	-0.55869
-0.63053	-0.69802	0.33942	-6.98018
-0.57577	0.71390	0.39855	7.13898
0.00000	0.00000	0.00000	1.00000

boidNo = 7
boid Wall No = 0
position = = (2.5, -9.5, -1.6)
Boid Radius= 9.999999
Boid Frame=
 -0.71362	0.25379	0.65294	2.53790
-0.06987	-0.95321	0.29414	-9.53206
-0.69704	-0.16428	-0.69796	-1.64283
0.00000	0.00000	0.00000	1.00000

boidNo = 8
boid Wall No = 0
position = = (-2.0, -9.1, -3.6)
Boid Radius= 10
Boid Frame=
 -0.89704	-0.20107	-0.39356	-2.01071
0.02534	-0.91244	0.40842	-9.12443
0.44122	-0.35640	-0.82359	-3.56397
0.00000	0.00000	0.00000	1.00000

boidNo = 9
boid Wall No = 1
position = = (9.9, 0.5, -1.6)
Boid Radius= 10
Boid Frame=
 -0.09429	0.98570	-0.13964	9.85703
-0.63267	0.04898	0.77287	0.48976
-0.76866	-0.16122	-0.61900	-1.61219
0.00000	0.00000	0.00000	1.00000

