Iteration Num of Simuation:0
m_SimulationDeltaT of action plan:0
boidNo = 0
boid Wall No = 0
position = = (1.2, -9.8, 1.2)
Boid Radius= 10
Boid Frame=
 0.54122	0.12039	0.83222	1.20394
-0.03998	-0.98489	0.16848	-9.84894
-0.83993	0.12446	0.52823	1.24455
0.00000	0.00000	0.00000	1.00000

boidNo = 1
boid Wall No = 0
position = = (0.4, -10.0, 0.2)
Boid Radius= 10
Boid Frame=
 0.37051	0.03839	0.92804	0.38390
-0.00191	-0.99911	0.04209	-9.99112
-0.92883	0.01737	0.37010	0.17366
0.00000	0.00000	0.00000	1.00000

boidNo = 2
boid Wall No = 0
position = = (-0.2, -10.0, -0.2)
Boid Radius= 10
Boid Frame=
 -0.80738	-0.01604	-0.58982	-0.16040
0.00171	-0.99969	0.02484	-9.99690
0.59003	-0.01905	-0.80715	-0.19048
0.00000	0.00000	0.00000	1.00000

boidNo = 3
boid Wall No = 0
position = = (-5.0, -7.9, -3.6)
Boid Radius= 10
Boid Frame=
 0.62905	-0.50021	-0.59505	-5.00206
-0.61870	-0.78560	0.00633	-7.85600
0.47064	-0.36418	0.80366	-3.64181
0.00000	0.00000	0.00000	1.00000

boidNo = 4
boid Wall No = 0
position = = (-8.9, -4.5, 0.0)
Boid Radius= 10
Boid Frame=
 0.21373	-0.89421	-0.39334	-8.94205
-0.42165	-0.44765	0.78856	-4.47649
0.88121	0.00269	0.47272	0.02686
0.00000	0.00000	0.00000	1.00000

boidNo = 5
boid Wall No = 1
position = = (8.1, 0.0, 5.9)
Boid Radius= 10
Boid Frame=
 0.41528	0.80618	0.42144	8.06183
-0.71499	0.00283	0.69913	0.02830
-0.56243	0.59166	-0.57759	5.91660
0.00000	0.00000	0.00000	1.00000

boidNo = 6
boid Wall No = 0
position = = (-7.8, -3.4, -5.2)
Boid Radius= 10
Boid Frame=
 -0.21676	-0.78412	-0.58152	-7.84121
-0.63020	-0.34254	0.69679	-3.42544
0.74556	-0.51751	0.41990	-5.17511
0.00000	0.00000	0.00000	1.00000

boidNo = 7
boid Wall No = 0
position = = (-0.1, -9.2, -3.9)
Boid Radius= 10
Boid Frame=
 -0.99568	-0.00559	0.09264	-0.05593
0.04142	-0.92005	0.38960	-9.20052
-0.08306	-0.39176	-0.91631	-3.91756
0.00000	0.00000	0.00000	1.00000

boidNo = 8
boid Wall No = 0
position = = (1.9, -8.7, -4.5)
Boid Radius= 10
Boid Frame=
 -0.83933	0.18892	0.50975	1.88916
0.09185	-0.87491	0.47549	-8.74914
-0.53581	-0.44591	-0.71699	-4.45911
0.00000	0.00000	0.00000	1.00000

boidNo = 9
boid Wall No = 1
position = = (-6.1, 7.5, 2.6)
Boid Radius= 10
Boid Frame=
 0.09373	-0.60927	0.78741	-6.09266
-0.25591	0.74957	0.61045	7.49571
0.96215	0.25872	0.08566	2.58724
0.00000	0.00000	0.00000	1.00000

boidNo = 10
boid Wall No = 0
position = = (-3.8, -5.4, 7.5)
Boid Radius= 10
Boid Frame=
 0.83852	-0.38035	0.39016	-3.80349
-0.54363	-0.53552	0.64628	-5.35525
0.03687	0.75402	0.65581	7.54022
0.00000	0.00000	0.00000	1.00000

boidNo = 11
boid Wall No = 1
position = = (-3.8, 4.2, 8.2)
Boid Radius= 9.999999
Boid Frame=
 0.59522	-0.38447	0.70562	-3.84469
-0.56878	0.41871	0.70793	4.18711
0.56763	0.82272	-0.03055	8.22718
0.00000	0.00000	0.00000	1.00000

boidNo = 12
boid Wall No = 1
position = = (6.4, 3.5, 6.8)
Boid Radius= 10
Boid Frame=
 0.67534	0.63970	0.36702	6.39699
-0.68206	0.35243	0.64076	3.52434
-0.28055	0.68306	-0.67433	6.83064
0.00000	0.00000	0.00000	1.00000

boidNo = 13
boid Wall No = 0
position = = (0.1, -10.0, -0.1)
Boid Radius= 10
Boid Frame=
 -0.81798	0.01046	0.57515	0.10458
-0.00300	-0.99990	0.01391	-9.99899
-0.57523	-0.00965	-0.81793	-0.09650
0.00000	0.00000	0.00000	1.00000

boidNo = 14
boid Wall No = 0
position = = (8.7, -3.4, 3.7)
Boid Radius= 10
Boid Frame=
 0.16531	0.86594	0.47204	8.65938
-0.49655	-0.34046	0.79845	-3.40462
-0.85212	0.36638	-0.37370	3.66384
0.00000	0.00000	0.00000	1.00000

boidNo = 15
boid Wall No = 0
position = = (0.3, -10.0, 0.6)
Boid Radius= 10
Boid Frame=
 0.86173	0.03197	0.50636	0.31971
-0.00265	-0.99772	0.06750	-9.97716
-0.50736	0.05950	0.85968	0.59504
0.00000	0.00000	0.00000	1.00000

boidNo = 16
boid Wall No = 0
position = = (9.3, -2.7, -2.4)
Boid Radius= 10
Boid Frame=
 -0.35698	0.93276	0.05018	9.32763
-0.60129	-0.27057	0.75183	-2.70569
-0.71486	-0.23821	-0.65745	-2.38212
0.00000	0.00000	0.00000	1.00000

boidNo = 17
boid Wall No = 0
position = = (-3.4, -8.9, 3.0)
Boid Radius= 10
Boid Frame=
 0.44148	-0.34376	-0.82881	-3.43760
0.12872	-0.88988	0.43766	-8.89882
0.88799	0.29990	0.34862	2.99900
0.00000	0.00000	0.00000	1.00000

boidNo = 18
boid Wall No = 1
position = = (-5.8, 8.0, 1.6)
Boid Radius= 10
Boid Frame=
 0.01053	-0.58290	0.81247	-5.82902
-0.18740	0.79697	0.57421	7.96972
0.98223	0.15831	0.10084	1.58306
0.00000	0.00000	0.00000	1.00000

boidNo = 19
boid Wall No = 0
position = = (0.2, -10.0, -0.3)
Boid Radius= 10
Boid Frame=
 -0.90421	0.01637	0.42677	0.16368
-0.00183	-0.99941	0.03444	-9.99405
-0.42708	-0.03036	-0.90370	-0.30360
0.00000	0.00000	0.00000	1.00000

