Iteration Num of Simuation:0
m_SimulationDeltaT of action plan:0
boidNo = 0
boid Wall No = 1
position = = (-2.9, 2.7, 9.2)
Boid Radius= 10
Boid Frame=
 0.51623	-0.28908	0.80619	-2.89082
-0.76245	0.27362	0.58634	2.73617
0.39009	0.91737	0.07916	9.17369
0.00000	0.00000	0.00000	1.00000

boidNo = 1
boid Wall No = 0
position = = (8.6, -5.1, -0.8)
Boid Radius= 9.999999
Boid Frame=
 -0.32289	0.85567	0.40443	8.55675
-0.39951	-0.51061	0.76136	-5.10608
-0.85798	-0.08426	-0.50672	-0.84261
0.00000	0.00000	0.00000	1.00000

boidNo = 2
boid Wall No = 0
position = = (0.1, -10.0, 0.4)
Boid Radius= 10
Boid Frame=
 0.99625	0.01023	0.08595	0.10225
0.00649	-0.99903	0.04357	-9.99029
-0.08631	0.04285	0.99535	0.42849
0.00000	0.00000	0.00000	1.00000

boidNo = 3
boid Wall No = 0
position = = (-7.5, -6.4, -1.4)
Boid Radius= 10
Boid Frame=
 0.12289	-0.75374	-0.64558	-7.53740
-0.35365	-0.64107	0.68115	-6.41067
0.92727	-0.14460	0.34534	-1.44599
0.00000	0.00000	0.00000	1.00000

boidNo = 4
boid Wall No = 0
position = = (2.4, -1.9, 9.5)
Boid Radius= 10
Boid Frame=
 -0.13249	0.23595	0.96269	2.35954
-0.97836	-0.18689	-0.08884	-1.86890
-0.15896	0.95362	-0.25561	9.53624
0.00000	0.00000	0.00000	1.00000

boidNo = 5
boid Wall No = 1
position = = (5.9, 7.8, 1.8)
Boid Radius= 10
Boid Frame=
 0.80224	0.59454	-0.05416	5.94542
-0.56199	0.78268	0.26754	7.82684
-0.20145	0.18419	-0.96202	1.84190
0.00000	0.00000	0.00000	1.00000

boidNo = 6
boid Wall No = 0
position = = (0.0, -9.9, -1.4)
Boid Radius= 10
Boid Frame=
 -0.99990	-0.00351	0.01362	-0.03506
0.00538	-0.99010	0.14024	-9.90103
-0.01300	-0.14030	-0.99002	-1.40298
0.00000	0.00000	0.00000	1.00000

boidNo = 7
boid Wall No = 0
position = = (-1.5, -3.9, -9.1)
Boid Radius= 10
Boid Frame=
 0.04432	-0.14814	-0.98797	-1.48137
-0.92150	-0.38802	0.01684	-3.88019
0.38585	-0.90967	0.15370	-9.09668
0.00000	0.00000	0.00000	1.00000

boidNo = 8
boid Wall No = 0
position = = (-1.1, -3.7, 9.2)
Boid Radius= 10
Boid Frame=
 -0.13628	-0.10975	0.98457	-1.09752
-0.91315	-0.37148	-0.16781	-3.71480
-0.38417	0.92193	0.04959	9.21931
0.00000	0.00000	0.00000	1.00000

boidNo = 9
boid Wall No = 0
position = = (-9.3, -3.0, 2.0)
Boid Radius= 10
Boid Frame=
 0.35357	-0.93153	-0.08507	-9.31533
-0.62040	-0.30159	0.72398	-3.01592
0.70006	0.20319	0.68456	2.03194
0.00000	0.00000	0.00000	1.00000

boidNo = 10
boid Wall No = 0
position = = (-0.5, -8.5, -5.3)
Boid Radius= 10
Boid Frame=
 -0.99883	-0.04580	-0.01579	-0.45798
0.03064	-0.84967	0.52642	-8.49670
0.03753	-0.52532	-0.85008	-5.25322
0.00000	0.00000	0.00000	1.00000

boidNo = 11
boid Wall No = 0
position = = (-5.4, -7.2, 4.3)
Boid Radius= 10
Boid Frame=
 0.73810	-0.53935	-0.40535	-5.39345
-0.15814	-0.72236	0.67319	-7.22364
0.65589	0.43278	0.61847	4.32778
0.00000	0.00000	0.00000	1.00000

boidNo = 12
boid Wall No = 1
position = = (1.2, 5.9, -8.0)
Boid Radius= 10
Boid Frame=
 -0.69791	0.11631	-0.70668	1.16310
-0.52454	0.58882	0.61494	5.88818
-0.48763	-0.79985	0.34993	-7.99853
0.00000	0.00000	0.00000	1.00000

boidNo = 13
boid Wall No = 0
position = = (7.4, -6.3, 2.2)
Boid Radius= 10
Boid Frame=
 0.06170	0.74337	0.66603	7.43365
-0.26304	-0.63160	0.72931	-6.31604
-0.96281	0.22019	-0.15656	2.20193
0.00000	0.00000	0.00000	1.00000

boidNo = 14
boid Wall No = 0
position = = (-6.9, -7.2, -1.1)
Boid Radius= 10
Boid Frame=
 0.00359	-0.68570	-0.72788	-6.85699
-0.14990	-0.72003	0.67756	-7.20026
0.98870	-0.10668	0.10537	-1.06676
0.00000	0.00000	0.00000	1.00000

boidNo = 15
boid Wall No = 0
position = = (5.4, -0.4, 8.4)
Boid Radius= 10
Boid Frame=
 0.67268	0.53744	0.50859	5.37438
-0.58423	-0.03602	0.81079	-0.36016
-0.45406	0.84253	-0.28976	8.42534
0.00000	0.00000	0.00000	1.00000

boidNo = 16
boid Wall No = 1
position = = (1.5, 9.9, 0.4)
Boid Radius= 10
Boid Frame=
 0.80353	0.15488	-0.57476	1.54883
-0.09958	0.98693	0.12674	9.86925
-0.58687	0.04461	-0.80845	0.44608
0.00000	0.00000	0.00000	1.00000

boidNo = 17
boid Wall No = 1
position = = (-2.2, 8.6, -4.6)
Boid Radius= 10
Boid Frame=
 -0.84081	-0.22232	-0.49357	-2.22317
-0.40654	0.86137	0.30457	8.61374
-0.35744	-0.45674	0.81463	-4.56738
0.00000	0.00000	0.00000	1.00000

boidNo = 18
boid Wall No = 0
position = = (-5.3, -8.3, 1.5)
Boid Radius= 10
Boid Frame=
 0.19341	-0.53153	-0.82467	-5.31526
0.05534	-0.83329	0.55006	-8.33289
0.97956	0.15202	0.13175	1.52020
0.00000	0.00000	0.00000	1.00000

boidNo = 19
boid Wall No = 0
position = = (3.0, -3.9, -8.7)
Boid Radius= 10
Boid Frame=
 -0.87392	0.29729	-0.38456	2.97290
-0.47882	-0.39034	0.78636	-3.90344
-0.08367	-0.87135	-0.48348	-8.71350
0.00000	0.00000	0.00000	1.00000

