Iteration Num of Simuation:0
m_SimulationDeltaT of action plan:0
boidNo = 0
boid Wall No = 1
position = = (-7.0, 3.4, 6.2)
Boid Radius= 10
Boid Frame=
 0.28753	-0.70347	0.64997	-7.03469
-0.66404	0.34262	0.66458	3.42618
0.69020	0.62269	0.36862	6.22692
0.00000	0.00000	0.00000	1.00000

boidNo = 1
boid Wall No = 0
position = = (6.9, -1.8, 7.0)
Boid Radius= 10
Boid Frame=
 0.49731	0.69269	0.52236	6.92694
-0.58159	-0.18060	0.79319	-1.80599
-0.64377	0.69825	-0.31305	6.98254
0.00000	0.00000	0.00000	1.00000

boidNo = 2
boid Wall No = 1
position = = (-0.8, 9.2, 3.9)
Boid Radius= 10
Boid Frame=
 0.77088	-0.08014	0.63191	-0.80143
-0.19195	0.91671	0.35043	9.16709
0.60736	0.39144	-0.69129	3.91437
0.00000	0.00000	0.00000	1.00000

boidNo = 3
boid Wall No = 0
position = = (0.9, -9.9, 1.2)
Boid Radius= 10
Boid Frame=
 0.79141	0.09169	0.60437	0.91692
0.00228	-0.98912	0.14708	-9.89121
-0.61128	0.11503	0.78301	1.15028
0.00000	0.00000	0.00000	1.00000

boidNo = 4
boid Wall No = 0
position = = (-6.4, -6.7, -3.7)
Boid Radius= 10
Boid Frame=
 -0.30273	-0.64361	-0.70294	-6.43607
-0.22106	-0.67002	0.70867	-6.70018
0.92708	-0.36993	-0.06056	-3.69928
0.00000	0.00000	0.00000	1.00000

boidNo = 5
boid Wall No = 1
position = = (-8.2, 3.6, 4.5)
Boid Radius= 10
Boid Frame=
 0.15025	-0.81588	0.55835	-8.15884
-0.61943	0.36248	0.69636	3.62483
0.77054	0.45049	0.45092	4.50488
0.00000	0.00000	0.00000	1.00000

boidNo = 6
boid Wall No = 0
position = = (-6.2, -7.8, 0.2)
Boid Radius= 10
Boid Frame=
 0.53591	-0.61949	-0.57362	-6.19493
-0.39962	-0.78461	0.47401	-7.84611
0.74371	0.02480	0.66804	0.24799
0.00000	0.00000	0.00000	1.00000

boidNo = 7
boid Wall No = 0
position = = (2.6, -9.1, -3.2)
Boid Radius= 9.999999
Boid Frame=
 -0.64500	0.26334	0.71737	2.63341
0.08053	-0.91010	0.40650	-9.10097
-0.75993	-0.31996	-0.56581	-3.19962
0.00000	0.00000	0.00000	1.00000

boidNo = 8
boid Wall No = 0
position = = (-1.5, -4.0, -9.1)
Boid Radius= 10
Boid Frame=
 -0.81798	-0.14860	-0.55573	-1.48597
-0.46574	-0.39596	0.79139	-3.95961
0.33764	-0.90616	-0.25468	-9.06165
0.00000	0.00000	0.00000	1.00000

boidNo = 9
boid Wall No = 0
position = = (7.2, -4.3, -5.4)
Boid Radius= 10
Boid Frame=
 -0.68857	0.72422	-0.03717	7.24220
-0.49193	-0.42882	0.75771	-4.28821
-0.53281	-0.54002	-0.65153	-5.40017
0.00000	0.00000	0.00000	1.00000

boidNo = 10
boid Wall No = 0
position = = (-3.4, -0.5, -9.4)
Boid Radius= 10
Boid Frame=
 -0.33039	-0.33693	-0.88166	-3.36934
-0.92801	-0.05441	0.36855	-0.54411
0.17215	-0.93995	0.29470	-9.39955
0.00000	0.00000	0.00000	1.00000

boidNo = 11
boid Wall No = 0
position = = (2.6, -8.6, 4.4)
Boid Radius= 9.999999
Boid Frame=
 -0.78217	0.26204	0.56528	2.62043
-0.45838	-0.85651	-0.23721	-8.56515
-0.42201	0.44465	-0.79006	4.44652
0.00000	0.00000	0.00000	1.00000

boidNo = 12
boid Wall No = 0
position = = (3.5, -8.4, -4.2)
Boid Radius= 10
Boid Frame=
 -0.74890	0.35367	0.56041	3.53667
0.01721	-0.83501	0.54996	-8.35012
-0.66245	-0.42151	-0.61926	-4.21514
0.00000	0.00000	0.00000	1.00000

boidNo = 13
boid Wall No = 1
position = = (1.7, 9.6, 2.1)
Boid Radius= 10
Boid Frame=
 0.74806	0.16671	-0.64235	1.66707
0.01681	0.96286	0.26946	9.62865
-0.66342	0.21237	-0.71748	2.12368
0.00000	0.00000	0.00000	1.00000

boidNo = 14
boid Wall No = 1
position = = (-4.5, 8.8, -1.3)
Boid Radius= 10
Boid Frame=
 -0.66504	-0.44968	0.59625	-4.49683
-0.23267	0.88341	0.40675	8.83414
0.70964	-0.13178	0.69213	-1.31779
0.00000	0.00000	0.00000	1.00000

boidNo = 15
boid Wall No = 0
position = = (3.9, -5.0, -7.7)
Boid Radius= 10
Boid Frame=
 -0.89726	0.39412	-0.19899	3.94125
-0.39107	-0.50028	0.77252	-5.00277
-0.20492	-0.77097	-0.60301	-7.70966
0.00000	0.00000	0.00000	1.00000

boidNo = 16
boid Wall No = 0
position = = (7.1, -1.2, 6.9)
Boid Radius= 10
Boid Frame=
 0.47416	0.71247	0.51727	7.12467
-0.64675	-0.11678	0.75371	-1.16781
-0.59740	0.69192	-0.40542	6.91920
0.00000	0.00000	0.00000	1.00000

boidNo = 17
boid Wall No = 1
position = = (4.3, 9.0, 0.4)
Boid Radius= 10
Boid Frame=
 0.43511	0.42846	-0.79190	4.28460
-0.16859	0.90273	0.39579	9.02731
-0.88445	0.03871	-0.46502	0.38706
0.00000	0.00000	0.00000	1.00000

boidNo = 18
boid Wall No = 0
position = = (-4.3, -7.7, 4.8)
Boid Radius= 10
Boid Frame=
 0.81134	-0.42892	-0.39718	-4.28923
-0.09530	-0.76739	0.63405	-7.67394
0.57675	0.47658	0.66350	4.76583
0.00000	0.00000	0.00000	1.00000

boidNo = 19
boid Wall No = 1
position = = (-1.6, 8.7, -4.7)
Boid Radius= 10
Boid Frame=
 -0.70640	-0.15871	-0.68979	-1.58713
-0.43400	0.86697	0.24497	8.66970
-0.55915	-0.47241	0.68131	-4.72411
0.00000	0.00000	0.00000	1.00000

