Iteration Num of Simuation:0
m_SimulationDeltaT of action plan:0
boidNo = 0
boid Wall No = 0
position = = (0.2, -10.0, -0.3)
Boid Radius= 10
Boid Frame=
 -0.84783	0.01619	0.53002	0.16186
0.00403	-0.99931	0.03696	-9.99309
-0.53025	-0.03348	-0.84718	-0.33477
0.00000	0.00000	0.00000	1.00000

boidNo = 1
boid Wall No = 1
position = = (-7.0, 5.4, -4.6)
Boid Radius= 10
Boid Frame=
 -0.70949	-0.70361	-0.03948	-7.03609
-0.56761	0.53736	0.62375	5.37361
0.41766	-0.46495	0.78063	-4.64950
0.00000	0.00000	0.00000	1.00000

boidNo = 2
boid Wall No = 0
position = = (1.2, -9.9, -0.1)
Boid Radius= 10
Boid Frame=
 -0.02796	0.11585	0.99287	1.15851
0.00403	-0.99324	0.11601	-9.93240
-0.99960	-0.00724	-0.02730	-0.07242
0.00000	0.00000	0.00000	1.00000

boidNo = 3
boid Wall No = 1
position = = (-1.6, 9.6, 2.3)
Boid Radius= 10
Boid Frame=
 0.69817	-0.15907	0.69804	-1.59072
-0.05220	0.96110	0.27123	9.61099
0.71403	0.22580	-0.66271	2.25800
0.00000	0.00000	0.00000	1.00000

boidNo = 4
boid Wall No = 1
position = = (2.5, 9.5, -1.8)
Boid Radius= 10
Boid Frame=
 -0.67689	0.25328	-0.69113	2.53281
0.04328	0.95101	0.30613	9.51007
-0.73481	-0.17730	0.65469	-1.77300
0.00000	0.00000	0.00000	1.00000

boidNo = 5
boid Wall No = 1
position = = (-0.7, 2.9, -9.5)
Boid Radius= 10
Boid Frame=
 -0.61877	-0.07085	-0.78237	-0.70855
-0.76311	0.29064	0.57722	2.90638
-0.18649	-0.95421	0.23391	-9.54206
0.00000	0.00000	0.00000	1.00000

boidNo = 6
boid Wall No = 0
position = = (5.3, -3.3, -7.8)
Boid Radius= 10
Boid Frame=
 -0.49422	0.53202	-0.68754	5.32016
-0.86882	-0.32954	0.36953	-3.29538
0.02997	-0.77998	-0.62509	-7.79977
0.00000	0.00000	0.00000	1.00000

boidNo = 7
boid Wall No = 0
position = = (-5.1, -8.3, 2.2)
Boid Radius= 10
Boid Frame=
 0.29930	-0.51277	-0.80467	-5.12767
0.06577	-0.83023	0.55352	-8.30233
0.95189	0.21859	0.21477	2.18593
0.00000	0.00000	0.00000	1.00000

boidNo = 8
boid Wall No = 0
position = = (-4.1, -1.1, -9.1)
Boid Radius= 10
Boid Frame=
 -0.61464	-0.40651	-0.67599	-4.06511
-0.70129	-0.11070	0.70422	-1.10703
0.36111	-0.90691	0.21704	-9.06914
0.00000	0.00000	0.00000	1.00000

boidNo = 9
boid Wall No = 0
position = = (-1.0, -5.1, 8.5)
Boid Radius= 10
Boid Frame=
 0.89828	-0.10411	0.42690	-1.04114
-0.41685	-0.50925	0.75293	-5.09247
-0.13901	0.85430	0.50085	8.54299
0.00000	0.00000	0.00000	1.00000

boidNo = 10
boid Wall No = 1
position = = (8.1, 5.8, -0.6)
Boid Radius= 10
Boid Frame=
 0.23909	0.81219	-0.53215	8.12190
-0.42076	0.58058	0.69706	5.80577
-0.87510	-0.05725	-0.48055	-0.57249
0.00000	0.00000	0.00000	1.00000

boidNo = 11
boid Wall No = 0
position = = (2.8, -1.6, 9.5)
Boid Radius= 10
Boid Frame=
 0.76755	0.28113	0.57605	2.81128
-0.55287	-0.16440	0.81689	-1.64398
-0.32435	0.94548	-0.02924	9.45484
0.00000	0.00000	0.00000	1.00000

boidNo = 12
boid Wall No = 0
position = = (-0.7, -0.3, -10.0)
Boid Radius= 9.999999
Boid Frame=
 -0.81369	-0.06588	-0.57755	-0.65876
-0.57719	-0.02632	0.81618	-0.26319
0.06897	-0.99748	0.01661	-9.97481
0.00000	0.00000	0.00000	1.00000

boidNo = 13
boid Wall No = 1
position = = (-2.9, 8.2, -5.0)
Boid Radius= 10
Boid Frame=
 -0.94652	-0.28550	0.15032	-2.85497
-0.15877	0.81771	0.55331	8.17707
0.28088	-0.49985	0.81930	-4.99847
0.00000	0.00000	0.00000	1.00000

boidNo = 14
boid Wall No = 1
position = = (-4.4, 0.9, 9.0)
Boid Radius= 10
Boid Frame=
 0.27326	-0.43661	0.85715	-4.36606
-0.93441	0.09119	0.34434	0.91189
0.22850	0.89502	0.38305	8.95020
0.00000	0.00000	0.00000	1.00000

boidNo = 15
boid Wall No = 1
position = = (-1.1, 9.3, 3.6)
Boid Radius= 10
Boid Frame=
 0.95930	-0.10824	0.26083	-1.08243
0.00274	0.92715	0.37468	9.27150
0.28239	0.35872	-0.88971	3.58715
0.00000	0.00000	0.00000	1.00000

boidNo = 16
boid Wall No = 0
position = = (-2.1, -8.9, -4.0)
Boid Radius= 10
Boid Frame=
 -0.97629	-0.20859	-0.05783	-2.08590
0.16511	-0.89038	0.42422	-8.90381
0.13998	-0.40461	-0.90371	-4.04614
0.00000	0.00000	0.00000	1.00000

boidNo = 17
boid Wall No = 0
position = = (8.7, -0.7, -4.8)
Boid Radius= 9.999999
Boid Frame=
 -0.42414	0.87463	-0.23478	8.74631
-0.59278	-0.07214	0.80213	-0.72140
-0.68463	-0.47939	-0.54906	-4.79391
0.00000	0.00000	0.00000	1.00000

boidNo = 18
boid Wall No = 1
position = = (0.7, 5.4, -8.4)
Boid Radius= 10
Boid Frame=
 -0.75536	0.07062	-0.65149	0.70623
-0.52059	0.53916	0.66204	5.39156
-0.39801	-0.83924	0.37049	-8.39240
0.00000	0.00000	0.00000	1.00000

boidNo = 19
boid Wall No = 0
position = = (4.1, -8.7, -2.8)
Boid Radius= 10
Boid Frame=
 -0.60667	0.41425	0.67849	4.14245
-0.03209	-0.86557	0.49976	-8.65567
-0.79431	-0.28142	-0.53841	-2.81416
0.00000	0.00000	0.00000	1.00000

