Iteration Num of Simuation:0
m_SimulationDeltaT of action plan:0
boidNo = 0
boid Wall No = 0
position = = (-2.5, -7.9, -5.6)
Boid Radius= 10
Boid Frame=
 0.46116	-0.24619	-0.85248	-2.46186
-0.60245	-0.79222	-0.09712	-7.92224
0.65145	-0.55837	0.51366	-5.58367
0.00000	0.00000	0.00000	1.00000

boidNo = 1
boid Wall No = 1
position = = (9.3, 2.4, 2.8)
Boid Radius= 10
Boid Frame=
 0.31429	0.93060	0.18765	9.30597
-0.90727	0.23626	0.34792	2.36256
-0.27945	0.27959	-0.91855	2.79594
0.00000	0.00000	0.00000	1.00000

boidNo = 2
boid Wall No = 0
position = = (4.6, -8.9, 0.0)
Boid Radius= 9.999999
Boid Frame=
 0.19101	0.45835	0.86801	4.58346
0.10214	-0.88877	0.44683	-8.88768
-0.97626	-0.00331	0.21658	-0.03311
0.00000	0.00000	0.00000	1.00000

boidNo = 3
boid Wall No = 1
position = = (5.9, 3.4, -7.3)
Boid Radius= 10
Boid Frame=
 -0.44188	0.59367	-0.67253	5.93669
-0.62247	0.33692	0.70641	3.36919
-0.64596	-0.73078	-0.22066	-7.30783
0.00000	0.00000	0.00000	1.00000

boidNo = 4
boid Wall No = 1
position = = (-1.5, 9.7, 2.0)
Boid Radius= 10
Boid Frame=
 0.10714	-0.15489	0.98211	-1.54886
-0.18521	0.96739	0.17277	9.67393
0.97684	0.20040	-0.07496	2.00404
0.00000	0.00000	0.00000	1.00000

boidNo = 5
boid Wall No = 0
position = = (-5.1, -8.2, 2.6)
Boid Radius= 10
Boid Frame=
 0.60332	-0.51428	-0.60952	-5.14281
-0.12492	-0.81580	0.56468	-8.15800
0.78765	0.26455	0.55643	2.64548
0.00000	0.00000	0.00000	1.00000

boidNo = 6
boid Wall No = 0
position = = (-9.2, -3.8, -0.6)
Boid Radius= 9.999999
Boid Frame=
 0.17542	-0.92239	-0.34413	-9.22391
-0.54293	-0.38223	0.74775	-3.82226
0.82125	-0.05566	0.56784	-0.55663
0.00000	0.00000	0.00000	1.00000

boidNo = 7
boid Wall No = 1
position = = (-3.5, 0.7, -9.3)
Boid Radius= 10
Boid Frame=
 -0.73059	-0.35491	-0.58333	-3.54913
-0.64297	0.07003	0.76268	0.70035
0.22983	-0.93227	0.27937	-9.32273
0.00000	0.00000	0.00000	1.00000

boidNo = 8
boid Wall No = 0
position = = (-6.6, -3.1, 6.9)
Boid Radius= 10
Boid Frame=
 0.72564	-0.65925	0.19709	-6.59246
-0.49937	-0.30750	0.80998	-3.07502
0.47337	0.68618	0.55234	6.86176
0.00000	0.00000	0.00000	1.00000

boidNo = 9
boid Wall No = 1
position = = (1.3, 6.6, 7.4)
Boid Radius= 9.999999
Boid Frame=
 0.91103	0.12828	0.39187	1.28283
-0.37403	0.65714	0.65442	6.57140
0.17356	0.74277	-0.64666	7.42772
0.00000	0.00000	0.00000	1.00000

boidNo = 10
boid Wall No = 0
position = = (-8.9, -4.2, 1.6)
Boid Radius= 10
Boid Frame=
 0.44524	-0.89383	0.05323	-8.93826
-0.87098	-0.41854	0.25734	-4.18538
0.20774	0.16094	0.96485	1.60942
0.00000	0.00000	0.00000	1.00000

boidNo = 11
boid Wall No = 0
position = = (8.7, -1.6, 4.6)
Boid Radius= 10
Boid Frame=
 0.30501	0.87498	0.37600	8.74982
-0.54636	-0.16261	0.82161	-1.62609
-0.78004	0.45603	-0.42846	4.56032
0.00000	0.00000	0.00000	1.00000

boidNo = 12
boid Wall No = 0
position = = (-1.0, -2.1, -9.7)
Boid Radius= 10
Boid Frame=
 -0.70718	-0.10269	-0.69954	-1.02687
-0.67149	-0.21222	0.70997	-2.12222
0.22136	-0.97181	-0.08112	-9.71811
0.00000	0.00000	0.00000	1.00000

boidNo = 13
boid Wall No = 1
position = = (-4.5, 1.5, -8.8)
Boid Radius= 9.999999
Boid Frame=
 -0.66876	-0.44840	-0.59304	-4.48400
-0.70946	0.14638	0.68938	1.46382
0.22231	-0.88177	0.41602	-8.81765
0.00000	0.00000	0.00000	1.00000

boidNo = 14
boid Wall No = 0
position = = (4.2, -9.1, 0.2)
Boid Radius= 10
Boid Frame=
 0.59630	0.42405	0.68162	4.24050
0.26304	-0.90543	0.33317	-9.05431
-0.75844	0.01937	0.65145	0.19375
0.00000	0.00000	0.00000	1.00000

boidNo = 15
boid Wall No = 1
position = = (-5.9, 5.9, -5.5)
Boid Radius= 10
Boid Frame=
 -0.80453	-0.58820	-0.08214	-5.88199
-0.49854	0.59369	0.63166	5.93691
0.32278	-0.54914	0.77088	-5.49138
0.00000	0.00000	0.00000	1.00000

boidNo = 16
boid Wall No = 1
position = = (0.7, 8.9, 4.6)
Boid Radius= 10
Boid Frame=
 0.94466	0.07174	0.32011	0.71741
-0.20766	0.88617	0.41422	8.86170
0.25396	0.45777	-0.85203	4.57773
0.00000	0.00000	0.00000	1.00000

boidNo = 17
boid Wall No = 0
position = = (0.3, -9.0, -4.4)
Boid Radius= 10
Boid Frame=
 -0.99162	0.03489	0.12443	0.34890
0.02406	-0.89618	0.44304	-8.96179
-0.12697	-0.44232	-0.88783	-4.42318
0.00000	0.00000	0.00000	1.00000

boidNo = 18
boid Wall No = 0
position = = (0.8, -9.9, 0.9)
Boid Radius= 10
Boid Frame=
 0.67717	0.08097	0.73136	0.80971
-0.00936	-0.99290	0.11859	-9.92899
-0.73577	0.08715	0.67161	0.87152
0.00000	0.00000	0.00000	1.00000

boidNo = 19
boid Wall No = 0
position = = (-0.7, -7.8, 6.2)
Boid Radius= 10
Boid Frame=
 -0.16078	-0.07360	0.98424	-0.73600
-0.60071	-0.78395	-0.15675	-7.83952
-0.78314	0.61644	-0.08183	6.16443
0.00000	0.00000	0.00000	1.00000

