Iteration Num of Simuation:0
m_SimulationDeltaT of action plan:0
boidNo = 0
boid Wall No = 1
position = = (-1.0, 7.2, -6.9)
Boid Radius= 10
Boid Frame=
 -0.88173	-0.09736	-0.46159	-0.97356
-0.38403	0.71642	0.58247	7.16416
-0.27399	-0.69085	0.66908	-6.90847
0.00000	0.00000	0.00000	1.00000

boidNo = 1
boid Wall No = 0
position = = (5.3, -8.0, 2.8)
Boid Radius= 10
Boid Frame=
 0.38155	0.53024	0.75714	5.30243
-0.06825	-0.80071	0.59515	-8.00711
-0.92183	0.27876	0.26932	2.78756
0.00000	0.00000	0.00000	1.00000

boidNo = 2
boid Wall No = 1
position = = (2.3, 8.3, -5.0)
Boid Radius= 10
Boid Frame=
 -0.69215	0.22953	-0.68428	2.29527
-0.22179	0.83457	0.50428	8.34572
-0.68683	-0.50081	0.52674	-5.00807
0.00000	0.00000	0.00000	1.00000

boidNo = 3
boid Wall No = 1
position = = (-7.3, 6.8, -0.5)
Boid Radius= 9.999999
Boid Frame=
 -0.35119	-0.73351	0.58191	-7.33512
-0.32095	0.67816	0.66113	6.78157
0.87958	-0.04542	0.47359	-0.45419
0.00000	0.00000	0.00000	1.00000

boidNo = 4
boid Wall No = 1
position = = (0.1, 9.9, 1.7)
Boid Radius= 9.999999
Boid Frame=
 0.96971	0.00659	-0.24418	0.06589
0.03483	0.98569	0.16492	9.85692
-0.24177	0.16843	-0.95560	1.68430
0.00000	0.00000	0.00000	1.00000

boidNo = 5
boid Wall No = 0
position = = (0.6, -9.2, -3.9)
Boid Radius= 10
Boid Frame=
 -0.72350	0.05977	0.68773	0.59769
0.22852	-0.91934	0.32030	-9.19338
-0.65140	-0.38890	-0.65148	-3.88902
0.00000	0.00000	0.00000	1.00000

boidNo = 6
boid Wall No = 0
position = = (-5.0, -8.1, -3.0)
Boid Radius= 9.999999
Boid Frame=
 -0.43991	-0.49731	-0.74778	-4.97305
-0.05990	-0.81457	0.57697	-8.14569
0.89604	-0.29860	-0.32855	-2.98604
0.00000	0.00000	0.00000	1.00000

boidNo = 7
boid Wall No = 1
position = = (-2.8, 9.3, -2.4)
Boid Radius= 10
Boid Frame=
 -0.71100	-0.27575	0.64687	-2.75746
-0.02942	0.93077	0.36443	9.30766
0.70257	-0.24008	0.66989	-2.40083
0.00000	0.00000	0.00000	1.00000

boidNo = 8
boid Wall No = 1
position = = (8.7, 4.8, 0.8)
Boid Radius= 10
Boid Frame=
 0.41590	0.87485	-0.24833	8.74850
-0.65905	0.47810	0.58058	4.78105
-0.62665	0.07780	-0.77541	0.77802
0.00000	0.00000	0.00000	1.00000

boidNo = 9
boid Wall No = 0
position = = (7.4, -6.3, -2.3)
Boid Radius= 10
Boid Frame=
 -0.48400	0.74275	0.46267	7.42748
-0.26468	-0.62822	0.73163	-6.28221
-0.83408	-0.23165	-0.50065	-2.31654
0.00000	0.00000	0.00000	1.00000

boidNo = 10
boid Wall No = 1
position = = (8.7, 4.0, 2.7)
Boid Radius= 9.999999
Boid Frame=
 0.47961	0.87424	-0.07535	8.74239
-0.63234	0.40388	0.66108	4.03882
-0.60838	0.26942	-0.74652	2.69417
0.00000	0.00000	0.00000	1.00000

boidNo = 11
boid Wall No = 0
position = = (0.3, -0.5, 10.0)
Boid Radius= 10
Boid Frame=
 0.78526	0.02568	0.61863	0.25678
-0.61688	-0.05337	0.78525	-0.53374
-0.05318	0.99824	0.02607	9.98245
0.00000	0.00000	0.00000	1.00000

boidNo = 12
boid Wall No = 1
position = = (2.8, 7.2, -6.4)
Boid Radius= 10
Boid Frame=
 -0.67479	0.28417	-0.68111	2.84167
-0.32338	0.71574	0.61899	7.15736
-0.66339	-0.63794	0.39108	-6.37943
0.00000	0.00000	0.00000	1.00000

boidNo = 13
boid Wall No = 0
position = = (-10.0, -0.6, -0.3)
Boid Radius= 9.999999
Boid Frame=
 0.04967	-0.99777	-0.04464	-9.97768
-0.95043	-0.06095	0.30492	-0.60952
0.30696	-0.02728	0.95133	-0.27285
0.00000	0.00000	0.00000	1.00000

boidNo = 14
boid Wall No = 0
position = = (2.7, -9.6, -1.1)
Boid Radius= 10
Boid Frame=
 -0.59107	0.27279	0.75909	2.72792
-0.07599	-0.95572	0.28429	-9.55724
-0.80303	-0.11035	-0.58563	-1.10350
0.00000	0.00000	0.00000	1.00000

boidNo = 15
boid Wall No = 0
position = = (-1.1, -9.7, -2.2)
Boid Radius= 10
Boid Frame=
 -0.94139	-0.11044	-0.31874	-1.10443
0.03073	-0.96903	0.24502	-9.69031
0.33593	-0.22086	-0.91563	-2.20865
0.00000	0.00000	0.00000	1.00000

boidNo = 16
boid Wall No = 0
position = = (-4.6, -5.8, -6.7)
Boid Radius= 10
Boid Frame=
 -0.61280	-0.46205	-0.64108	-4.62049
-0.34025	-0.57793	0.74177	-5.77931
0.71324	-0.67269	-0.19695	-6.72686
0.00000	0.00000	0.00000	1.00000

boidNo = 17
boid Wall No = 0
position = = (-7.7, -6.2, 1.2)
Boid Radius= 10
Boid Frame=
 0.35440	-0.77294	-0.52628	-7.72936
-0.26538	-0.62281	0.73599	-6.22807
0.89665	0.12117	0.42584	1.21165
0.00000	0.00000	0.00000	1.00000

boidNo = 18
boid Wall No = 0
position = = (5.2, -3.0, -8.0)
Boid Radius= 10
Boid Frame=
 -0.63582	0.52258	-0.56802	5.22578
-0.76079	-0.30024	0.57537	-3.00244
-0.13013	-0.79798	-0.58847	-7.97976
0.00000	0.00000	0.00000	1.00000

boidNo = 19
boid Wall No = 0
position = = (9.1, -2.5, 3.3)
Boid Radius= 10
Boid Frame=
 0.05706	0.91138	0.40760	9.11379
-0.71335	-0.24841	0.65531	-2.48414
-0.69849	0.32815	-0.63596	3.28146
0.00000	0.00000	0.00000	1.00000

