Iteration Num of Simuation:0
m_SimulationDeltaT of action plan:0
boidNo = 0
boid Wall No = 1
position = = (-2.6, 9.6, -0.5)
Boid Radius= 10
Boid Frame=
 -0.92180	-0.25879	0.28863	-2.58790
-0.23136	0.96467	0.12602	9.64670
0.31105	-0.04939	0.94911	-0.49391
0.00000	0.00000	0.00000	1.00000

boidNo = 1
boid Wall No = 1
position = = (9.3, 1.3, 3.3)
Boid Radius= 10
Boid Frame=
 0.34009	0.93346	0.11395	9.33462
-0.62333	0.13304	0.77055	1.33042
-0.70412	0.33309	-0.62711	3.33088
0.00000	0.00000	0.00000	1.00000

boidNo = 2
boid Wall No = 0
position = = (0.9, -4.1, -9.1)
Boid Radius= 10
Boid Frame=
 -0.79722	0.08803	-0.59724	0.88027
-0.57545	-0.40984	0.70774	-4.09838
0.18247	-0.90790	-0.37739	-9.07901
0.00000	0.00000	0.00000	1.00000

boidNo = 3
boid Wall No = 0
position = = (8.6, -0.5, -5.1)
Boid Radius= 10
Boid Frame=
 -0.23208	0.85881	-0.45672	8.58805
-0.92670	-0.05252	0.37213	-0.52523
-0.29560	-0.50960	-0.80804	-5.09603
0.00000	0.00000	0.00000	1.00000

boidNo = 4
boid Wall No = 0
position = = (-4.9, -8.4, 2.4)
Boid Radius= 10
Boid Frame=
 0.51470	-0.48772	0.70513	-4.87719
-0.50023	-0.83877	-0.21501	-8.38770
-0.69631	0.24206	0.67569	2.42064
0.00000	0.00000	0.00000	1.00000

boidNo = 5
boid Wall No = 0
position = = (-2.6, -9.1, 3.4)
Boid Radius= 9.999999
Boid Frame=
 0.76116	-0.25741	-0.59530	-2.57408
0.02466	-0.90572	0.42316	-9.05718
0.64810	0.33677	0.68305	3.36774
0.00000	0.00000	0.00000	1.00000

boidNo = 6
boid Wall No = 1
position = = (3.8, 9.1, -1.6)
Boid Radius= 10
Boid Frame=
 0.62680	0.38109	-0.67962	3.81094
-0.37986	0.91101	0.16051	9.11013
-0.68031	-0.15755	-0.71579	-1.57550
0.00000	0.00000	0.00000	1.00000

boidNo = 7
boid Wall No = 0
position = = (4.7, -8.8, 0.0)
Boid Radius= 9.999999
Boid Frame=
 0.11585	0.47225	0.87382	4.72248
0.06520	-0.88146	0.46773	-8.81461
-0.99112	-0.00278	0.13290	-0.02784
0.00000	0.00000	0.00000	1.00000

boidNo = 8
boid Wall No = 1
position = = (-2.1, 9.7, -1.2)
Boid Radius= 10
Boid Frame=
 -0.96416	-0.21426	0.15649	-2.14259
-0.19018	0.96936	0.15548	9.69360
0.18501	-0.12014	0.97536	-1.20143
0.00000	0.00000	0.00000	1.00000

boidNo = 9
boid Wall No = 1
position = = (-9.6, 2.6, -1.4)
Boid Radius= 10
Boid Frame=
 -0.29368	-0.95542	0.03056	-9.55417
-0.79004	0.26059	0.55491	2.60590
0.53813	-0.13882	0.83135	-1.38823
0.00000	0.00000	0.00000	1.00000

