Iteration Num of Simuation:0
m_SimulationDeltaT of action plan:0
boidNo = 0
boid Wall No = 0
position = = (4.4, -6.4, 6.3)
Boid Radius= 10
Boid Frame=
 0.46832	0.43934	0.76659	4.39343
-0.43403	-0.64132	0.63271	-6.41323
-0.76961	0.62903	0.10966	6.29033
0.00000	0.00000	0.00000	1.00000

boidNo = 1
boid Wall No = 1
position = = (-3.0, 9.3, -2.0)
Boid Radius= 10
Boid Frame=
 -0.55527	-0.29999	0.77568	-2.99985
-0.00127	0.93298	0.35991	9.32984
0.83167	-0.19887	0.51844	-1.98869
0.00000	0.00000	0.00000	1.00000

boidNo = 2
boid Wall No = 0
position = = (3.5, -1.4, -9.3)
Boid Radius= 10
Boid Frame=
 -0.51263	0.34861	-0.78465	3.48608
-0.85602	-0.13655	0.49859	-1.36546
-0.06667	-0.92727	-0.36841	-9.27269
0.00000	0.00000	0.00000	1.00000

boidNo = 3
boid Wall No = 0
position = = (-2.2, -9.8, -0.1)
Boid Radius= 10
Boid Frame=
 -0.34743	-0.22190	-0.91107	-2.21901
0.07302	-0.97505	0.20964	-9.75049
0.93486	-0.00630	-0.35497	-0.06304
0.00000	0.00000	0.00000	1.00000

boidNo = 4
boid Wall No = 1
position = = (-0.2, 5.7, 8.2)
Boid Radius= 10
Boid Frame=
 0.30401	-0.01555	0.95254	-0.15551
-0.77674	0.57487	0.25729	5.74870
0.55159	0.81810	-0.16269	8.18097
0.00000	0.00000	0.00000	1.00000

boidNo = 5
boid Wall No = 0
position = = (0.3, -9.5, 3.1)
Boid Radius= 10
Boid Frame=
 0.99829	0.03047	-0.04979	0.30473
0.04449	-0.94935	0.31105	-9.49353
0.03779	0.31273	0.94909	3.12730
0.00000	0.00000	0.00000	1.00000

boidNo = 6
boid Wall No = 1
position = = (-5.4, 4.3, 7.2)
Boid Radius= 10
Boid Frame=
 0.51121	-0.53764	0.67053	-5.37637
-0.51394	0.43409	0.73988	4.34091
0.68886	0.72285	0.05440	7.22849
0.00000	0.00000	0.00000	1.00000

boidNo = 7
boid Wall No = 0
position = = (-9.6, -2.8, 0.6)
Boid Radius= 10
Boid Frame=
 0.20202	-0.95783	-0.20431	-9.57834
-0.51117	-0.28106	0.81222	-2.81065
0.83540	0.05964	0.54639	0.59643
0.00000	0.00000	0.00000	1.00000

boidNo = 8
boid Wall No = 1
position = = (-9.1, 3.8, 1.8)
Boid Radius= 10
Boid Frame=
 -0.09923	-0.90510	0.41346	-9.05097
-0.61216	0.38311	0.69173	3.83109
0.78448	0.18446	0.59208	1.84463
0.00000	0.00000	0.00000	1.00000

boidNo = 9
boid Wall No = 1
position = = (-3.1, 2.8, -9.1)
Boid Radius= 10
Boid Frame=
 -0.79251	-0.30705	-0.52692	-3.07051
-0.60440	0.28008	0.74583	2.80083
0.08143	-0.90955	0.40755	-9.09546
0.00000	0.00000	0.00000	1.00000

boidNo = 10
boid Wall No = 1
position = = (2.6, 9.5, 1.6)
Boid Radius= 10
Boid Frame=
 0.72871	0.26475	-0.63158	2.64748
-0.09015	0.95131	0.29476	9.51309
-0.67887	0.15786	-0.71709	1.57859
0.00000	0.00000	0.00000	1.00000

boidNo = 11
boid Wall No = 0
position = = (8.9, -4.4, 0.7)
Boid Radius= 10
Boid Frame=
 -0.18078	0.89476	0.40831	8.94762
-0.49715	-0.44134	0.74703	-4.41343
-0.84863	0.06795	-0.52461	0.67947
0.00000	0.00000	0.00000	1.00000

boidNo = 12
boid Wall No = 0
position = = (-7.0, -2.3, 6.8)
Boid Radius= 10
Boid Frame=
 0.67082	-0.69561	0.25716	-6.95611
-0.54536	-0.22770	0.80668	-2.27702
0.50258	0.68138	0.53210	6.81379
0.00000	0.00000	0.00000	1.00000

boidNo = 13
boid Wall No = 1
position = = (-8.1, 5.6, 2.0)
Boid Radius= 10
Boid Frame=
 -0.10730	-0.80754	0.57998	-8.07536
-0.46685	0.55596	0.68772	5.55958
0.87780	0.19697	0.43666	1.96969
0.00000	0.00000	0.00000	1.00000

boidNo = 14
boid Wall No = 1
position = = (-9.4, 3.3, -1.0)
Boid Radius= 10
Boid Frame=
 -0.32051	-0.93940	0.12166	-9.39400
-0.73367	0.32743	0.59541	3.27428
0.59917	-0.10158	0.79416	-1.01578
0.00000	0.00000	0.00000	1.00000

boidNo = 15
boid Wall No = 1
position = = (-9.8, 1.9, -0.5)
Boid Radius= 10
Boid Frame=
 -0.15838	-0.98064	0.11513	-9.80643
-0.63443	0.19042	0.74916	1.90418
0.75658	-0.04560	0.65231	-0.45604
0.00000	0.00000	0.00000	1.00000

boidNo = 16
boid Wall No = 1
position = = (1.0, 9.4, 3.2)
Boid Radius= 10
Boid Frame=
 0.98830	0.10366	-0.11188	1.03656
-0.06169	0.94255	0.32833	9.42548
-0.13948	0.31758	-0.93792	3.17584
0.00000	0.00000	0.00000	1.00000

boidNo = 17
boid Wall No = 1
position = = (-9.0, 2.0, 3.9)
Boid Radius= 10
Boid Frame=
 0.19801	-0.89789	0.39319	-8.97885
-0.60462	0.20385	0.76999	2.03846
0.77151	0.39019	0.50251	3.90192
0.00000	0.00000	0.00000	1.00000

boidNo = 18
boid Wall No = 0
position = = (3.6, -7.6, -5.3)
Boid Radius= 10
Boid Frame=
 -0.86965	0.35895	0.33890	3.58954
-0.06610	-0.76499	0.64064	-7.64994
-0.48922	-0.53473	-0.68901	-5.34731
0.00000	0.00000	0.00000	1.00000

boidNo = 19
boid Wall No = 1
position = = (4.1, 9.0, -1.6)
Boid Radius= 10
Boid Frame=
 -0.20437	0.40667	-0.89042	4.06669
-0.07829	0.89992	0.42897	8.99918
-0.97576	-0.15738	0.15208	-1.57377
0.00000	0.00000	0.00000	1.00000

