Iteration Num of Simuation:0
m_SimulationDeltaT of action plan:0
boidNo = 0
boid Wall No = 0
position = = (-2.2, -8.5, 4.7)
Boid Radius= 10
Boid Frame=
 0.90690	-0.22339	-0.35725	-2.23387
-0.00300	-0.85129	0.52468	-8.51292
0.42133	0.47476	0.77271	4.74764
0.00000	0.00000	0.00000	1.00000

boidNo = 1
boid Wall No = 0
position = = (-0.3, -9.2, 4.0)
Boid Radius= 10
Boid Frame=
 0.99866	-0.03290	0.03990	-0.32897
-0.04599	-0.91787	0.39421	-9.17869
-0.02366	0.39552	0.91815	3.95519
0.00000	0.00000	0.00000	1.00000

boidNo = 2
boid Wall No = 0
position = = (-4.1, -9.0, 1.5)
Boid Radius= 10
Boid Frame=
 0.10383	-0.40951	-0.90638	-4.09510
0.11225	-0.90066	0.41978	-9.00657
0.98824	0.14532	0.04755	1.45324
0.00000	0.00000	0.00000	1.00000

boidNo = 3
boid Wall No = 0
position = = (-1.5, -8.7, -4.7)
Boid Radius= 10
Boid Frame=
 -0.97379	-0.15214	-0.16905	-1.52144
0.05122	-0.87091	0.48877	-8.70908
0.22159	-0.46730	-0.85588	-4.67302
0.00000	0.00000	0.00000	1.00000

boidNo = 4
boid Wall No = 1
position = = (-0.3, 9.3, 3.6)
Boid Radius= 10
Boid Frame=
 0.97240	-0.03286	0.23098	-0.32858
-0.05320	0.93272	0.35666	9.32719
0.22716	0.35910	-0.90523	3.59104
0.00000	0.00000	0.00000	1.00000

boidNo = 5
boid Wall No = 1
position = = (3.5, 2.9, 8.9)
Boid Radius= 10
Boid Frame=
 0.69293	0.34534	0.63292	3.45338
-0.72013	0.28833	0.63109	2.88331
-0.03545	0.89309	-0.44848	8.93088
0.00000	0.00000	0.00000	1.00000

boidNo = 6
boid Wall No = 0
position = = (1.5, -0.9, -9.8)
Boid Radius= 10
Boid Frame=
 -0.79921	0.15465	-0.58082	1.54649
-0.59656	-0.08614	0.79793	-0.86143
-0.07336	-0.98421	-0.16110	-9.84207
0.00000	0.00000	0.00000	1.00000

boidNo = 7
boid Wall No = 0
position = = (6.0, -4.5, 6.5)
Boid Radius= 10
Boid Frame=
 0.45269	0.60474	0.65526	6.04738
-0.48063	-0.45348	0.75057	-4.53480
-0.75104	0.65471	-0.08537	6.54712
0.00000	0.00000	0.00000	1.00000

boidNo = 8
boid Wall No = 0
position = = (9.3, -1.7, -3.2)
Boid Radius= 10
Boid Frame=
 -0.35670	0.93122	-0.07485	9.31216
-0.60483	-0.16913	0.77819	-1.69132
-0.71200	-0.32285	-0.62356	-3.22848
0.00000	0.00000	0.00000	1.00000

boidNo = 9
boid Wall No = 1
position = = (-1.1, 7.9, -6.0)
Boid Radius= 10
Boid Frame=
 -0.97473	-0.10516	-0.19710	-1.05160
-0.20207	0.79124	0.57715	7.91242
-0.09526	-0.60239	0.79249	-6.02393
0.00000	0.00000	0.00000	1.00000

boidNo = 10
boid Wall No = 0
position = = (-3.4, -8.0, -4.9)
Boid Radius= 10
Boid Frame=
 -0.79290	-0.33696	-0.50770	-3.36957
-0.03752	-0.80461	0.59261	-8.04612
0.60819	-0.48894	-0.62534	-4.88938
0.00000	0.00000	0.00000	1.00000

boidNo = 11
boid Wall No = 0
position = = (3.4, -4.9, -8.0)
Boid Radius= 10
Boid Frame=
 -0.83516	0.33826	-0.43370	3.38259
-0.54975	-0.48869	0.67746	-4.88695
-0.01721	-0.80421	-0.59409	-8.04213
0.00000	0.00000	0.00000	1.00000

boidNo = 12
boid Wall No = 0
position = = (-3.1, -5.9, -7.5)
Boid Radius= 10
Boid Frame=
 -0.76818	-0.31111	-0.55956	-3.11113
-0.30601	-0.58929	0.74773	-5.89288
0.56237	-0.74562	-0.35748	-7.45619
0.00000	0.00000	0.00000	1.00000

boidNo = 13
boid Wall No = 1
position = = (1.1, 5.7, 8.2)
Boid Radius= 10
Boid Frame=
 0.72514	0.10951	0.67983	1.09515
-0.60798	0.56538	0.55742	5.65375
0.32332	0.81753	-0.47656	8.17531
0.00000	0.00000	0.00000	1.00000

boidNo = 14
boid Wall No = 0
position = = (7.4, -6.7, -0.5)
Boid Radius= 10
Boid Frame=
 -0.66383	0.73838	0.11888	7.38376
-0.71137	-0.67245	0.20436	-6.72452
-0.23083	-0.05109	-0.97165	-0.51090
0.00000	0.00000	0.00000	1.00000

boidNo = 15
boid Wall No = 0
position = = (1.0, -3.4, 9.4)
Boid Radius= 10
Boid Frame=
 0.71999	0.09512	0.68744	0.95124
-0.62692	-0.33568	0.70305	-3.35680
-0.29764	0.93716	0.18205	9.37161
0.00000	0.00000	0.00000	1.00000

boidNo = 16
boid Wall No = 0
position = = (1.0, -9.6, -2.6)
Boid Radius= 10
Boid Frame=
 -0.96095	0.09862	0.25856	0.98619
-0.02260	-0.95919	0.28185	-9.59192
-0.27581	-0.26500	-0.92396	-2.64999
0.00000	0.00000	0.00000	1.00000

boidNo = 17
boid Wall No = 0
position = = (-2.0, -9.8, -0.8)
Boid Radius= 10
Boid Frame=
 -0.31420	-0.19548	-0.92901	-1.95477
-0.01736	-0.97723	0.21149	-9.77226
0.94920	-0.08257	-0.30365	-0.82574
0.00000	0.00000	0.00000	1.00000

boidNo = 18
boid Wall No = 1
position = = (-3.8, 3.4, -8.6)
Boid Radius= 10
Boid Frame=
 -0.71144	-0.37694	-0.59310	-3.76940
-0.70176	0.33629	0.62805	3.36292
0.03728	-0.86303	0.50377	-8.63032
0.00000	0.00000	0.00000	1.00000

boidNo = 19
boid Wall No = 1
position = = (-3.2, 2.8, -9.1)
Boid Radius= 10
Boid Frame=
 -0.65664	-0.31802	-0.68387	-3.18022
-0.75419	0.28223	0.59291	2.82229
-0.00445	-0.90510	0.42517	-9.05102
0.00000	0.00000	0.00000	1.00000

