Iteration Num of Simuation:0
m_SimulationDeltaT of action plan:0
boidNo = 0
boid Wall No = 0
position = = (0.1, -10.0, -0.8)
Boid Radius= 10
Boid Frame=
 -0.98964	0.01071	0.14318	0.10710
0.00102	-0.99666	0.08163	-9.96662
-0.14358	-0.08093	-0.98632	-0.80928
0.00000	0.00000	0.00000	1.00000

boidNo = 1
boid Wall No = 0
position = = (8.0, -5.4, 2.5)
Boid Radius= 10
Boid Frame=
 0.05236	0.80436	0.59182	8.04364
-0.34897	-0.54054	0.76553	-5.40537
-0.93567	0.24661	-0.25239	2.46613
0.00000	0.00000	0.00000	1.00000

boidNo = 2
boid Wall No = 0
position = = (4.8, -6.2, 6.2)
Boid Radius= 10
Boid Frame=
 0.55554	0.48347	0.67649	4.83468
-0.33013	-0.61847	0.71310	-6.18465
-0.76315	0.61948	0.18398	6.19483
0.00000	0.00000	0.00000	1.00000

boidNo = 3
boid Wall No = 1
position = = (0.5, 2.7, -9.6)
Boid Radius= 10
Boid Frame=
 -0.47936	0.05310	-0.87601	0.53103
-0.83783	0.26947	0.47480	2.69468
-0.26127	-0.96154	0.08468	-9.61544
0.00000	0.00000	0.00000	1.00000

boidNo = 4
boid Wall No = 1
position = = (-2.4, 9.6, -1.2)
Boid Radius= 10
Boid Frame=
 -0.95297	-0.23559	0.19066	-2.35592
-0.20493	0.96436	0.16736	9.64363
0.22330	-0.12042	0.96728	-1.20416
0.00000	0.00000	0.00000	1.00000

boidNo = 5
boid Wall No = 1
position = = (5.4, 1.0, -8.3)
Boid Radius= 10
Boid Frame=
 -0.59083	0.54049	-0.59899	5.40491
-0.65984	0.10349	0.74424	1.03490
-0.46425	-0.83496	-0.29549	-8.34961
0.00000	0.00000	0.00000	1.00000

boidNo = 6
boid Wall No = 0
position = = (3.6, -4.3, 8.3)
Boid Radius= 10
Boid Frame=
 0.69833	0.35647	0.62069	3.56474
-0.46492	-0.43344	0.77200	-4.33438
-0.54423	0.82768	0.13695	8.27682
0.00000	0.00000	0.00000	1.00000

boidNo = 7
boid Wall No = 0
position = = (-4.0, -9.2, -0.2)
Boid Radius= 10
Boid Frame=
 0.37597	-0.39679	-0.83738	-3.96787
-0.18215	-0.91770	0.35306	-9.17697
0.90855	-0.01979	0.41730	-0.19792
0.00000	0.00000	0.00000	1.00000

boidNo = 8
boid Wall No = 1
position = = (0.6, 9.5, -3.1)
Boid Radius= 9.999999
Boid Frame=
 -0.62472	0.05966	-0.77856	0.59662
-0.20744	0.94857	0.23914	9.48568
-0.75279	-0.31090	0.58022	-3.10901
0.00000	0.00000	0.00000	1.00000

boidNo = 9
boid Wall No = 1
position = = (-1.7, 7.8, -6.0)
Boid Radius= 10
Boid Frame=
 -0.91720	-0.17312	-0.35885	-1.73124
-0.34925	0.78280	0.51502	7.82801
-0.19174	-0.59770	0.77845	-5.97705
0.00000	0.00000	0.00000	1.00000

boidNo = 10
boid Wall No = 0
position = = (4.4, -8.0, -4.1)
Boid Radius= 10
Boid Frame=
 -0.83240	0.44140	0.33508	4.41404
-0.19053	-0.79573	0.57491	-7.95727
-0.52040	-0.41471	-0.74646	-4.14707
0.00000	0.00000	0.00000	1.00000

boidNo = 11
boid Wall No = 1
position = = (-5.3, 8.5, 0.7)
Boid Radius= 9.999999
Boid Frame=
 -0.25208	-0.52723	0.81147	-5.27226
-0.23424	0.84686	0.47745	8.46860
0.93893	0.06972	0.33698	0.69722
0.00000	0.00000	0.00000	1.00000

boidNo = 12
boid Wall No = 0
position = = (2.4, -6.5, -7.2)
Boid Radius= 10
Boid Frame=
 -0.92565	0.24187	-0.29100	2.41869
-0.37704	-0.65446	0.65538	-6.54461
0.03193	-0.71637	-0.69699	-7.16366
0.00000	0.00000	0.00000	1.00000

boidNo = 13
boid Wall No = 1
position = = (-8.0, 2.6, 5.4)
Boid Radius= 10
Boid Frame=
 0.30502	-0.80188	0.51376	-8.01884
-0.59827	0.25839	0.75849	2.58386
0.74097	0.53872	0.40093	5.38720
0.00000	0.00000	0.00000	1.00000

boidNo = 14
boid Wall No = 0
position = = (4.9, -4.4, -7.5)
Boid Radius= 10
Boid Frame=
 -0.62137	0.49293	-0.60904	4.92928
-0.78221	-0.43520	0.44582	-4.35199
0.04530	-0.75341	-0.65599	-7.53409
0.00000	0.00000	0.00000	1.00000

boidNo = 15
boid Wall No = 0
position = = (-0.2, -9.4, -3.3)
Boid Radius= 10
Boid Frame=
 -0.99851	-0.01562	0.05230	-0.15617
0.03203	-0.94352	0.32976	-9.43523
-0.04420	-0.33094	-0.94262	-3.30940
0.00000	0.00000	0.00000	1.00000

boidNo = 16
boid Wall No = 0
position = = (-9.7, -1.6, 1.8)
Boid Radius= 10
Boid Frame=
 0.23424	-0.97218	-0.00037	-9.72179
-0.64351	-0.15533	0.74951	-1.55331
0.72872	0.17533	0.66199	1.75328
0.00000	0.00000	0.00000	1.00000

boidNo = 17
boid Wall No = 0
position = = (1.2, -9.9, 0.3)
Boid Radius= 10
Boid Frame=
 0.18164	0.12089	0.97591	1.20892
-0.00276	-0.99235	0.12344	-9.92348
-0.98336	0.02512	0.17992	0.25115
0.00000	0.00000	0.00000	1.00000

boidNo = 18
boid Wall No = 0
position = = (-4.5, -8.9, -1.0)
Boid Radius= 10
Boid Frame=
 -0.36514	-0.45143	-0.81418	-4.51429
0.08163	-0.88672	0.45504	-8.86721
0.92737	-0.09969	-0.36063	-0.99693
0.00000	0.00000	0.00000	1.00000

boidNo = 19
boid Wall No = 0
position = = (-4.7, -8.1, -3.5)
Boid Radius= 10
Boid Frame=
 -0.48288	-0.47070	-0.73842	-4.70701
-0.09146	-0.81153	0.57711	-8.11527
0.87090	-0.34622	-0.34882	-3.46216
0.00000	0.00000	0.00000	1.00000

