Iteration Num of Simuation:0
m_SimulationDeltaT of action plan:0
boidNo = 0
boid Wall No = 0
position = = (1.2, -9.9, -0.1)
Boid Radius= 10
Boid Frame=
 -0.14765	0.11523	0.98230	1.15234
-0.01015	-0.99331	0.11500	-9.93314
-0.98899	-0.00700	-0.14783	-0.07005
0.00000	0.00000	0.00000	1.00000

boidNo = 1
boid Wall No = 0
position = = (-9.6, -0.4, 2.6)
Boid Radius= 10
Boid Frame=
 0.22751	-0.96368	0.13985	-9.63681
-0.63702	-0.03866	0.76988	-0.38663
0.73651	0.26424	0.62268	2.64241
0.00000	0.00000	0.00000	1.00000

boidNo = 2
boid Wall No = 1
position = = (0.3, 9.8, 1.9)
Boid Radius= 9.999999
Boid Frame=
 0.70596	0.02997	0.70762	0.29973
-0.15284	0.98201	0.11089	9.82010
0.69157	0.18643	-0.69784	1.86434
0.00000	0.00000	0.00000	1.00000

boidNo = 3
boid Wall No = 0
position = = (7.1, -6.9, -1.5)
Boid Radius= 10
Boid Frame=
 -0.69327	0.71008	0.12315	7.10080
-0.64496	-0.68755	0.33362	-6.87550
-0.32157	-0.15186	-0.93463	-1.51860
0.00000	0.00000	0.00000	1.00000

boidNo = 4
boid Wall No = 0
position = = (-7.3, -1.0, 6.8)
Boid Radius= 10
Boid Frame=
 0.44338	-0.73028	0.51972	-7.30276
-0.82406	-0.10400	0.55688	-1.03996
0.35263	0.67519	0.64790	6.75190
0.00000	0.00000	0.00000	1.00000

boidNo = 5
boid Wall No = 0
position = = (0.5, -9.8, 1.9)
Boid Radius= 10
Boid Frame=
 0.90726	0.04978	0.41761	0.49779
-0.03571	-0.98027	0.19443	-9.80267
-0.41904	0.19131	0.88758	1.91310
0.00000	0.00000	0.00000	1.00000

boidNo = 6
boid Wall No = 0
position = = (8.5, -3.7, 3.8)
Boid Radius= 10
Boid Frame=
 0.12895	0.85016	0.51049	8.50158
-0.55398	-0.36521	0.74815	-3.65208
-0.82248	0.37928	-0.42388	3.79281
0.00000	0.00000	0.00000	1.00000

boidNo = 7
boid Wall No = 0
position = = (-4.1, -2.3, -8.8)
Boid Radius= 10
Boid Frame=
 -0.66095	-0.41089	-0.62794	-4.10889
-0.59019	-0.23220	0.77315	-2.32195
0.46348	-0.88162	0.08903	-8.81621
0.00000	0.00000	0.00000	1.00000

boidNo = 8
boid Wall No = 0
position = = (6.8, -6.4, 3.6)
Boid Radius= 10
Boid Frame=
 0.15573	0.68328	0.71336	6.83279
-0.34807	-0.63789	0.68698	-6.37890
-0.92444	0.35528	-0.13850	3.55283
0.00000	0.00000	0.00000	1.00000

boidNo = 9
boid Wall No = 1
position = = (1.5, 0.9, 9.8)
Boid Radius= 9.999999
Boid Frame=
 0.56259	0.14874	0.81324	1.48740
-0.82672	0.09460	0.55461	0.94605
-0.00556	0.98434	-0.17619	9.84341
0.00000	0.00000	0.00000	1.00000

