Iteration Num of Simuation:0
m_SimulationDeltaT of action plan:0
boidNo = 0
boid Wall No = 0
position = = (-2.2, -3.0, 9.3)
Boid Radius= 10
Boid Frame=
 0.74281	-0.22450	0.63074	-2.24503
-0.66840	-0.30278	0.67939	-3.02778
-0.03845	0.92624	0.37496	9.26242
0.00000	0.00000	0.00000	1.00000

boidNo = 1
boid Wall No = 1
position = = (-4.6, 6.1, -6.5)
Boid Radius= 10
Boid Frame=
 -0.88114	-0.46242	-0.09882	-4.62419
-0.39538	0.60586	0.69037	6.05859
0.25937	-0.64738	0.71668	-6.47382
0.00000	0.00000	0.00000	1.00000

boidNo = 2
boid Wall No = 0
position = = (-3.7, -9.3, -0.8)
Boid Radius= 10
Boid Frame=
 -0.78528	-0.37032	-0.49619	-3.70323
0.26384	-0.92515	0.27292	-9.25151
0.56011	-0.08340	-0.82421	-0.83404
0.00000	0.00000	0.00000	1.00000

boidNo = 3
boid Wall No = 0
position = = (5.7, -6.7, 4.7)
Boid Radius= 10
Boid Frame=
 0.46888	0.57078	0.67406	5.70778
-0.20554	-0.67169	0.71175	-6.71692
-0.85901	0.47227	0.19762	4.72275
0.00000	0.00000	0.00000	1.00000

boidNo = 4
boid Wall No = 1
position = = (-1.8, 9.5, 2.4)
Boid Radius= 10
Boid Frame=
 0.87913	-0.18214	0.44041	-1.82137
0.04983	0.95416	0.29513	9.54157
0.47397	0.23751	-0.84790	2.37510
0.00000	0.00000	0.00000	1.00000

boidNo = 5
boid Wall No = 1
position = = (2.5, 5.3, 8.1)
Boid Radius= 10
Boid Frame=
 0.80699	0.24555	0.53710	2.45545
-0.57586	0.52888	0.62344	5.28878
0.13098	0.81240	-0.56820	8.12401
0.00000	0.00000	0.00000	1.00000

boidNo = 6
boid Wall No = 0
position = = (-10.0, -0.5, -0.4)
Boid Radius= 10
Boid Frame=
 0.01648	-0.99783	-0.06378	-9.97828
-0.78796	-0.05223	0.61350	-0.52229
0.61550	-0.04014	0.78711	-0.40141
0.00000	0.00000	0.00000	1.00000

boidNo = 7
boid Wall No = 0
position = = (-8.5, -4.4, -2.8)
Boid Radius= 10
Boid Frame=
 0.30437	-0.85311	-0.42375	-8.53112
-0.85396	-0.44147	0.27542	-4.41472
0.42204	-0.27803	0.86289	-2.78034
0.00000	0.00000	0.00000	1.00000

boidNo = 8
boid Wall No = 1
position = = (-4.6, 0.3, 8.9)
Boid Radius= 10
Boid Frame=
 0.56553	-0.46395	0.68186	-4.63954
-0.75898	0.03071	0.65039	0.30707
0.32269	0.88533	0.33477	8.85327
0.00000	0.00000	0.00000	1.00000

boidNo = 9
boid Wall No = 1
position = = (-8.2, 5.6, -1.3)
Boid Radius= 10
Boid Frame=
 -0.43373	-0.81664	0.38076	-8.16640
-0.44295	0.56124	0.69915	5.61238
0.78465	-0.13458	0.60515	-1.34579
0.00000	0.00000	0.00000	1.00000

boidNo = 10
boid Wall No = 0
position = = (-3.3, -7.1, -6.2)
Boid Radius= 10
Boid Frame=
 -0.78393	-0.33105	-0.52523	-3.31047
-0.16143	-0.70820	0.68731	-7.08201
0.59950	-0.62359	-0.50174	-6.23586
0.00000	0.00000	0.00000	1.00000

boidNo = 11
boid Wall No = 0
position = = (8.5, -0.3, -5.3)
Boid Radius= 10
Boid Frame=
 -0.43938	0.84989	-0.29093	8.49886
-0.58797	-0.02724	0.80842	-0.27236
-0.67914	-0.52626	-0.51167	-5.26263
0.00000	0.00000	0.00000	1.00000

boidNo = 12
boid Wall No = 1
position = = (-2.6, 2.8, -9.2)
Boid Radius= 10
Boid Frame=
 -0.81110	-0.26399	-0.52195	-2.63994
-0.58228	0.27985	0.76330	2.79854
0.05544	-0.92303	0.38071	-9.23032
0.00000	0.00000	0.00000	1.00000

boidNo = 13
boid Wall No = 0
position = = (-7.1, -3.2, 6.2)
Boid Radius= 10
Boid Frame=
 0.67559	-0.71183	0.19203	-7.11834
-0.55754	-0.32283	0.76481	-3.22832
0.48242	0.62376	0.61498	6.23756
0.00000	0.00000	0.00000	1.00000

boidNo = 14
boid Wall No = 0
position = = (8.1, -5.7, 1.4)
Boid Radius= 10
Boid Frame=
 -0.57300	0.80970	0.12669	8.09704
-0.81930	-0.56977	-0.06410	-5.69765
-0.02028	0.14052	-0.98987	1.40524
0.00000	0.00000	0.00000	1.00000

boidNo = 15
boid Wall No = 0
position = = (-1.7, -9.8, 0.4)
Boid Radius= 10
Boid Frame=
 0.38041	-0.17349	-0.90840	-1.73485
-0.03140	-0.98410	0.17480	-9.84104
0.92429	0.03797	0.37981	0.37973
0.00000	0.00000	0.00000	1.00000

boidNo = 16
boid Wall No = 0
position = = (-1.3, -4.9, -8.6)
Boid Radius= 10
Boid Frame=
 -0.85061	-0.13002	-0.50947	-1.30018
-0.39149	-0.49021	0.77873	-4.90211
0.35100	-0.86185	-0.36608	-8.61852
0.00000	0.00000	0.00000	1.00000

boidNo = 17
boid Wall No = 1
position = = (7.5, 4.4, -4.9)
Boid Radius= 10
Boid Frame=
 -0.09401	0.75464	-0.64937	7.54637
-0.66302	0.43912	0.60628	4.39118
-0.74267	-0.48754	-0.45906	-4.87544
0.00000	0.00000	0.00000	1.00000

boidNo = 18
boid Wall No = 0
position = = (-1.7, -9.1, -3.7)
Boid Radius= 10
Boid Frame=
 -0.92695	-0.17429	-0.33225	-1.74294
0.02438	-0.91166	0.41023	-9.11657
0.37439	-0.37216	-0.84931	-3.72161
0.00000	0.00000	0.00000	1.00000

boidNo = 19
boid Wall No = 1
position = = (-2.5, 9.3, 2.8)
Boid Radius= 10
Boid Frame=
 0.58278	-0.24640	0.77437	-2.46397
-0.08796	0.92820	0.36154	9.28199
0.80786	0.27881	-0.51926	2.78811
0.00000	0.00000	0.00000	1.00000

