Iteration Num of Simuation:0
m_SimulationDeltaT of action plan:0
boidNo = 0
boid Wall No = 1
position = = (2.2, 8.2, 5.3)
Boid Radius= 10
Boid Frame=
 0.97002	0.21955	0.10426	2.19546
-0.24129	0.81855	0.52130	8.18548
-0.02911	0.53083	-0.84698	5.30828
0.00000	0.00000	0.00000	1.00000

boidNo = 1
boid Wall No = 1
position = = (0.5, 9.9, 0.9)
Boid Radius= 10
Boid Frame=
 0.91433	0.04568	0.40239	0.45684
-0.07774	0.99494	0.06368	9.94938
0.39745	0.08951	-0.91325	0.89508
0.00000	0.00000	0.00000	1.00000

boidNo = 2
boid Wall No = 1
position = = (-1.0, 9.7, -2.2)
Boid Radius= 10
Boid Frame=
 -0.76387	-0.09956	0.63765	-0.99555
0.06636	0.97068	0.23105	9.70676
0.64195	-0.21881	0.73486	-2.18807
0.00000	0.00000	0.00000	1.00000

boidNo = 3
boid Wall No = 1
position = = (-1.0, 6.6, 7.5)
Boid Radius= 10
Boid Frame=
 0.75430	-0.10418	0.64821	-1.04184
-0.43687	0.65736	0.61402	6.57356
0.49008	0.74634	-0.45033	7.46344
0.00000	0.00000	0.00000	1.00000

boidNo = 4
boid Wall No = 0
position = = (-3.0, -4.5, -8.4)
Boid Radius= 10
Boid Frame=
 -0.76138	-0.29836	-0.57557	-2.98359
-0.41880	-0.45134	0.78797	-4.51340
0.49487	-0.84100	-0.21869	-8.40996
0.00000	0.00000	0.00000	1.00000

boidNo = 5
boid Wall No = 0
position = = (-2.3, -5.6, -7.9)
Boid Radius= 10
Boid Frame=
 -0.76359	-0.23415	-0.60175	-2.34150
-0.39741	-0.56408	0.72379	-5.64081
0.50891	-0.79182	-0.33767	-7.91825
0.00000	0.00000	0.00000	1.00000

boidNo = 6
boid Wall No = 0
position = = (-1.2, -9.2, 3.7)
Boid Radius= 10
Boid Frame=
 0.82025	-0.11726	-0.55986	-1.17258
0.11973	-0.92189	0.36849	-9.21888
0.55934	0.36929	0.74214	3.69287
0.00000	0.00000	0.00000	1.00000

boidNo = 7
boid Wall No = 1
position = = (-8.3, 2.3, -5.1)
Boid Radius= 10
Boid Frame=
 -0.51046	-0.82812	-0.23161	-8.28124
-0.68219	0.22603	0.69537	2.26025
0.52350	-0.51296	0.68031	-5.12956
0.00000	0.00000	0.00000	1.00000

boidNo = 8
boid Wall No = 0
position = = (4.7, -8.8, 0.4)
Boid Radius= 9.999999
Boid Frame=
 0.41338	0.46699	0.78169	4.66987
0.17309	-0.88312	0.43605	-8.83121
-0.89395	0.04495	0.44590	0.44954
0.00000	0.00000	0.00000	1.00000

boidNo = 9
boid Wall No = 0
position = = (3.4, -1.6, -9.3)
Boid Radius= 10
Boid Frame=
 -0.76083	0.33762	-0.55420	3.37624
-0.62656	-0.15982	0.76281	-1.59820
-0.16897	-0.92761	-0.33314	-9.27614
0.00000	0.00000	0.00000	1.00000

boidNo = 10
boid Wall No = 1
position = = (1.5, 2.3, 9.6)
Boid Radius= 10
Boid Frame=
 0.77311	0.14817	0.61673	1.48175
-0.63356	0.22668	0.73974	2.26681
0.03019	0.96263	-0.26913	9.62632
0.00000	0.00000	0.00000	1.00000

boidNo = 11
boid Wall No = 0
position = = (-0.3, -10.0, -0.7)
Boid Radius= 10
Boid Frame=
 -0.93823	-0.03356	-0.34439	-0.33556
0.00717	-0.99696	0.07762	-9.96957
0.34595	-0.07036	-0.93561	-0.70356
0.00000	0.00000	0.00000	1.00000

boidNo = 12
boid Wall No = 0
position = = (-9.5, -1.2, 2.9)
Boid Radius= 10
Boid Frame=
 0.30414	-0.95018	0.06827	-9.50179
-0.55951	-0.12016	0.82007	-1.20163
0.77101	0.28761	0.56818	2.87614
0.00000	0.00000	0.00000	1.00000

boidNo = 13
boid Wall No = 0
position = = (9.2, -2.1, 3.3)
Boid Radius= 10
Boid Frame=
 0.08197	0.92147	0.37971	9.21469
-0.71220	-0.21235	0.66909	-2.12354
-0.69717	0.32527	-0.63886	3.25271
0.00000	0.00000	0.00000	1.00000

boidNo = 14
boid Wall No = 1
position = = (7.5, 6.5, 1.1)
Boid Radius= 10
Boid Frame=
 0.57833	0.74909	-0.32309	7.49092
-0.56756	0.65394	0.50024	6.53942
-0.58601	0.10593	-0.80335	1.05931
0.00000	0.00000	0.00000	1.00000

boidNo = 15
boid Wall No = 1
position = = (-5.0, 7.1, -4.9)
Boid Radius= 10
Boid Frame=
 -0.86509	-0.50067	0.03078	-5.00672
-0.39251	0.71385	0.57997	7.13846
0.31234	-0.48965	0.81406	-4.89645
0.00000	0.00000	0.00000	1.00000

boidNo = 16
boid Wall No = 0
position = = (2.4, -6.5, -7.2)
Boid Radius= 10
Boid Frame=
 -0.95947	0.24312	-0.14250	2.43118
-0.26984	-0.64685	0.71328	-6.46850
-0.08123	-0.72283	-0.68624	-7.22827
0.00000	0.00000	0.00000	1.00000

boidNo = 17
boid Wall No = 1
position = = (-0.5, 10.0, -0.5)
Boid Radius= 10
Boid Frame=
 -0.97360	-0.04747	0.22327	-0.47469
-0.03527	0.99767	0.05833	9.97674
0.22552	-0.04892	0.97301	-0.48916
0.00000	0.00000	0.00000	1.00000

boidNo = 18
boid Wall No = 1
position = = (2.2, 9.2, 3.3)
Boid Radius= 10
Boid Frame=
 0.82780	0.22113	-0.51561	2.21134
0.00008	0.91900	0.39426	9.18998
-0.56102	0.32641	-0.76073	3.26409
0.00000	0.00000	0.00000	1.00000

boidNo = 19
boid Wall No = 0
position = = (1.2, -9.9, -1.1)
Boid Radius= 10
Boid Frame=
 -0.86739	0.11849	0.48333	1.18491
-0.04971	-0.98701	0.15276	-9.87013
-0.49515	-0.10847	-0.86201	-1.08473
0.00000	0.00000	0.00000	1.00000

