Iteration Num of Simuation:0
m_SimulationDeltaT of action plan:0
boidNo = 0
boid Wall No = 1
position = = (2.9, 1.4, 9.5)
Boid Radius= 10
Boid Frame=
 0.65220	0.29470	0.69842	2.94697
-0.75261	0.14153	0.64308	1.41529
-0.09067	0.94505	-0.31410	9.45052
0.00000	0.00000	0.00000	1.00000

boidNo = 1
boid Wall No = 1
position = = (9.4, 2.2, -2.4)
Boid Radius= 10
Boid Frame=
 0.04027	0.94466	-0.32556	9.44663
-0.80888	0.22211	0.54441	2.22108
-0.58660	-0.24141	-0.77306	-2.41413
0.00000	0.00000	0.00000	1.00000

boidNo = 2
boid Wall No = 0
position = = (0.2, -10.0, -0.2)
Boid Radius= 10
Boid Frame=
 -0.60654	0.01715	0.79487	0.17145
0.00669	-0.99962	0.02667	-9.99622
-0.79503	-0.02149	-0.60620	-0.21493
0.00000	0.00000	0.00000	1.00000

boidNo = 3
boid Wall No = 0
position = = (-1.6, -9.6, 2.3)
Boid Radius= 10
Boid Frame=
 0.70781	-0.15709	-0.68872	-1.57085
0.05396	-0.96009	0.27444	-9.60089
0.70434	0.23142	0.67108	2.31415
0.00000	0.00000	0.00000	1.00000

boidNo = 4
boid Wall No = 0
position = = (-7.5, -6.4, -1.7)
Boid Radius= 10
Boid Frame=
 0.15274	-0.75035	-0.64316	-7.50347
-0.41627	-0.63909	0.64675	-6.39090
0.89632	-0.16895	0.40996	-1.68947
0.00000	0.00000	0.00000	1.00000

boidNo = 5
boid Wall No = 1
position = = (4.8, 7.6, 4.3)
Boid Radius= 10
Boid Frame=
 0.82313	0.48490	-0.29551	4.84904
-0.22916	0.75980	0.60843	7.59797
-0.51956	0.43310	-0.73653	4.33102
0.00000	0.00000	0.00000	1.00000

boidNo = 6
boid Wall No = 0
position = = (-8.2, -5.5, -1.7)
Boid Radius= 9.999999
Boid Frame=
 0.03503	-0.82052	-0.57055	-8.20515
-0.34297	-0.54610	0.76429	-5.46099
0.93869	-0.16891	0.30054	-1.68912
0.00000	0.00000	0.00000	1.00000

boidNo = 7
boid Wall No = 1
position = = (2.0, 9.5, -2.3)
Boid Radius= 10
Boid Frame=
 -0.71052	0.20274	-0.67384	2.02737
-0.01707	0.95235	0.30453	9.52351
-0.70347	-0.22787	0.67320	-2.27873
0.00000	0.00000	0.00000	1.00000

boidNo = 8
boid Wall No = 1
position = = (-6.6, 7.2, -2.1)
Boid Radius= 10
Boid Frame=
 -0.73820	-0.66350	0.12179	-6.63497
-0.58438	0.71917	0.37589	7.19172
0.33699	-0.20631	0.91863	-2.06309
0.00000	0.00000	0.00000	1.00000

boidNo = 9
boid Wall No = 0
position = = (5.6, -5.1, -6.6)
Boid Radius= 10
Boid Frame=
 -0.74193	0.55589	-0.37487	5.55887
-0.66058	-0.51034	0.55062	-5.10342
-0.11477	-0.65616	-0.74585	-6.56156
0.00000	0.00000	0.00000	1.00000

boidNo = 10
boid Wall No = 0
position = = (-6.2, -6.4, -4.6)
Boid Radius= 10
Boid Frame=
 -0.34987	-0.62204	-0.70047	-6.22043
-0.29701	-0.63549	0.71269	-6.35494
0.88847	-0.45740	-0.03758	-4.57395
0.00000	0.00000	0.00000	1.00000

boidNo = 11
boid Wall No = 1
position = = (1.2, 5.0, -8.5)
Boid Radius= 10
Boid Frame=
 -0.70209	0.12205	-0.70155	1.22049
-0.56485	0.50444	0.65305	5.04442
-0.43359	-0.85478	0.28523	-8.54776
0.00000	0.00000	0.00000	1.00000

boidNo = 12
boid Wall No = 1
position = = (2.0, 8.9, 4.1)
Boid Radius= 10
Boid Frame=
 0.96599	0.20149	-0.16206	2.01490
-0.11117	0.88949	0.44323	8.89489
-0.23346	0.41014	-0.88164	4.10136
0.00000	0.00000	0.00000	1.00000

boidNo = 13
boid Wall No = 0
position = = (-3.3, -2.8, -9.0)
Boid Radius= 10
Boid Frame=
 -0.74396	-0.32736	-0.58255	-3.27357
-0.51240	-0.28012	0.81178	-2.80119
0.42892	-0.90242	-0.04066	-9.02425
0.00000	0.00000	0.00000	1.00000

boidNo = 14
boid Wall No = 1
position = = (-4.3, 8.8, 1.9)
Boid Radius= 10
Boid Frame=
 0.14662	-0.42979	0.89095	-4.29786
-0.14359	0.88189	0.44905	8.81894
0.97872	0.19377	-0.06759	1.93771
0.00000	0.00000	0.00000	1.00000

boidNo = 15
boid Wall No = 1
position = = (4.0, 1.2, -9.1)
Boid Radius= 10
Boid Frame=
 -0.60457	0.39709	-0.69051	3.97090
-0.71018	0.12389	0.69304	1.23888
-0.36074	-0.90938	-0.20711	-9.09380
0.00000	0.00000	0.00000	1.00000

boidNo = 16
boid Wall No = 0
position = = (-8.4, -2.4, 4.8)
Boid Radius= 10
Boid Frame=
 0.50772	-0.84437	0.17106	-8.44368
-0.64794	-0.24339	0.72175	-2.43392
0.56779	0.47729	0.67068	4.77287
0.00000	0.00000	0.00000	1.00000

boidNo = 17
boid Wall No = 0
position = = (1.2, -9.8, 1.5)
Boid Radius= 10
Boid Frame=
 0.78215	0.12250	0.61092	1.22499
0.00284	-0.98117	0.19310	-9.81174
-0.62308	0.14930	0.76778	1.49303
0.00000	0.00000	0.00000	1.00000

boidNo = 18
boid Wall No = 1
position = = (8.0, 2.4, 5.6)
Boid Radius= 10
Boid Frame=
 0.56651	0.79518	0.21623	7.95183
-0.62372	0.24227	0.74316	2.42272
-0.53856	0.55587	-0.63322	5.55867
0.00000	0.00000	0.00000	1.00000

boidNo = 19
boid Wall No = 1
position = = (-1.6, 9.5, 2.7)
Boid Radius= 10
Boid Frame=
 0.49848	-0.16459	0.85113	-1.64590
-0.15370	0.94948	0.27362	9.49478
0.85317	0.26721	-0.44800	2.67212
0.00000	0.00000	0.00000	1.00000

