Iteration Num of Simuation:0
m_SimulationDeltaT of action plan:0
boidNo = 0
boid Wall No = 1
position = = (-4.0, 3.4, -8.5)
Boid Radius= 10
Boid Frame=
 -0.70254	-0.39729	-0.59043	-3.97290
-0.71051	0.34469	0.61349	3.44687
0.04022	-0.85050	0.52443	-8.50501
0.00000	0.00000	0.00000	1.00000

boidNo = 1
boid Wall No = 0
position = = (-0.1, -8.1, -5.9)
Boid Radius= 10
Boid Frame=
 -0.99553	-0.01175	-0.09374	-0.11750
-0.04536	-0.81091	0.58341	-8.10910
0.08287	-0.58505	-0.80675	-5.85053
0.00000	0.00000	0.00000	1.00000

boidNo = 2
boid Wall No = 0
position = = (-0.8, -10.0, 0.1)
Boid Radius= 9.999999
Boid Frame=
 0.26687	-0.07512	-0.96080	-0.75119
-0.00825	-0.99710	0.07566	-9.97099
0.96370	0.01226	0.26671	0.12264
0.00000	0.00000	0.00000	1.00000

boidNo = 3
boid Wall No = 0
position = = (4.3, -7.4, -5.2)
Boid Radius= 10
Boid Frame=
 -0.86282	0.42845	0.26827	4.28450
-0.16634	-0.74177	0.64970	-7.41771
-0.47736	-0.51595	-0.71128	-5.15953
0.00000	0.00000	0.00000	1.00000

boidNo = 4
boid Wall No = 1
position = = (10.0, 0.1, -0.4)
Boid Radius= 10
Boid Frame=
 -0.01082	0.99899	-0.04367	9.98988
-0.87125	0.01202	0.49070	0.12015
-0.49072	-0.04335	-0.87024	-0.43351
0.00000	0.00000	0.00000	1.00000

boidNo = 5
boid Wall No = 0
position = = (-0.9, -9.8, -1.7)
Boid Radius= 10
Boid Frame=
 -0.86678	-0.08813	-0.49084	-0.88134
-0.00613	-0.98230	0.18721	-9.82301
0.49866	-0.16528	-0.85090	-1.65278
0.00000	0.00000	0.00000	1.00000

boidNo = 6
boid Wall No = 0
position = = (0.2, -10.0, 0.2)
Boid Radius= 10
Boid Frame=
 0.85778	0.01982	0.51363	0.19817
0.00500	-0.99953	0.03022	-9.99531
-0.51399	0.02336	0.85748	0.23357
0.00000	0.00000	0.00000	1.00000

boidNo = 7
boid Wall No = 1
position = = (-8.5, 5.2, 0.7)
Boid Radius= 10
Boid Frame=
 -0.27757	-0.85373	0.44057	-8.53729
-0.56814	0.51568	0.64132	5.15676
0.77470	0.07229	0.62818	0.72293
0.00000	0.00000	0.00000	1.00000

boidNo = 8
boid Wall No = 0
position = = (-7.8, -3.4, 5.3)
Boid Radius= 10
Boid Frame=
 0.37208	-0.77693	0.50788	-7.76928
-0.92715	-0.33711	0.16355	-3.37114
-0.04415	0.53173	0.84576	5.31730
0.00000	0.00000	0.00000	1.00000

boidNo = 9
boid Wall No = 0
position = = (-8.2, -5.0, 3.0)
Boid Radius= 10
Boid Frame=
 0.54063	-0.81594	-0.20485	-8.15937
-0.47144	-0.49553	0.72952	-4.95529
0.69675	0.29782	0.65257	2.97824
0.00000	0.00000	0.00000	1.00000

boidNo = 10
boid Wall No = 1
position = = (-3.0, 3.8, -8.7)
Boid Radius= 10
Boid Frame=
 -0.74860	-0.30262	-0.58993	-3.02618
-0.66244	0.37842	0.64651	3.78417
-0.02759	-0.87477	0.48375	-8.74770
0.00000	0.00000	0.00000	1.00000

boidNo = 11
boid Wall No = 1
position = = (-5.3, 3.7, -7.7)
Boid Radius= 10
Boid Frame=
 -0.74308	-0.52538	-0.41450	-5.25376
-0.63722	0.36630	0.67806	3.66301
0.20441	-0.76799	0.60697	-7.67987
0.00000	0.00000	0.00000	1.00000

boidNo = 12
boid Wall No = 0
position = = (-7.6, -5.3, -3.9)
Boid Radius= 10
Boid Frame=
 -0.21470	-0.75631	-0.61798	-7.56311
-0.35988	-0.52695	0.76994	-5.26952
0.90796	-0.38771	0.15904	-3.87705
0.00000	0.00000	0.00000	1.00000

boidNo = 13
boid Wall No = 0
position = = (1.2, -9.1, 4.0)
Boid Radius= 10
Boid Frame=
 0.92560	0.11774	0.35972	1.17736
-0.04584	-0.90853	0.41530	-9.08528
-0.37571	0.40089	0.83554	4.00894
0.00000	0.00000	0.00000	1.00000

boidNo = 14
boid Wall No = 0
position = = (-1.6, -9.5, 2.7)
Boid Radius= 10
Boid Frame=
 0.73419	-0.15972	-0.65989	-1.59723
0.06762	-0.94990	0.30515	-9.49900
0.67556	0.26866	0.68661	2.68660
0.00000	0.00000	0.00000	1.00000

boidNo = 15
boid Wall No = 0
position = = (-7.3, -0.8, -6.8)
Boid Radius= 10
Boid Frame=
 -0.39562	-0.72532	-0.56338	-7.25318
-0.76407	-0.08043	0.64010	-0.80434
0.50959	-0.68370	0.52237	-6.83699
0.00000	0.00000	0.00000	1.00000

boidNo = 16
boid Wall No = 1
position = = (-3.4, 2.9, 8.9)
Boid Radius= 10
Boid Frame=
 0.64057	-0.34386	0.68661	-3.43862
-0.62433	0.28738	0.72638	2.87377
0.44709	0.89397	0.03060	8.93965
0.00000	0.00000	0.00000	1.00000

boidNo = 17
boid Wall No = 0
position = = (0.3, -9.4, -3.4)
Boid Radius= 10
Boid Frame=
 -0.97799	0.03185	0.20619	0.31850
0.04027	-0.94087	0.33636	-9.40873
-0.20471	-0.33726	-0.91888	-3.37260
0.00000	0.00000	0.00000	1.00000

boidNo = 18
boid Wall No = 1
position = = (-3.8, 8.9, -2.3)
Boid Radius= 9.999999
Boid Frame=
 -0.59452	-0.38369	0.70663	-3.83694
-0.04892	0.89444	0.44451	8.94437
0.80259	-0.22970	0.55053	-2.29697
0.00000	0.00000	0.00000	1.00000

boidNo = 19
boid Wall No = 1
position = = (-6.3, 0.0, -7.7)
Boid Radius= 10
Boid Frame=
 -0.44302	-0.63199	-0.63586	-6.31993
-0.82125	0.00163	0.57057	0.01627
0.35956	-0.77497	0.51974	-7.74972
0.00000	0.00000	0.00000	1.00000

boidNo = 20
boid Wall No = 1
position = = (0.6, 8.9, 4.6)
Boid Radius= 9.999999
Boid Frame=
 0.93622	0.05585	0.34695	0.55852
-0.20690	0.88564	0.41574	8.85637
0.28405	0.46101	-0.84071	4.61007
0.00000	0.00000	0.00000	1.00000

boidNo = 21
boid Wall No = 1
position = = (-5.0, 8.3, 2.5)
Boid Radius= 10
Boid Frame=
 0.24365	-0.50113	0.83036	-5.01132
-0.14563	0.82755	0.54217	8.27553
0.95887	0.25303	-0.12865	2.53027
0.00000	0.00000	0.00000	1.00000

boidNo = 22
boid Wall No = 1
position = = (-4.1, 8.5, 3.4)
Boid Radius= 10
Boid Frame=
 0.49576	-0.40790	0.76671	-4.07897
-0.11106	0.84581	0.52180	8.45810
0.86133	0.34384	-0.37402	3.43840
0.00000	0.00000	0.00000	1.00000

boidNo = 23
boid Wall No = 0
position = = (-7.4, -5.6, 3.6)
Boid Radius= 10
Boid Frame=
 0.61153	-0.74497	-0.26657	-7.44968
-0.36441	-0.56423	0.74084	-5.64229
0.70231	0.35591	0.61652	3.55905
0.00000	0.00000	0.00000	1.00000

boidNo = 24
boid Wall No = 1
position = = (-4.4, 9.0, 0.5)
Boid Radius= 10
Boid Frame=
 -0.20841	-0.44034	0.87331	-4.40339
-0.15673	0.89641	0.41459	8.96412
0.96540	0.05047	0.25584	0.50468
0.00000	0.00000	0.00000	1.00000

boidNo = 25
boid Wall No = 0
position = = (-4.3, -9.0, 0.6)
Boid Radius= 10
Boid Frame=
 0.15431	-0.43375	-0.88772	-4.33754
-0.00392	-0.89874	0.43846	-8.98743
0.98802	0.06418	0.14038	0.64178
0.00000	0.00000	0.00000	1.00000

boidNo = 26
boid Wall No = 1
position = = (-0.2, 9.1, -4.1)
Boid Radius= 10
Boid Frame=
 -0.99694	-0.02070	-0.07537	-0.20699
-0.04942	0.91402	0.40265	9.14017
-0.06056	-0.40515	0.91224	-4.05147
0.00000	0.00000	0.00000	1.00000

boidNo = 27
boid Wall No = 0
position = = (4.3, -8.9, 1.3)
Boid Radius= 10
Boid Frame=
 0.58744	0.42854	0.68649	4.28542
0.16380	-0.89369	0.41772	-8.93688
-0.79252	0.13294	0.59519	1.32944
0.00000	0.00000	0.00000	1.00000

boidNo = 28
boid Wall No = 0
position = = (-1.9, -7.6, 6.2)
Boid Radius= 10
Boid Frame=
 0.97819	-0.19371	-0.07493	-1.93711
-0.10041	-0.75686	0.64581	-7.56864
0.18181	0.62421	0.75981	6.24205
0.00000	0.00000	0.00000	1.00000

boidNo = 29
boid Wall No = 0
position = = (1.3, -9.6, 2.3)
Boid Radius= 10
Boid Frame=
 0.83924	0.13252	0.52736	1.32516
-0.01482	-0.96392	0.26580	-9.63915
-0.54356	0.23088	0.80699	2.30884
0.00000	0.00000	0.00000	1.00000

boidNo = 30
boid Wall No = 1
position = = (-4.5, 8.9, -0.2)
Boid Radius= 10
Boid Frame=
 -0.14020	-0.44688	0.88354	-4.46882
-0.05216	0.89445	0.44412	8.94446
0.98875	-0.01618	0.14871	-0.16183
0.00000	0.00000	0.00000	1.00000

boidNo = 31
boid Wall No = 1
position = = (-1.9, 6.7, 7.2)
Boid Radius= 10
Boid Frame=
 0.56866	-0.19237	0.79976	-1.92367
-0.51900	0.67041	0.53028	6.70407
0.63817	0.71662	-0.28140	7.16624
0.00000	0.00000	0.00000	1.00000

boidNo = 32
boid Wall No = 1
position = = (-9.3, 2.3, -2.8)
Boid Radius= 9.999999
Boid Frame=
 -0.36080	-0.93238	-0.02211	-9.32383
-0.64784	0.23349	0.72511	2.33494
0.67092	-0.27594	0.68827	-2.75941
0.00000	0.00000	0.00000	1.00000

boidNo = 33
boid Wall No = 1
position = = (-6.5, 0.1, -7.6)
Boid Radius= 10
Boid Frame=
 -0.45416	-0.64733	-0.61213	-6.47325
-0.80754	0.00889	0.58974	0.08895
0.37631	-0.76216	0.52678	-7.62162
0.00000	0.00000	0.00000	1.00000

boidNo = 34
boid Wall No = 0
position = = (6.9, -5.2, -5.1)
Boid Radius= 9.999999
Boid Frame=
 -0.72373	0.68944	0.02969	6.89445
-0.46104	-0.51509	0.72258	-5.15090
-0.51347	-0.50926	-0.69065	-5.09263
0.00000	0.00000	0.00000	1.00000

boidNo = 35
boid Wall No = 0
position = = (0.1, -10.0, -0.2)
Boid Radius= 10
Boid Frame=
 -0.75161	0.01454	0.65944	0.14542
0.00359	-0.99965	0.02614	-9.99652
-0.65959	-0.02201	-0.75130	-0.22011
0.00000	0.00000	0.00000	1.00000

boidNo = 36
boid Wall No = 1
position = = (-2.3, 8.8, -4.2)
Boid Radius= 10
Boid Frame=
 -0.93368	-0.22908	0.27524	-2.29079
-0.07729	0.87942	0.46973	8.79418
0.34965	-0.41731	0.83881	-4.17309
0.00000	0.00000	0.00000	1.00000

boidNo = 37
boid Wall No = 1
position = = (-3.5, 5.5, 7.6)
Boid Radius= 10
Boid Frame=
 0.58566	-0.34922	0.73147	-3.49220
-0.50242	0.55176	0.66569	5.51756
0.63606	0.75737	-0.14768	7.57372
0.00000	0.00000	0.00000	1.00000

boidNo = 38
boid Wall No = 1
position = = (8.9, 4.2, 2.0)
Boid Radius= 9.999999
Boid Frame=
 0.43171	0.88611	-0.16861	8.86112
-0.58358	0.41692	0.69686	4.16917
-0.68779	0.20245	-0.69711	2.02447
0.00000	0.00000	0.00000	1.00000

boidNo = 39
boid Wall No = 1
position = = (8.5, 1.4, 5.0)
Boid Radius= 10
Boid Frame=
 0.45569	0.85322	0.25369	8.53220
-0.67169	0.14259	0.72698	1.42590
-0.58410	0.50168	-0.63808	5.01681
0.00000	0.00000	0.00000	1.00000

boidNo = 40
boid Wall No = 0
position = = (3.7, -5.4, 7.6)
Boid Radius= 10
Boid Frame=
 0.59715	0.37276	0.71025	3.72757
-0.48373	-0.53898	0.68957	-5.38981
-0.63986	0.75535	0.14154	7.55349
0.00000	0.00000	0.00000	1.00000

boidNo = 41
boid Wall No = 1
position = = (2.3, 6.7, -7.1)
Boid Radius= 10
Boid Frame=
 -0.74791	0.22891	-0.62308	2.28912
-0.34381	0.66936	0.65860	6.69356
-0.56783	-0.70680	0.42191	-7.06797
0.00000	0.00000	0.00000	1.00000

boidNo = 42
boid Wall No = 0
position = = (7.9, -5.5, 2.7)
Boid Radius= 10
Boid Frame=
 0.02093	0.78609	0.61776	7.86087
-0.42027	-0.55374	0.71885	-5.53736
-0.90716	0.27467	-0.31878	2.74672
0.00000	0.00000	0.00000	1.00000

boidNo = 43
boid Wall No = 1
position = = (-7.7, 0.2, -6.4)
Boid Radius= 10
Boid Frame=
 -0.46216	-0.76978	-0.44028	-7.69781
-0.70792	0.02124	0.70597	0.21243
0.53409	-0.63796	0.55476	-6.37955
0.00000	0.00000	0.00000	1.00000

boidNo = 44
boid Wall No = 0
position = = (-1.2, -8.4, 5.2)
Boid Radius= 10
Boid Frame=
 0.94962	-0.12114	-0.28906	-1.21135
0.05558	-0.84258	0.53570	-8.42577
0.30845	0.52478	0.79339	5.24777
0.00000	0.00000	0.00000	1.00000

boidNo = 45
boid Wall No = 0
position = = (-0.1, -3.5, 9.4)
Boid Radius= 10
Boid Frame=
 0.84462	-0.01000	0.53527	-0.10004
-0.50402	-0.35197	0.78872	-3.51970
-0.18051	0.93596	0.30232	9.35958
0.00000	0.00000	0.00000	1.00000

boidNo = 46
boid Wall No = 1
position = = (-1.1, 3.6, 9.3)
Boid Radius= 10
Boid Frame=
 0.75486	-0.10940	0.64670	-1.09402
-0.57564	0.36210	0.73316	3.62102
0.31438	0.92570	-0.21036	9.25696
0.00000	0.00000	0.00000	1.00000

boidNo = 47
boid Wall No = 1
position = = (9.8, 1.2, 1.8)
Boid Radius= 10
Boid Frame=
 0.21074	0.97558	0.06197	9.75577
-0.74839	0.12023	0.65227	1.20231
-0.62889	0.18383	-0.75545	1.83832
0.00000	0.00000	0.00000	1.00000

boidNo = 48
boid Wall No = 1
position = = (-5.1, 4.8, 7.2)
Boid Radius= 10
Boid Frame=
 0.45248	-0.50772	0.73313	-5.07720
-0.55822	0.47986	0.67685	4.79856
0.69545	0.71551	0.06629	7.15513
0.00000	0.00000	0.00000	1.00000

boidNo = 49
boid Wall No = 1
position = = (-9.5, 2.0, 2.6)
Boid Radius= 10
Boid Frame=
 0.08978	-0.94594	0.31168	-9.45935
-0.60665	0.19626	0.77036	1.96255
0.78988	0.25825	0.55624	2.58246
0.00000	0.00000	0.00000	1.00000

