Iteration Num of Simuation:0
m_SimulationDeltaT of action plan:0
boidNo = 0
boid Wall No = 0
position = = (8.1, -4.6, 3.7)
Boid Radius= 10
Boid Frame=
 0.02793	0.80912	0.58698	8.09122
-0.59897	-0.45657	0.65786	-4.56570
-0.80029	0.36995	-0.47188	3.69954
0.00000	0.00000	0.00000	1.00000

boidNo = 1
boid Wall No = 0
position = = (9.3, -3.6, 0.4)
Boid Radius= 10
Boid Frame=
 -0.14966	0.93296	0.32739	9.32961
-0.48429	-0.35785	0.79838	-3.57852
-0.86201	0.03906	-0.50538	0.39062
0.00000	0.00000	0.00000	1.00000

boidNo = 2
boid Wall No = 1
position = = (0.0, 4.1, 9.1)
Boid Radius= 10
Boid Frame=
 0.80663	-0.00158	0.59105	-0.01584
-0.53818	0.41144	0.73558	4.11442
0.24435	0.91143	-0.33103	9.11435
0.00000	0.00000	0.00000	1.00000

boidNo = 3
boid Wall No = 0
position = = (-3.5, -9.2, -1.7)
Boid Radius= 10
Boid Frame=
 0.89568	-0.35413	-0.26900	-3.54126
-0.38509	-0.92016	-0.07085	-9.20157
0.22243	-0.16705	0.96053	-1.67048
0.00000	0.00000	0.00000	1.00000

boidNo = 4
boid Wall No = 0
position = = (3.2, -9.3, 1.7)
Boid Radius= 10
Boid Frame=
 0.50637	0.32160	0.80010	3.21598
0.01582	-0.93116	0.36427	-9.31161
-0.86217	0.17180	0.47660	1.71797
0.00000	0.00000	0.00000	1.00000

boidNo = 5
boid Wall No = 1
position = = (-1.6, 7.1, 6.8)
Boid Radius= 10
Boid Frame=
 0.82199	-0.15957	0.54669	-1.59573
-0.28808	0.71156	0.64085	7.11559
0.49126	0.68427	-0.53892	6.84266
0.00000	0.00000	0.00000	1.00000

boidNo = 6
boid Wall No = 0
position = = (-7.3, -5.0, -4.7)
Boid Radius= 10
Boid Frame=
 -0.29422	-0.73216	-0.61431	-7.32159
-0.38927	-0.49522	0.77667	-4.95224
0.87287	-0.46765	0.13930	-4.67649
0.00000	0.00000	0.00000	1.00000

boidNo = 7
boid Wall No = 0
position = = (8.2, -0.5, -5.6)
Boid Radius= 10
Boid Frame=
 -0.46807	0.82495	-0.31682	8.24948
-0.62234	-0.05320	0.78094	-0.53199
-0.62738	-0.56270	-0.53830	-5.62699
0.00000	0.00000	0.00000	1.00000

boidNo = 8
boid Wall No = 1
position = = (9.5, 2.1, -2.4)
Boid Radius= 10
Boid Frame=
 -0.03913	0.94556	-0.32310	9.45555
-0.67243	0.21427	0.70847	2.14266
-0.73913	-0.24498	-0.62743	-2.44981
0.00000	0.00000	0.00000	1.00000

boidNo = 9
boid Wall No = 0
position = = (2.4, -7.0, 6.7)
Boid Radius= 10
Boid Frame=
 0.80532	0.24193	0.54123	2.41932
-0.23932	-0.70258	0.67016	-7.02575
-0.54239	0.66922	0.50790	6.69221
0.00000	0.00000	0.00000	1.00000

boidNo = 10
boid Wall No = 1
position = = (5.8, 5.9, 5.6)
Boid Radius= 10
Boid Frame=
 0.81387	0.58102	-0.00637	5.81017
-0.41761	0.59253	0.68884	5.92532
-0.40401	0.55796	-0.72488	5.57965
0.00000	0.00000	0.00000	1.00000

boidNo = 11
boid Wall No = 0
position = = (2.1, -9.6, -2.1)
Boid Radius= 10
Boid Frame=
 -0.74143	0.20706	0.63829	2.07060
-0.01426	-0.95585	0.29352	-9.55848
-0.67088	-0.20852	-0.71164	-2.08521
0.00000	0.00000	0.00000	1.00000

boidNo = 12
boid Wall No = 0
position = = (-9.3, -3.2, 2.1)
Boid Radius= 10
Boid Frame=
 0.36668	-0.92564	-0.09350	-9.25639
-0.61200	-0.31568	0.72513	-3.15675
0.70072	0.20867	0.68224	2.08668
0.00000	0.00000	0.00000	1.00000

boidNo = 13
boid Wall No = 1
position = = (-9.7, 0.6, -2.2)
Boid Radius= 10
Boid Frame=
 -0.19947	-0.97369	-0.11023	-9.73686
-0.70357	0.06401	0.70774	0.64010
0.68206	-0.21872	0.69782	-2.18722
0.00000	0.00000	0.00000	1.00000

boidNo = 14
boid Wall No = 1
position = = (1.9, 0.7, 9.8)
Boid Radius= 10
Boid Frame=
 0.58241	0.18939	0.79052	1.89394
-0.81107	0.07023	0.58072	0.70232
-0.05447	0.97939	-0.19452	9.79386
0.00000	0.00000	0.00000	1.00000

boidNo = 15
boid Wall No = 0
position = = (-6.0, -6.5, -4.7)
Boid Radius= 10
Boid Frame=
 -0.19304	-0.60307	-0.77398	-6.03071
-0.45190	-0.64552	0.61570	-6.45524
0.87093	-0.46862	0.14792	-4.68619
0.00000	0.00000	0.00000	1.00000

boidNo = 16
boid Wall No = 1
position = = (-7.9, 6.1, 0.6)
Boid Radius= 10
Boid Frame=
 -0.25761	-0.78687	0.56079	-7.86866
-0.40851	0.61464	0.67478	6.14645
0.87565	0.05526	0.47978	0.55260
0.00000	0.00000	0.00000	1.00000

boidNo = 17
boid Wall No = 1
position = = (-9.8, 1.8, 0.3)
Boid Radius= 9.999999
Boid Frame=
 -0.09326	-0.98251	0.16118	-9.82509
-0.63308	0.18346	0.75203	1.83463
0.76845	0.03190	0.63911	0.31901
0.00000	0.00000	0.00000	1.00000

boidNo = 18
boid Wall No = 0
position = = (-8.8, -4.7, -1.1)
Boid Radius= 10
Boid Frame=
 0.16223	-0.87550	-0.45516	-8.75505
-0.49280	-0.47152	0.73131	-4.71516
0.85488	-0.10566	0.50795	-1.05663
0.00000	0.00000	0.00000	1.00000

boidNo = 19
boid Wall No = 0
position = = (-4.4, -4.5, -7.7)
Boid Radius= 10
Boid Frame=
 0.21539	-0.44150	-0.87103	-4.41499
-0.89143	-0.45307	0.00921	-4.53073
0.39871	-0.77447	0.49115	-7.74470
0.00000	0.00000	0.00000	1.00000

