Iteration Num of Simuation:0
m_SimulationDeltaT of action plan:0
boidNo = 0
boid Wall No = 0
position = = (-0.9, -9.5, -3.0)
Boid Radius= 10
Boid Frame=
 -0.97430	-0.09434	-0.20454	-0.94335
0.02547	-0.94839	0.31607	-9.48394
0.22380	-0.30274	-0.92642	-3.02738
0.00000	0.00000	0.00000	1.00000

boidNo = 1
boid Wall No = 1
position = = (-9.8, 0.3, -2.2)
Boid Radius= 10
Boid Frame=
 -0.16012	-0.97584	-0.14869	-9.75835
-0.76192	0.02641	0.64713	0.26412
0.62757	-0.21691	0.74774	-2.16906
0.00000	0.00000	0.00000	1.00000

boidNo = 2
boid Wall No = 0
position = = (5.4, -8.2, -1.9)
Boid Radius= 10
Boid Frame=
 -0.74854	0.53862	-0.38675	5.38623
-0.57079	-0.82023	-0.03759	-8.20233
0.33747	-0.19262	-0.92142	-1.92622
0.00000	0.00000	0.00000	1.00000

boidNo = 3
boid Wall No = 0
position = = (-3.0, -2.8, 9.1)
Boid Radius= 10
Boid Frame=
 0.83815	-0.29943	0.45590	-2.99433
-0.53360	-0.27696	0.79910	-2.76956
0.11301	0.91304	0.39191	9.13036
0.00000	0.00000	0.00000	1.00000

boidNo = 4
boid Wall No = 1
position = = (9.7, 2.6, -0.5)
Boid Radius= 10
Boid Frame=
 0.15633	0.96528	-0.20926	9.65283
-0.71236	0.25695	0.65308	2.56948
-0.68418	-0.04698	-0.72780	-0.46977
0.00000	0.00000	0.00000	1.00000

boidNo = 5
boid Wall No = 1
position = = (-2.5, 8.8, 4.0)
Boid Radius= 10
Boid Frame=
 0.79278	-0.24591	0.55769	-2.45914
-0.05622	0.88159	0.46866	8.81588
0.60691	0.40290	-0.68508	4.02900
0.00000	0.00000	0.00000	1.00000

boidNo = 6
boid Wall No = 0
position = = (2.7, -9.6, 0.6)
Boid Radius= 10
Boid Frame=
 0.31418	0.26610	0.91131	2.66096
0.02952	-0.96219	0.27078	-9.62190
-0.94890	0.05817	0.31016	0.58170
0.00000	0.00000	0.00000	1.00000

boidNo = 7
boid Wall No = 0
position = = (2.9, -5.1, -8.1)
Boid Radius= 10
Boid Frame=
 -0.89240	0.29432	-0.34205	2.94325
-0.44945	-0.51221	0.73187	-5.12212
-0.04020	-0.80685	-0.58938	-8.06853
0.00000	0.00000	0.00000	1.00000

boidNo = 8
boid Wall No = 0
position = = (7.0, -6.4, 3.1)
Boid Radius= 10
Boid Frame=
 -0.67504	0.70137	0.22892	7.01368
-0.73778	-0.64130	-0.21074	-6.41302
0.00100	0.31115	-0.95036	3.11152
0.00000	0.00000	0.00000	1.00000

boidNo = 9
boid Wall No = 1
position = = (3.0, 9.4, 1.4)
Boid Radius= 10
Boid Frame=
 0.81364	0.30011	-0.49791	3.00109
-0.17563	0.94333	0.28158	9.43328
-0.55420	0.14166	-0.82024	1.41660
0.00000	0.00000	0.00000	1.00000

boidNo = 10
boid Wall No = 1
position = = (3.5, 2.9, 8.9)
Boid Radius= 10
Boid Frame=
 0.79037	0.35115	0.50201	3.51147
-0.60107	0.28602	0.74627	2.86018
-0.11847	0.89157	-0.43712	8.91566
0.00000	0.00000	0.00000	1.00000

boidNo = 11
boid Wall No = 1
position = = (-0.6, 4.8, 8.8)
Boid Radius= 10
Boid Frame=
 0.75411	-0.05612	0.65435	-0.56121
-0.55428	0.48005	0.67995	4.80047
0.35228	0.87545	-0.33090	8.75446
0.00000	0.00000	0.00000	1.00000

boidNo = 12
boid Wall No = 0
position = = (-0.1, -6.8, -7.3)
Boid Radius= 10
Boid Frame=
 -0.93046	-0.00770	-0.36631	-0.07704
-0.26232	-0.68397	0.68072	-6.83969
0.25579	-0.72947	-0.63439	-7.29470
0.00000	0.00000	0.00000	1.00000

boidNo = 13
boid Wall No = 1
position = = (-9.0, 3.9, 1.8)
Boid Radius= 10
Boid Frame=
 -0.12125	-0.90226	0.41380	-9.02255
-0.62744	0.39270	0.67239	3.92698
0.76916	0.17811	0.61373	1.78110
0.00000	0.00000	0.00000	1.00000

boidNo = 14
boid Wall No = 1
position = = (-5.0, 8.7, -0.5)
Boid Radius= 9.999999
Boid Frame=
 -0.42926	-0.49721	0.75400	-4.97210
-0.19121	0.86593	0.46216	8.65935
0.88271	-0.05422	0.46679	-0.54216
0.00000	0.00000	0.00000	1.00000

boidNo = 15
boid Wall No = 0
position = = (-4.2, -5.6, 7.1)
Boid Radius= 10
Boid Frame=
 0.88630	-0.42353	0.18733	-4.23528
-0.41919	-0.56178	0.71322	-5.61777
0.19683	0.71065	0.67545	7.10655
0.00000	0.00000	0.00000	1.00000

boidNo = 16
boid Wall No = 0
position = = (-9.4, -3.3, 0.2)
Boid Radius= 10
Boid Frame=
 0.20151	-0.94469	-0.25877	-9.44686
-0.51912	-0.32704	0.78966	-3.27037
0.83061	0.02479	0.55631	0.24794
0.00000	0.00000	0.00000	1.00000

boidNo = 17
boid Wall No = 0
position = = (-2.3, -6.2, 7.5)
Boid Radius= 10
Boid Frame=
 0.90802	-0.23078	0.34962	-2.30782
-0.41393	-0.62266	0.66405	-6.22657
-0.06444	0.74769	0.66091	7.47689
0.00000	0.00000	0.00000	1.00000

boidNo = 18
boid Wall No = 1
position = = (7.0, 1.7, -7.0)
Boid Radius= 10
Boid Frame=
 -0.43371	0.69658	-0.57156	6.96579
-0.67053	0.17422	0.72114	1.74219
-0.60191	-0.69601	-0.39152	-6.96007
0.00000	0.00000	0.00000	1.00000

boidNo = 19
boid Wall No = 1
position = = (9.7, 2.0, 1.5)
Boid Radius= 10
Boid Frame=
 0.24444	0.96873	-0.04262	9.68728
-0.67187	0.20090	0.71290	2.00898
-0.69917	0.14562	-0.69997	1.45622
0.00000	0.00000	0.00000	1.00000

