Iteration Num of Simuation:0
m_SimulationDeltaT of action plan:0
boidNo = 0
boid Wall No = 0
position = = (2.6, -7.9, 5.6)
Boid Radius= 10
Boid Frame=
 0.86017	0.25775	0.44008	2.57753
-0.07593	-0.78856	0.61026	-7.88558
-0.50433	0.55834	0.65872	5.58337
0.00000	0.00000	0.00000	1.00000

boidNo = 1
boid Wall No = 1
position = = (-1.3, 9.2, 3.7)
Boid Radius= 10
Boid Frame=
 0.91307	-0.12921	0.38679	-1.29215
-0.03600	0.91923	0.39208	9.19228
0.40621	0.37192	-0.83467	3.71918
0.00000	0.00000	0.00000	1.00000

boidNo = 2
boid Wall No = 1
position = = (-9.4, 2.6, 2.2)
Boid Radius= 10
Boid Frame=
 0.00832	-0.94031	0.34022	-9.40309
-0.62012	0.26206	0.73944	2.62057
0.78446	0.21713	0.58092	2.17129
0.00000	0.00000	0.00000	1.00000

boidNo = 3
boid Wall No = 0
position = = (-3.5, -8.1, 4.7)
Boid Radius= 10
Boid Frame=
 0.83250	-0.35304	-0.42697	-3.53044
-0.04197	-0.80864	0.58680	-8.08645
0.55243	0.47059	0.68802	4.70588
0.00000	0.00000	0.00000	1.00000

boidNo = 4
boid Wall No = 0
position = = (3.9, -8.8, -2.8)
Boid Radius= 10
Boid Frame=
 -0.60834	0.39235	0.68992	3.92351
-0.01768	-0.87575	0.48244	-8.75750
-0.79348	-0.28129	-0.53969	-2.81287
0.00000	0.00000	0.00000	1.00000

boidNo = 5
boid Wall No = 0
position = = (-1.4, -9.9, -0.8)
Boid Radius= 10
Boid Frame=
 -0.78613	-0.13575	-0.60297	-1.35746
0.06128	-0.98789	0.14252	-9.87894
0.61502	-0.07509	-0.78493	-0.75088
0.00000	0.00000	0.00000	1.00000

boidNo = 6
boid Wall No = 0
position = = (-4.9, -4.4, 7.5)
Boid Radius= 10
Boid Frame=
 0.81534	-0.49286	0.30381	-4.92861
-0.53339	-0.43533	0.72524	-4.35335
0.22519	0.75337	0.61783	7.53373
0.00000	0.00000	0.00000	1.00000

boidNo = 7
boid Wall No = 0
position = = (9.3, -1.9, -3.2)
Boid Radius= 10
Boid Frame=
 -0.36413	0.93086	-0.03014	9.30861
-0.54099	-0.18506	0.82042	-1.85058
-0.75812	-0.31504	-0.57097	-3.15043
0.00000	0.00000	0.00000	1.00000

boidNo = 8
boid Wall No = 0
position = = (7.9, -5.3, 3.2)
Boid Radius= 9.999999
Boid Frame=
 0.11306	0.79035	0.60213	7.90352
-0.38058	-0.52535	0.76103	-5.25349
-0.91781	0.31520	-0.24139	3.15201
0.00000	0.00000	0.00000	1.00000

boidNo = 9
boid Wall No = 0
position = = (1.4, -9.9, 0.8)
Boid Radius= 10
Boid Frame=
 0.50381	0.14093	0.85224	1.40933
-0.00143	-0.98646	0.16397	-9.86464
-0.86381	0.08383	0.49679	0.83829
0.00000	0.00000	0.00000	1.00000

boidNo = 10
boid Wall No = 1
position = = (3.4, 9.4, -0.1)
Boid Radius= 10
Boid Frame=
 -0.04906	0.33559	-0.94073	3.35591
0.00939	0.94198	0.33555	9.41977
-0.99875	-0.00762	0.04936	-0.07624
0.00000	0.00000	0.00000	1.00000

boidNo = 11
boid Wall No = 0
position = = (1.8, -9.8, -0.3)
Boid Radius= 10
Boid Frame=
 -0.31528	0.17500	0.93272	1.75002
-0.02292	-0.98397	0.17687	-9.83968
-0.94872	-0.03439	-0.31423	-0.34388
0.00000	0.00000	0.00000	1.00000

boidNo = 12
boid Wall No = 0
position = = (0.2, -10.0, -0.2)
Boid Radius= 10
Boid Frame=
 -0.52014	0.01903	0.85387	0.19031
0.00437	-0.99968	0.02494	-9.99679
-0.85407	-0.01670	-0.51989	-0.16704
0.00000	0.00000	0.00000	1.00000

boidNo = 13
boid Wall No = 1
position = = (-4.9, 7.6, 4.2)
Boid Radius= 10
Boid Frame=
 0.31677	-0.49367	0.80991	-4.93667
-0.29417	0.76065	0.57869	7.60646
0.90173	0.42156	-0.09573	4.21557
0.00000	0.00000	0.00000	1.00000

boidNo = 14
boid Wall No = 0
position = = (0.0, -8.9, 4.6)
Boid Radius= 10
Boid Frame=
 0.99703	-0.00488	0.07683	-0.04876
-0.03945	-0.88936	0.45550	-8.89364
-0.06611	0.45717	0.88692	4.57174
0.00000	0.00000	0.00000	1.00000

boidNo = 15
boid Wall No = 1
position = = (-1.9, 6.0, 7.8)
Boid Radius= 10
Boid Frame=
 0.50600	-0.18635	0.84216	-1.86353
-0.62241	0.59706	0.50609	5.97058
0.59713	0.78025	-0.18612	7.80253
0.00000	0.00000	0.00000	1.00000

boidNo = 16
boid Wall No = 0
position = = (0.7, -9.9, -1.3)
Boid Radius= 10
Boid Frame=
 -0.97894	0.06546	0.19335	0.65457
-0.03803	-0.98909	0.14230	-9.89092
-0.20056	-0.13195	-0.97075	-1.31953
0.00000	0.00000	0.00000	1.00000

boidNo = 17
boid Wall No = 1
position = = (-5.7, 8.2, 0.9)
Boid Radius= 10
Boid Frame=
 -0.22328	-0.56809	0.79210	-5.68090
-0.25961	0.81792	0.51343	8.17920
0.93955	0.09100	0.33011	0.90997
0.00000	0.00000	0.00000	1.00000

boidNo = 18
boid Wall No = 0
position = = (-6.1, -2.9, 7.4)
Boid Radius= 9.999999
Boid Frame=
 0.70487	-0.61377	0.35558	-6.13775
-0.61829	-0.28593	0.73210	-2.85926
0.34768	0.73588	0.58103	7.35885
0.00000	0.00000	0.00000	1.00000

boidNo = 19
boid Wall No = 0
position = = (-3.7, -3.2, 8.7)
Boid Radius= 10
Boid Frame=
 0.51522	-0.37386	0.77122	-3.73860
-0.85245	-0.31675	0.41594	-3.16753
-0.08878	0.87172	0.48189	8.71720
0.00000	0.00000	0.00000	1.00000

