Iteration Num of Simuation:0
m_SimulationDeltaT of action plan:0
boidNo = 0
boid Wall No = 0
position = = (0.2, -9.8, 1.9)
Boid Radius= 10
Boid Frame=
 0.97649	0.01696	-0.21488	0.16958
0.05708	-0.98165	0.18194	-9.81652
0.20785	0.18993	0.95954	1.89926
0.00000	0.00000	0.00000	1.00000

boidNo = 1
boid Wall No = 0
position = = (-2.7, -2.8, 9.2)
Boid Radius= 10
Boid Frame=
 0.66231	-0.27373	0.69743	-2.73729
-0.74852	-0.28213	0.60010	-2.82132
-0.03250	0.91950	0.39175	9.19497
0.00000	0.00000	0.00000	1.00000

boidNo = 2
boid Wall No = 0
position = = (-2.6, -9.7, 0.3)
Boid Radius= 10
Boid Frame=
 -0.05904	-0.25597	-0.96488	-2.55965
0.04613	-0.96623	0.25350	-9.66234
0.99719	0.02954	-0.06885	0.29545
0.00000	0.00000	0.00000	1.00000

boidNo = 3
boid Wall No = 0
position = = (-0.8, -9.8, 1.6)
Boid Radius= 10
Boid Frame=
 0.90995	-0.08144	-0.40665	-0.81438
-0.00794	-0.98377	0.17924	-9.83773
0.41465	0.15987	0.89583	1.59872
0.00000	0.00000	0.00000	1.00000

boidNo = 4
boid Wall No = 0
position = = (0.2, -10.0, -0.4)
Boid Radius= 9.999999
Boid Frame=
 -0.91329	0.01570	0.40700	0.15702
0.00345	-0.99892	0.04628	-9.98923
-0.40729	-0.04367	-0.91225	-0.43669
0.00000	0.00000	0.00000	1.00000

boidNo = 5
boid Wall No = 0
position = = (-3.4, -2.3, -9.1)
Boid Radius= 10
Boid Frame=
 -0.59128	-0.33802	-0.73221	-3.38017
-0.70144	-0.23246	0.67375	-2.32463
0.39795	-0.91198	0.09965	-9.11979
0.00000	0.00000	0.00000	1.00000

boidNo = 6
boid Wall No = 0
position = = (5.6, -2.9, -7.8)
Boid Radius= 9.999999
Boid Frame=
 -0.77851	0.55822	-0.28689	5.58218
-0.50799	-0.29199	0.81036	-2.91993
-0.36859	-0.77662	-0.51089	-7.76616
0.00000	0.00000	0.00000	1.00000

boidNo = 7
boid Wall No = 1
position = = (-4.2, 8.9, 1.9)
Boid Radius= 10
Boid Frame=
 0.23435	-0.42397	0.87483	-4.23974
-0.09682	0.88524	0.45495	8.85237
0.96732	0.19132	-0.16641	1.91316
0.00000	0.00000	0.00000	1.00000

boidNo = 8
boid Wall No = 1
position = = (6.3, 5.9, 5.0)
Boid Radius= 10
Boid Frame=
 0.77679	0.62757	-0.05253	6.27571
-0.43366	0.59353	0.67798	5.93526
-0.45666	0.50387	-0.73320	5.03867
0.00000	0.00000	0.00000	1.00000

boidNo = 9
boid Wall No = 1
position = = (4.9, 8.6, 1.4)
Boid Radius= 10
Boid Frame=
 0.48191	0.48516	-0.72964	4.85161
-0.13207	0.86342	0.48688	8.63423
-0.86621	0.13827	-0.48017	1.38270
0.00000	0.00000	0.00000	1.00000

boidNo = 10
boid Wall No = 1
position = = (9.5, 3.1, -0.4)
Boid Radius= 10
Boid Frame=
 0.15081	0.95132	-0.26877	9.51325
-0.57649	0.30550	0.75785	3.05498
-0.80307	-0.04065	-0.59450	-0.40649
0.00000	0.00000	0.00000	1.00000

boidNo = 11
boid Wall No = 1
position = = (8.3, 3.4, -4.5)
Boid Radius= 10
Boid Frame=
 0.05182	0.82777	-0.55867	8.27771
-0.83641	0.34163	0.42861	3.41628
-0.54565	-0.44507	-0.71006	-4.45068
0.00000	0.00000	0.00000	1.00000

boidNo = 12
boid Wall No = 0
position = = (6.6, -6.5, 3.8)
Boid Radius= 9.999999
Boid Frame=
 -0.24147	0.65891	0.71241	6.58912
-0.66192	-0.64868	0.37561	-6.48675
-0.70962	0.38086	-0.59278	3.80862
0.00000	0.00000	0.00000	1.00000

boidNo = 13
boid Wall No = 0
position = = (-3.9, -8.8, 2.5)
Boid Radius= 10
Boid Frame=
 0.48194	-0.39405	-0.78260	-3.94049
0.03102	-0.88493	0.46468	-8.84934
0.87565	0.24823	0.41426	2.48229
0.00000	0.00000	0.00000	1.00000

boidNo = 14
boid Wall No = 1
position = = (-6.1, 0.4, -7.9)
Boid Radius= 10
Boid Frame=
 -0.38999	-0.60900	-0.69067	-6.09005
-0.88337	0.03573	0.46730	0.35728
0.25991	-0.79236	0.55191	-7.92362
0.00000	0.00000	0.00000	1.00000

boidNo = 15
boid Wall No = 0
position = = (-6.1, -7.9, -1.2)
Boid Radius= 10
Boid Frame=
 -0.15260	-0.60659	-0.78023	-6.06589
-0.03640	-0.78549	0.61780	-7.85493
0.98762	-0.12268	-0.09779	-1.22679
0.00000	0.00000	0.00000	1.00000

boidNo = 16
boid Wall No = 0
position = = (-6.1, -7.9, -1.1)
Boid Radius= 10
Boid Frame=
 0.14023	-0.60713	-0.78213	-6.07130
-0.24072	-0.78714	0.56786	-7.87141
0.96041	-0.10864	0.25653	-1.08639
0.00000	0.00000	0.00000	1.00000

boidNo = 17
boid Wall No = 0
position = = (1.9, -9.7, 1.6)
Boid Radius= 10
Boid Frame=
 0.65147	0.18901	0.73475	1.89009
0.00320	-0.96915	0.24647	-9.69145
-0.75867	0.15822	0.63197	1.58220
0.00000	0.00000	0.00000	1.00000

boidNo = 18
boid Wall No = 1
position = = (-6.2, 4.6, 6.4)
Boid Radius= 10
Boid Frame=
 0.37322	-0.61568	0.69400	-6.15683
-0.54036	0.46381	0.70206	4.63812
0.75414	0.63703	0.15958	6.37035
0.00000	0.00000	0.00000	1.00000

boidNo = 19
boid Wall No = 0
position = = (0.8, -1.0, 9.9)
Boid Radius= 10
Boid Frame=
 0.74339	0.07685	0.66443	0.76850
-0.65738	-0.09930	0.74698	-0.99297
-0.12338	0.99209	0.02330	9.92086
0.00000	0.00000	0.00000	1.00000

