Iteration Num of Simuation:0
m_SimulationDeltaT of action plan:0
boidNo = 0
boid Wall No = 1
position = = (1.9, 9.6, 1.9)
Boid Radius= 10
Boid Frame=
 0.93589	0.19124	-0.29585	1.91244
-0.12201	0.96381	0.23705	9.63805
-0.33048	0.18576	-0.92535	1.85756
0.00000	0.00000	0.00000	1.00000

boidNo = 1
boid Wall No = 1
position = = (-7.8, 6.2, 0.3)
Boid Radius= 10
Boid Frame=
 -0.27637	-0.78468	0.55489	-7.84680
-0.39079	0.61924	0.68105	6.19241
0.87801	0.02862	0.47778	0.28622
0.00000	0.00000	0.00000	1.00000

boidNo = 2
boid Wall No = 0
position = = (-4.8, -5.3, 7.0)
Boid Radius= 10
Boid Frame=
 0.86988	-0.48351	0.09764	-4.83505
-0.38037	-0.53148	0.75687	-5.31475
0.31406	0.69553	0.64623	6.95526
0.00000	0.00000	0.00000	1.00000

boidNo = 3
boid Wall No = 0
position = = (-1.6, -9.2, 3.5)
Boid Radius= 10
Boid Frame=
 0.81286	-0.15599	-0.56117	-1.55995
0.08013	-0.92435	0.37303	-9.24354
0.57691	0.34819	0.73887	3.48188
0.00000	0.00000	0.00000	1.00000

boidNo = 4
boid Wall No = 0
position = = (4.6, -8.3, 3.2)
Boid Radius= 9.999999
Boid Frame=
 0.62835	0.46493	0.62371	4.64933
0.05421	-0.82598	0.56109	-8.25976
-0.77604	0.31875	0.54420	3.18749
0.00000	0.00000	0.00000	1.00000

boidNo = 5
boid Wall No = 0
position = = (-3.4, -9.2, -2.2)
Boid Radius= 10
Boid Frame=
 -0.72212	-0.33748	-0.60386	-3.37480
0.10381	-0.91591	0.38773	-9.15908
0.68393	-0.21730	-0.69643	-2.17303
0.00000	0.00000	0.00000	1.00000

boidNo = 6
boid Wall No = 0
position = = (-1.8, -9.8, 1.0)
Boid Radius= 10
Boid Frame=
 0.58484	-0.18034	-0.79085	-1.80339
-0.02369	-0.97835	0.20558	-9.78354
0.81080	0.10150	0.57645	1.01495
0.00000	0.00000	0.00000	1.00000

boidNo = 7
boid Wall No = 0
position = = (-5.4, -8.4, 1.1)
Boid Radius= 10
Boid Frame=
 0.65955	-0.53858	0.52433	-5.38576
-0.49893	-0.83542	-0.23052	-8.35424
-0.56219	0.10956	0.81972	1.09559
0.00000	0.00000	0.00000	1.00000

boidNo = 8
boid Wall No = 0
position = = (1.3, -4.6, -8.8)
Boid Radius= 10
Boid Frame=
 -0.80053	0.13374	-0.58418	1.33742
-0.57295	-0.45661	0.68061	-4.56607
0.17571	-0.87956	-0.44216	-8.79558
0.00000	0.00000	0.00000	1.00000

boidNo = 9
boid Wall No = 0
position = = (6.7, -5.6, -4.8)
Boid Radius= 10
Boid Frame=
 -0.73962	0.67194	0.03820	6.71941
-0.47588	-0.56226	0.67632	-5.62257
-0.47592	-0.48204	-0.73562	-4.82039
0.00000	0.00000	0.00000	1.00000

boidNo = 10
boid Wall No = 0
position = = (-4.4, -6.9, 5.7)
Boid Radius= 10
Boid Frame=
 0.87181	-0.43880	-0.21775	-4.38796
-0.17533	-0.69458	0.69773	-6.94577
0.45740	0.57011	0.68247	5.70106
0.00000	0.00000	0.00000	1.00000

boidNo = 11
boid Wall No = 0
position = = (0.1, -9.9, -1.5)
Boid Radius= 10
Boid Frame=
 -0.99903	0.01474	-0.04143	0.14738
-0.02076	-0.98864	0.14884	-9.88643
0.03877	-0.14956	-0.98799	-1.49558
0.00000	0.00000	0.00000	1.00000

boidNo = 12
boid Wall No = 1
position = = (-6.3, 5.0, -6.0)
Boid Radius= 10
Boid Frame=
 -0.66696	-0.62733	-0.40202	-6.27325
-0.74100	0.50202	0.44597	5.02023
0.07794	-0.59535	0.79968	-5.95345
0.00000	0.00000	0.00000	1.00000

boidNo = 13
boid Wall No = 0
position = = (-1.9, -9.8, -0.6)
Boid Radius= 9.999999
Boid Frame=
 -0.24044	-0.18979	-0.95193	-1.89787
-0.01105	-0.98010	0.19819	-9.80101
0.97060	-0.05817	-0.23355	-0.58167
0.00000	0.00000	0.00000	1.00000

boidNo = 14
boid Wall No = 0
position = = (-1.7, -8.6, -4.9)
Boid Radius= 10
Boid Frame=
 -0.94073	-0.17472	-0.29069	-1.74724
-0.00130	-0.85523	0.51825	-8.55226
0.33916	-0.48791	-0.80431	-4.87915
0.00000	0.00000	0.00000	1.00000

boidNo = 15
boid Wall No = 0
position = = (5.6, -8.3, 0.1)
Boid Radius= 10
Boid Frame=
 -0.17686	0.56131	0.80848	5.61315
-0.12885	-0.82757	0.54638	-8.27568
-0.97577	0.00754	-0.21869	0.07538
0.00000	0.00000	0.00000	1.00000

boidNo = 16
boid Wall No = 1
position = = (-9.0, 0.4, -4.3)
Boid Radius= 10
Boid Frame=
 -0.29777	-0.89989	-0.31863	-8.99895
-0.78249	0.03888	0.62145	0.38885
0.54685	-0.43437	0.71574	-4.34371
0.00000	0.00000	0.00000	1.00000

boidNo = 17
boid Wall No = 1
position = = (-6.6, 0.2, 7.5)
Boid Radius= 10
Boid Frame=
 0.46514	-0.65663	0.59370	-6.56632
-0.77894	0.01505	0.62692	0.15051
0.42059	0.75406	0.50448	7.54061
0.00000	0.00000	0.00000	1.00000

boidNo = 18
boid Wall No = 1
position = = (2.5, 7.7, -5.9)
Boid Radius= 10
Boid Frame=
 -0.69663	0.24734	-0.67344	2.47342
-0.28507	0.76597	0.57621	7.65972
-0.65836	-0.59339	0.46309	-5.93387
0.00000	0.00000	0.00000	1.00000

boidNo = 19
boid Wall No = 0
position = = (4.5, -5.1, -7.3)
Boid Radius= 10
Boid Frame=
 -0.77980	0.45283	-0.43227	4.52829
-0.62451	-0.51469	0.58744	-5.14686
-0.04353	-0.72804	-0.68415	-7.28041
0.00000	0.00000	0.00000	1.00000

