Iteration Num of Simuation:0
m_SimulationDeltaT of action plan:60.15864
boidNo = 0
boid Wall No = 0
position = = (6.8, -2.2, -7.0)
Boid Radius= 10
Boid Frame=
 -0.70946	0.68086	-0.18191	6.80863
-0.43475	-0.21968	0.87334	-2.19684
-0.55467	-0.69869	-0.45186	-6.98688
0.00000	0.00000	0.00000	1.00000

boidNo = 1
boid Wall No = 1
position = = (-0.2, 9.6, 2.9)
Boid Radius= 10
Boid Frame=
 -0.46949	-0.01870	0.88274	-0.18698
-0.26237	0.95757	-0.11926	9.57569
0.84306	0.28760	0.45447	2.87596
0.00000	0.00000	0.00000	1.00000

boidNo = 2
boid Wall No = 0
position = = (-8.0, -0.6, -6.0)
Boid Radius= 10
Boid Frame=
 -0.51805	-0.79879	-0.30589	-7.98785
-0.44262	-0.05567	0.89498	-0.55675
0.73193	-0.59903	0.32471	-5.99035
0.00000	0.00000	0.00000	1.00000

boidNo = 3
boid Wall No = 0
position = = (1.2, -0.4, -9.9)
Boid Radius= 10
Boid Frame=
 -0.89381	0.12491	-0.43071	1.24911
-0.43795	-0.03641	0.89826	-0.36409
-0.09652	-0.99150	-0.08725	-9.91500
0.00000	0.00000	0.00000	1.00000

boidNo = 4
boid Wall No = 1
position = = (-6.1, 6.9, -4.0)
Boid Radius= 10
Boid Frame=
 -0.73582	-0.60558	0.30305	-6.05584
-0.29327	0.68835	0.66346	6.88346
0.61038	-0.39931	0.68410	-3.99310
0.00000	0.00000	0.00000	1.00000

boidNo = 5
boid Wall No = 0
position = = (5.8, -5.0, -6.5)
Boid Radius= 10
Boid Frame=
 -0.81729	0.57622	-0.00315	5.76223
-0.35387	-0.49758	0.79195	-4.97581
-0.45477	-0.64837	-0.61057	-6.48368
0.00000	0.00000	0.00000	1.00000

boidNo = 6
boid Wall No = 1
position = = (-1.3, 8.6, -5.0)
Boid Radius= 9.999999
Boid Frame=
 -0.97279	-0.13393	0.18904	-1.33926
-0.01747	0.85606	0.51658	8.56063
0.23101	-0.49922	0.83511	-4.99219
0.00000	0.00000	0.00000	1.00000

boidNo = 7
boid Wall No = 0
position = = (-9.0, -1.9, -3.8)
Boid Radius= 9.999999
Boid Frame=
 -0.28126	-0.90393	-0.32218	-9.03933
-0.41304	-0.18901	0.89088	-1.89014
0.86620	-0.38364	0.32019	-3.83640
0.00000	0.00000	0.00000	1.00000

boidNo = 8
boid Wall No = 1
position = = (-1.0, 8.0, 5.9)
Boid Radius= 10
Boid Frame=
 -0.30230	-0.10333	0.94760	-1.03331
-0.59315	0.79859	-0.10214	7.98586
0.74618	0.59294	0.30270	5.92944
0.00000	0.00000	0.00000	1.00000

boidNo = 9
boid Wall No = 1
position = = (-2.1, 8.7, -4.5)
Boid Radius= 10
Boid Frame=
 -0.94069	-0.20556	0.26991	-2.05559
-0.04933	0.86998	0.49062	8.69976
0.33567	-0.44821	0.82852	-4.48205
0.00000	0.00000	0.00000	1.00000

