Iteration Num of Simuation:0
m_SimulationDeltaT of action plan:0
boidNo = 0
boid Wall No = 1
position = = (1.4, 9.2, -3.7)
Boid Radius= 10
Boid Frame=
 -0.36832	0.14087	-0.91897	1.40875
-0.29738	0.91867	0.26002	9.18673
-0.88086	-0.36905	0.29647	-3.69046
0.00000	0.00000	0.00000	1.00000

boidNo = 1
boid Wall No = 1
position = = (8.6, 2.4, -4.5)
Boid Radius= 10
Boid Frame=
 -0.18032	0.85743	-0.48197	8.57433
-0.68395	0.24285	0.68793	2.42851
-0.70690	-0.45369	-0.54265	-4.53687
0.00000	0.00000	0.00000	1.00000

boidNo = 2
boid Wall No = 1
position = = (6.9, 7.1, -1.5)
Boid Radius= 10
Boid Frame=
 0.14624	0.68668	-0.71209	6.86683
-0.34074	0.71075	0.61541	7.10750
-0.92871	-0.15264	-0.33793	-1.52643
0.00000	0.00000	0.00000	1.00000

boidNo = 3
boid Wall No = 0
position = = (0.4, -10.0, 0.6)
Boid Radius= 10
Boid Frame=
 0.82463	0.04138	0.56416	0.41376
-0.00257	-0.99704	0.07687	-9.97038
-0.56567	0.06484	0.82208	0.64841
0.00000	0.00000	0.00000	1.00000

boidNo = 4
boid Wall No = 0
position = = (-0.6, -6.4, -7.6)
Boid Radius= 10
Boid Frame=
 -0.92795	-0.06054	-0.36774	-0.60537
-0.24604	-0.64164	0.72647	-6.41639
0.27994	-0.76461	-0.58052	-7.64614
0.00000	0.00000	0.00000	1.00000

boidNo = 5
boid Wall No = 1
position = = (-4.0, 0.9, 9.1)
Boid Radius= 10
Boid Frame=
 0.55900	-0.40305	0.72461	-4.03052
-0.76254	0.09332	0.64017	0.93315
0.32564	0.91041	0.25518	9.10407
0.00000	0.00000	0.00000	1.00000

boidNo = 6
boid Wall No = 1
position = = (0.1, 2.7, 9.6)
Boid Radius= 10
Boid Frame=
 0.62484	0.00718	0.78072	0.07181
-0.75243	0.27241	0.59970	2.72414
0.20837	0.96215	-0.17562	9.62153
0.00000	0.00000	0.00000	1.00000

boidNo = 7
boid Wall No = 0
position = = (-3.3, -9.4, 0.8)
Boid Radius= 10
Boid Frame=
 -0.44848	-0.32621	-0.83214	-3.26206
0.22828	-0.94195	0.24622	-9.41947
0.86415	0.07953	-0.49691	0.79530
0.00000	0.00000	0.00000	1.00000

boidNo = 8
boid Wall No = 1
position = = (-2.9, 0.8, -9.5)
Boid Radius= 10
Boid Frame=
 -0.74674	-0.29430	-0.59647	-2.94297
-0.64030	0.07542	0.76441	0.75424
0.17998	-0.95273	0.24476	-9.52733
0.00000	0.00000	0.00000	1.00000

boidNo = 9
boid Wall No = 1
position = = (0.2, 3.8, 9.3)
Boid Radius= 10
Boid Frame=
 0.76513	0.02391	0.64343	0.23914
-0.60341	0.37533	0.70358	3.75332
0.22468	0.92658	-0.30161	9.26582
0.00000	0.00000	0.00000	1.00000

boidNo = 10
boid Wall No = 1
position = = (-0.6, 9.8, 2.0)
Boid Radius= 10
Boid Frame=
 0.95313	-0.05603	0.29732	-0.56030
-0.00762	0.97795	0.20871	9.77947
0.30246	0.20120	-0.93169	2.01197
0.00000	0.00000	0.00000	1.00000

boidNo = 11
boid Wall No = 0
position = = (0.1, -10.0, 0.0)
Boid Radius= 10
Boid Frame=
 0.01084	0.01030	0.99989	0.10300
-0.00450	-0.99994	0.01035	-9.99936
-0.99993	0.00461	0.01079	0.04612
0.00000	0.00000	0.00000	1.00000

boidNo = 12
boid Wall No = 1
position = = (3.2, 9.4, 0.7)
Boid Radius= 10
Boid Frame=
 0.40743	0.32144	-0.85480	3.21438
-0.07039	0.94428	0.32153	9.44278
-0.91052	0.07083	-0.40735	0.70829
0.00000	0.00000	0.00000	1.00000

boidNo = 13
boid Wall No = 1
position = = (-4.8, 5.8, -6.6)
Boid Radius= 10
Boid Frame=
 -0.84381	-0.48247	-0.23496	-4.82470
-0.50847	0.57880	0.63754	5.78796
0.17160	-0.65743	0.73371	-6.57433
0.00000	0.00000	0.00000	1.00000

boidNo = 14
boid Wall No = 0
position = = (2.5, -9.5, 2.1)
Boid Radius= 10
Boid Frame=
 0.93193	0.24972	0.26295	2.49724
0.17654	-0.94581	0.27254	-9.45808
-0.31676	0.20757	0.92552	2.07569
0.00000	0.00000	0.00000	1.00000

boidNo = 15
boid Wall No = 0
position = = (2.5, -9.4, -2.4)
Boid Radius= 10
Boid Frame=
 -0.35737	0.24608	0.90096	2.46076
0.14017	-0.93961	0.31223	-9.39610
-0.92338	-0.23787	-0.30130	-2.37867
0.00000	0.00000	0.00000	1.00000

boidNo = 16
boid Wall No = 1
position = = (-7.6, 4.8, -4.4)
Boid Radius= 10
Boid Frame=
 -0.65116	-0.75836	-0.02982	-7.58356
-0.59387	0.48467	0.64220	4.84672
0.47256	-0.43588	0.76596	-4.35878
0.00000	0.00000	0.00000	1.00000

boidNo = 17
boid Wall No = 1
position = = (5.5, 3.9, 7.4)
Boid Radius= 10
Boid Frame=
 0.77376	0.54871	0.31657	5.48709
-0.57359	0.39473	0.71777	3.94731
-0.26888	0.73696	-0.62016	7.36957
0.00000	0.00000	0.00000	1.00000

boidNo = 18
boid Wall No = 1
position = = (-0.1, 9.8, 2.2)
Boid Radius= 10
Boid Frame=
 0.97262	-0.00883	-0.23223	-0.08834
0.05882	0.97610	0.20923	9.76096
-0.22483	0.21716	-0.94989	2.17161
0.00000	0.00000	0.00000	1.00000

boidNo = 19
boid Wall No = 0
position = = (-5.4, -8.4, -0.4)
Boid Radius= 10
Boid Frame=
 -0.15165	-0.53581	-0.83061	-5.35807
0.04491	-0.84320	0.53573	-8.43197
0.98741	-0.04394	-0.15194	-0.43940
0.00000	0.00000	0.00000	1.00000

