Iteration Num of Simuation:0
m_SimulationDeltaT of action plan:0
boidNo = 0
boid Wall No = 1
position = = (-5.2, 4.4, -7.3)
Boid Radius= 10
Boid Frame=
 -0.81287	-0.52146	-0.25946	-5.21455
-0.51573	0.43738	0.73670	4.37379
0.27067	-0.73266	0.62446	-7.32655
0.00000	0.00000	0.00000	1.00000

boidNo = 1
boid Wall No = 0
position = = (-4.8, -7.3, -4.8)
Boid Radius= 10
Boid Frame=
 -0.59181	-0.47814	-0.64896	-4.78136
-0.13885	-0.73258	0.66637	-7.32578
0.79403	-0.48447	-0.36716	-4.84474
0.00000	0.00000	0.00000	1.00000

boidNo = 2
boid Wall No = 1
position = = (-1.8, 9.4, -2.8)
Boid Radius= 10
Boid Frame=
 -0.95444	-0.18147	-0.23686	-1.81470
-0.23809	0.94165	0.23794	9.41647
-0.17986	-0.28350	0.94196	-2.83495
0.00000	0.00000	0.00000	1.00000

boidNo = 3
boid Wall No = 1
position = = (6.6, 7.1, 2.5)
Boid Radius= 10
Boid Frame=
 0.58806	0.66390	-0.46196	6.63905
-0.29087	0.70654	0.64513	7.06542
-0.75470	0.24501	-0.60860	2.45008
0.00000	0.00000	0.00000	1.00000

boidNo = 4
boid Wall No = 0
position = = (6.3, -4.3, -6.4)
Boid Radius= 9.999999
Boid Frame=
 -0.76961	0.63445	-0.07197	6.34446
-0.43125	-0.43336	0.79134	-4.33359
-0.47087	-0.64006	-0.60712	-6.40061
0.00000	0.00000	0.00000	1.00000

boidNo = 5
boid Wall No = 0
position = = (5.5, -5.1, -6.6)
Boid Radius= 10
Boid Frame=
 -0.83361	0.54953	-0.05582	5.49531
-0.38970	-0.51349	0.76451	-5.13486
-0.39145	-0.65905	-0.64220	-6.59051
0.00000	0.00000	0.00000	1.00000

boidNo = 6
boid Wall No = 1
position = = (5.5, 3.1, 7.8)
Boid Radius= 10
Boid Frame=
 0.73165	0.54900	0.40409	5.48997
-0.62710	0.30962	0.71476	3.09623
-0.26729	0.77636	-0.57081	7.76361
0.00000	0.00000	0.00000	1.00000

boidNo = 7
boid Wall No = 0
position = = (4.1, -9.1, -0.6)
Boid Radius= 9.999999
Boid Frame=
 0.23835	0.40544	0.88250	4.05441
0.16821	-0.91219	0.37365	-9.12190
-0.95650	-0.05939	0.28562	-0.59390
0.00000	0.00000	0.00000	1.00000

boidNo = 8
boid Wall No = 1
position = = (-2.2, 9.0, -3.8)
Boid Radius= 9.999999
Boid Frame=
 -0.96933	-0.21538	-0.11833	-2.15383
-0.24401	0.90080	0.35920	9.00797
-0.02923	-0.37706	0.92573	-3.77062
0.00000	0.00000	0.00000	1.00000

boidNo = 9
boid Wall No = 1
position = = (5.6, 7.7, -3.1)
Boid Radius= 10
Boid Frame=
 -0.21106	0.56354	-0.79867	5.63539
-0.22534	0.76702	0.60075	7.67017
-0.95114	-0.30677	0.03490	-3.06771
0.00000	0.00000	0.00000	1.00000

boidNo = 10
boid Wall No = 1
position = = (7.5, 2.9, 5.9)
Boid Radius= 10
Boid Frame=
 0.61865	0.75469	0.21844	7.54692
-0.61066	0.28694	0.73808	2.86938
-0.49434	0.59001	-0.63837	5.90006
0.00000	0.00000	0.00000	1.00000

boidNo = 11
boid Wall No = 0
position = = (6.6, -4.4, 6.0)
Boid Radius= 10
Boid Frame=
 0.42382	0.66428	0.61571	6.64282
-0.43927	-0.44374	0.78111	-4.43738
-0.79209	0.60152	-0.10373	6.01520
0.00000	0.00000	0.00000	1.00000

boidNo = 12
boid Wall No = 1
position = = (-8.2, 5.1, -2.6)
Boid Radius= 10
Boid Frame=
 -0.54863	-0.82121	0.15690	-8.21207
-0.57467	0.50671	0.64265	5.06713
0.60725	-0.26241	0.74992	-2.62414
0.00000	0.00000	0.00000	1.00000

boidNo = 13
boid Wall No = 1
position = = (-8.7, 2.6, -4.2)
Boid Radius= 9.999999
Boid Frame=
 -0.49347	-0.86614	-0.07930	-8.66140
-0.58773	0.26485	0.76448	2.64854
0.64114	-0.42386	0.63975	-4.23855
0.00000	0.00000	0.00000	1.00000

boidNo = 14
boid Wall No = 0
position = = (-2.5, -8.8, 4.1)
Boid Radius= 9.999999
Boid Frame=
 0.61780	-0.24752	-0.74636	-2.47523
0.18487	-0.87684	0.44382	-8.76839
0.76430	0.41217	0.49595	4.12173
0.00000	0.00000	0.00000	1.00000

boidNo = 15
boid Wall No = 0
position = = (3.5, -6.3, 6.9)
Boid Radius= 10
Boid Frame=
 0.68134	0.34996	0.64289	3.49962
-0.33694	-0.62976	0.69991	-6.29759
-0.64980	0.69349	0.31116	6.93492
0.00000	0.00000	0.00000	1.00000

boidNo = 16
boid Wall No = 0
position = = (8.0, -3.5, 4.8)
Boid Radius= 10
Boid Frame=
 0.28338	0.80414	0.52254	8.04143
-0.48234	-0.35144	0.80240	-3.51436
-0.82888	0.47942	-0.28828	4.79423
0.00000	0.00000	0.00000	1.00000

boidNo = 17
boid Wall No = 0
position = = (5.6, -6.6, -5.1)
Boid Radius= 10
Boid Frame=
 -0.80541	0.55967	0.19514	5.59666
-0.28745	-0.65675	0.69717	-6.56752
-0.51835	-0.50542	-0.68983	-5.05421
0.00000	0.00000	0.00000	1.00000

boidNo = 18
boid Wall No = 0
position = = (3.7, -2.5, -9.0)
Boid Radius= 10
Boid Frame=
 -0.72893	0.36557	-0.57881	3.65566
-0.67632	-0.25356	0.69159	-2.53560
-0.10606	-0.89558	-0.43207	-8.95583
0.00000	0.00000	0.00000	1.00000

boidNo = 19
boid Wall No = 1
position = = (2.6, 9.6, 1.1)
Boid Radius= 10
Boid Frame=
 0.83838	0.26207	-0.47795	2.62065
-0.17206	0.95925	0.22415	9.59245
-0.51722	0.10569	-0.84930	1.05691
0.00000	0.00000	0.00000	1.00000

