Iteration Num of Simuation:0
m_SimulationDeltaT of action plan:0
boidNo = 0
boid Wall No = 1
position = = (0.1, 4.7, 8.8)
Boid Radius= 10
Boid Frame=
 0.77183	0.00783	0.63578	0.07834
-0.56290	0.47342	0.67751	4.73416
0.29568	0.88080	-0.36981	8.80804
0.00000	0.00000	0.00000	1.00000

boidNo = 1
boid Wall No = 1
position = = (-3.1, 7.7, 5.6)
Boid Radius= 10
Boid Frame=
 0.68601	-0.31008	0.65821	-3.10076
-0.22459	0.77022	0.59692	7.70222
0.69206	0.55732	-0.45874	5.57325
0.00000	0.00000	0.00000	1.00000

boidNo = 2
boid Wall No = 1
position = = (-0.6, 9.7, 2.2)
Boid Radius= 10
Boid Frame=
 0.69108	-0.06062	0.72023	-0.60625
-0.11717	0.97390	0.19440	9.73898
0.71322	0.21874	-0.66594	2.18739
0.00000	0.00000	0.00000	1.00000

boidNo = 3
boid Wall No = 0
position = = (-8.9, -3.7, 2.8)
Boid Radius= 10
Boid Frame=
 0.45912	-0.88672	-0.05412	-8.86723
-0.62549	-0.36592	0.68910	-3.65924
0.63085	0.28253	0.72264	2.82530
0.00000	0.00000	0.00000	1.00000

boidNo = 4
boid Wall No = 0
position = = (-0.6, -9.9, -1.1)
Boid Radius= 10
Boid Frame=
 -0.83664	-0.05808	-0.54466	-0.58084
-0.00954	-0.99267	0.12051	-9.92666
0.54767	-0.10602	-0.82995	-1.06022
0.00000	0.00000	0.00000	1.00000

boidNo = 5
boid Wall No = 0
position = = (7.3, -3.0, 6.1)
Boid Radius= 10
Boid Frame=
 0.39477	0.73186	0.55547	7.31855
-0.54847	-0.29732	0.78153	-2.97323
-0.73712	0.61318	-0.28402	6.13178
0.00000	0.00000	0.00000	1.00000

boidNo = 6
boid Wall No = 0
position = = (7.1, -6.9, -1.2)
Boid Radius= 10
Boid Frame=
 -0.33565	0.71436	0.61402	7.14361
-0.18342	-0.68893	0.70124	-6.88927
-0.92396	-0.12275	-0.36227	-1.22750
0.00000	0.00000	0.00000	1.00000

boidNo = 7
boid Wall No = 0
position = = (-1.3, -9.8, 1.3)
Boid Radius= 10
Boid Frame=
 0.64567	-0.13391	-0.75179	-1.33910
0.01120	-0.98274	0.18467	-9.82737
0.76354	0.12766	0.63302	1.27656
0.00000	0.00000	0.00000	1.00000

boidNo = 8
boid Wall No = 0
position = = (-0.6, -9.9, 1.2)
Boid Radius= 10
Boid Frame=
 0.95019	-0.06088	-0.30567	-0.60880
-0.02092	-0.99098	0.13235	-9.90983
0.31097	0.11936	0.94289	1.19360
0.00000	0.00000	0.00000	1.00000

boidNo = 9
boid Wall No = 0
position = = (1.2, -9.3, 3.4)
Boid Radius= 10
Boid Frame=
 0.96981	0.11595	0.21455	1.15952
0.03230	-0.93305	0.35829	-9.33053
-0.24173	0.34054	0.90863	3.40538
0.00000	0.00000	0.00000	1.00000

boidNo = 10
boid Wall No = 1
position = = (-3.8, 9.2, 0.1)
Boid Radius= 10
Boid Frame=
 -0.61241	-0.38405	0.69098	-3.84054
-0.26462	0.92323	0.27861	9.23230
0.74494	0.01222	0.66702	0.12218
0.00000	0.00000	0.00000	1.00000

boidNo = 11
boid Wall No = 0
position = = (5.6, -0.4, -8.3)
Boid Radius= 10
Boid Frame=
 -0.56537	0.55880	-0.60671	5.58799
-0.74749	-0.03611	0.66329	-0.36112
-0.34874	-0.82852	-0.43811	-8.28517
0.00000	0.00000	0.00000	1.00000

boidNo = 12
boid Wall No = 0
position = = (-9.1, -2.4, -3.5)
Boid Radius= 10
Boid Frame=
 -0.04357	-0.90626	-0.42047	-9.06259
-0.76046	-0.24286	0.60226	-2.42862
0.64792	-0.34600	0.67860	-3.45997
0.00000	0.00000	0.00000	1.00000

boidNo = 13
boid Wall No = 0
position = = (-0.9, -9.9, 0.6)
Boid Radius= 10
Boid Frame=
 0.44596	-0.09171	-0.89034	-0.91707
0.01263	-0.99399	0.10871	-9.93993
0.89496	0.05972	0.44212	0.59724
0.00000	0.00000	0.00000	1.00000

boidNo = 14
boid Wall No = 0
position = = (9.9, -0.5, -1.3)
Boid Radius= 10
Boid Frame=
 -0.13242	0.98985	-0.05153	9.89853
-0.68707	-0.05420	0.72457	-0.54196
-0.71442	-0.13135	-0.68727	-1.31355
0.00000	0.00000	0.00000	1.00000

boidNo = 15
boid Wall No = 0
position = = (1.6, -9.7, 1.6)
Boid Radius= 10
Boid Frame=
 0.61642	0.16049	0.77089	1.60486
-0.02523	-0.97448	0.22304	-9.74482
-0.78701	0.15694	0.59664	1.56937
0.00000	0.00000	0.00000	1.00000

boidNo = 16
boid Wall No = 0
position = = (2.6, -2.1, 9.4)
Boid Radius= 10
Boid Frame=
 0.17395	0.25725	0.95056	2.57253
-0.95071	-0.20775	0.23020	-2.07749
-0.25670	0.94375	-0.20843	9.43749
0.00000	0.00000	0.00000	1.00000

boidNo = 17
boid Wall No = 1
position = = (2.1, 7.7, 6.0)
Boid Radius= 10
Boid Frame=
 0.88586	0.20929	0.41406	2.09292
-0.40919	0.77309	0.48466	7.73095
0.21868	0.59877	-0.77049	5.98767
0.00000	0.00000	0.00000	1.00000

boidNo = 18
boid Wall No = 0
position = = (1.4, -5.6, 8.2)
Boid Radius= 10
Boid Frame=
 0.77464	0.13537	0.61774	1.35375
-0.45643	-0.55644	0.69430	-5.56436
-0.43772	0.81979	0.36925	8.19788
0.00000	0.00000	0.00000	1.00000

boidNo = 19
boid Wall No = 1
position = = (-7.1, 4.5, 5.4)
Boid Radius= 10
Boid Frame=
 0.28854	-0.71029	0.64205	-7.10292
-0.51688	0.44891	0.72891	4.48911
0.80596	0.54218	0.23761	5.42185
0.00000	0.00000	0.00000	1.00000

boidNo = 20
boid Wall No = 1
position = = (-1.8, 9.8, 1.2)
Boid Radius= 10
Boid Frame=
 -0.39657	-0.18308	0.89956	-1.83078
-0.18648	0.97555	0.11633	9.75547
0.89887	0.12161	0.42101	1.21614
0.00000	0.00000	0.00000	1.00000

boidNo = 21
boid Wall No = 0
position = = (-1.1, -9.9, -1.2)
Boid Radius= 10
Boid Frame=
 -0.32863	-0.10736	-0.93834	-1.07360
-0.07625	-0.98726	0.13966	-9.87259
0.94138	-0.11744	-0.31626	-1.17443
0.00000	0.00000	0.00000	1.00000

boidNo = 22
boid Wall No = 0
position = = (0.9, -9.6, 2.7)
Boid Radius= 10
Boid Frame=
 0.99584	0.09094	0.00603	0.90940
0.08604	-0.95992	0.26673	-9.59923
-0.03005	0.26510	0.96375	2.65099
0.00000	0.00000	0.00000	1.00000

boidNo = 23
boid Wall No = 1
position = = (-5.9, 4.5, -6.7)
Boid Radius= 10
Boid Frame=
 -0.76401	-0.59048	-0.26006	-5.90478
-0.57849	0.44841	0.68138	4.48406
0.28573	-0.67102	0.68417	-6.71020
0.00000	0.00000	0.00000	1.00000

boidNo = 24
boid Wall No = 1
position = = (1.2, 7.6, 6.4)
Boid Radius= 10
Boid Frame=
 0.97043	0.12421	0.20695	1.24206
-0.22711	0.76017	0.60874	7.60169
0.08171	0.63774	-0.76590	6.37743
0.00000	0.00000	0.00000	1.00000

boidNo = 25
boid Wall No = 1
position = = (-1.4, 9.8, 1.2)
Boid Radius= 10
Boid Frame=
 0.26807	-0.13674	0.95365	-1.36741
-0.07999	0.98330	0.16348	9.83299
0.96007	0.12010	-0.25266	1.20104
0.00000	0.00000	0.00000	1.00000

boidNo = 26
boid Wall No = 1
position = = (3.2, 9.3, -1.6)
Boid Radius= 10
Boid Frame=
 -0.45263	0.31851	-0.83287	3.18507
-0.00210	0.93365	0.35819	9.33648
-0.89169	-0.16387	0.42193	-1.63873
0.00000	0.00000	0.00000	1.00000

boidNo = 27
boid Wall No = 0
position = = (5.4, -8.1, -2.2)
Boid Radius= 10
Boid Frame=
 -0.41886	0.53522	0.73355	5.35223
-0.02461	-0.81422	0.58004	-8.14220
-0.90772	-0.22491	-0.35422	-2.24907
0.00000	0.00000	0.00000	1.00000

boidNo = 28
boid Wall No = 1
position = = (-7.5, 5.4, -3.8)
Boid Radius= 10
Boid Frame=
 -0.66402	-0.74747	-0.01903	-7.47472
-0.62815	0.54386	0.55645	5.43861
0.40558	-0.38145	0.83066	-3.81447
0.00000	0.00000	0.00000	1.00000

boidNo = 29
boid Wall No = 1
position = = (-3.8, 9.2, -0.6)
Boid Radius= 10
Boid Frame=
 -0.25689	-0.38230	0.88761	-3.82296
-0.03928	0.92181	0.38566	9.21806
0.96564	-0.06421	0.25182	-0.64209
0.00000	0.00000	0.00000	1.00000

