Iteration Num of Simuation:0
m_SimulationDeltaT of action plan:0
boidNo = 0
boid Wall No = 0
position = = (7.4, -3.0, 6.1)
Boid Radius= 10
Boid Frame=
 0.40701	0.73587	0.54115	7.35869
-0.52192	-0.29885	0.79893	-2.98850
-0.74963	0.60761	-0.26243	6.07607
0.00000	0.00000	0.00000	1.00000

boidNo = 1
boid Wall No = 1
position = = (-3.5, 9.4, -0.1)
Boid Radius= 10
Boid Frame=
 -0.06919	-0.34873	0.93467	-3.48729
-0.01971	0.93721	0.34822	9.37206
0.99741	-0.00567	0.07172	-0.05671
0.00000	0.00000	0.00000	1.00000

boidNo = 2
boid Wall No = 0
position = = (6.4, -7.6, 0.5)
Boid Radius= 10
Boid Frame=
 -0.10263	0.64216	0.75967	6.42159
-0.15620	-0.76463	0.62525	-7.64633
-0.98238	0.05449	-0.17878	0.54491
0.00000	0.00000	0.00000	1.00000

boidNo = 3
boid Wall No = 1
position = = (3.9, 8.8, 2.9)
Boid Radius= 10
Boid Frame=
 0.69744	0.38896	-0.60190	3.88963
-0.07582	0.87522	0.47774	8.75225
-0.71262	0.28756	-0.63991	2.87557
0.00000	0.00000	0.00000	1.00000

boidNo = 4
boid Wall No = 0
position = = (4.4, -7.8, 4.5)
Boid Radius= 10
Boid Frame=
 0.64932	0.43597	0.62315	4.35969
-0.07419	-0.77916	0.62242	-7.79161
-0.75689	0.45038	0.47358	4.50377
0.00000	0.00000	0.00000	1.00000

boidNo = 5
boid Wall No = 0
position = = (-5.5, -1.0, -8.3)
Boid Radius= 10
Boid Frame=
 -0.64567	-0.54592	-0.53394	-5.45921
-0.58483	-0.09608	0.80545	-0.96077
0.49101	-0.83231	0.25724	-8.32310
0.00000	0.00000	0.00000	1.00000

boidNo = 6
boid Wall No = 0
position = = (0.1, -10.0, -0.1)
Boid Radius= 10
Boid Frame=
 -0.73183	0.01289	0.68136	0.12890
0.00073	-0.99981	0.01970	-9.99806
-0.68149	-0.01491	-0.73168	-0.14915
0.00000	0.00000	0.00000	1.00000

boidNo = 7
boid Wall No = 0
position = = (1.7, -5.3, -8.3)
Boid Radius= 10
Boid Frame=
 -0.86748	0.17441	-0.46589	1.74409
-0.48186	-0.52734	0.69980	-5.27342
0.12363	-0.83156	-0.54150	-8.31560
0.00000	0.00000	0.00000	1.00000

boidNo = 8
boid Wall No = 0
position = = (-1.6, -9.8, 0.9)
Boid Radius= 10
Boid Frame=
 0.61055	-0.15512	-0.77663	-1.55116
-0.02096	-0.98345	0.17994	-9.83454
0.79170	0.09358	0.60370	0.93583
0.00000	0.00000	0.00000	1.00000

boidNo = 9
boid Wall No = 1
position = = (2.3, 9.2, -3.2)
Boid Radius= 10
Boid Frame=
 -0.05451	0.22708	-0.97235	2.27077
-0.31269	0.92093	0.23260	9.20935
-0.94829	-0.31673	-0.02081	-3.16727
0.00000	0.00000	0.00000	1.00000

boidNo = 10
boid Wall No = 0
position = = (0.3, -7.3, -6.8)
Boid Radius= 9.999999
Boid Frame=
 -0.98576	0.03041	-0.16537	0.30409
-0.13511	-0.72870	0.67137	-7.28703
0.10009	-0.68415	-0.72244	-6.84155
0.00000	0.00000	0.00000	1.00000

boidNo = 11
boid Wall No = 1
position = = (-1.3, 2.7, 9.5)
Boid Radius= 10
Boid Frame=
 0.75844	-0.12532	0.63959	-1.25321
-0.59303	0.27439	0.75699	2.74393
0.27036	0.95342	-0.13379	9.53417
0.00000	0.00000	0.00000	1.00000

boidNo = 12
boid Wall No = 1
position = = (9.2, 3.0, 2.4)
Boid Radius= 10
Boid Frame=
 0.38221	0.92379	-0.02296	9.23790
-0.68222	0.29885	0.66728	2.98847
-0.62329	0.23938	-0.74445	2.39381
0.00000	0.00000	0.00000	1.00000

boidNo = 13
boid Wall No = 0
position = = (1.4, -9.9, -0.6)
Boid Radius= 10
Boid Frame=
 -0.35668	0.13686	0.92415	1.36863
0.00436	-0.98896	0.14814	-9.88956
-0.93422	-0.05687	-0.35214	-0.56870
0.00000	0.00000	0.00000	1.00000

boidNo = 14
boid Wall No = 1
position = = (3.4, 4.7, 8.1)
Boid Radius= 10
Boid Frame=
 0.83357	0.34469	0.43169	3.44686
-0.55127	0.46852	0.69036	4.68524
-0.03570	0.81344	-0.58056	8.13435
0.00000	0.00000	0.00000	1.00000

boidNo = 15
boid Wall No = 0
position = = (4.8, -7.8, -4.0)
Boid Radius= 10
Boid Frame=
 -0.72163	0.47714	0.50159	4.77137
-0.08767	-0.78170	0.61746	-7.81702
-0.68671	-0.40160	-0.60593	-4.01600
0.00000	0.00000	0.00000	1.00000

boidNo = 16
boid Wall No = 0
position = = (-0.5, -7.9, -6.1)
Boid Radius= 10
Boid Frame=
 -0.99486	-0.05001	-0.08807	-0.50008
-0.01415	-0.79245	0.60978	-7.92447
0.10028	-0.60789	-0.78766	-6.07888
0.00000	0.00000	0.00000	1.00000

boidNo = 17
boid Wall No = 0
position = = (8.4, -4.5, -3.1)
Boid Radius= 10
Boid Frame=
 -0.53262	0.83884	0.11253	8.38839
-0.55969	-0.44883	0.69663	-4.48829
-0.63487	-0.30806	-0.70855	-3.08060
0.00000	0.00000	0.00000	1.00000

boidNo = 18
boid Wall No = 0
position = = (0.8, -9.0, -4.3)
Boid Radius= 10
Boid Frame=
 -0.96132	0.08332	0.26254	0.83322
0.04143	-0.89857	0.43687	-8.98572
-0.27232	-0.43084	-0.86036	-4.30844
0.00000	0.00000	0.00000	1.00000

boidNo = 19
boid Wall No = 1
position = = (5.1, 8.5, -1.1)
Boid Radius= 10
Boid Frame=
 -0.00852	0.51171	-0.85912	5.11710
-0.12161	0.85224	0.50882	8.52240
-0.99254	-0.10881	-0.05497	-1.08814
0.00000	0.00000	0.00000	1.00000

