Iteration Num of Simuation:0
m_SimulationDeltaT of action plan:0
boidNo = 0
boid Wall No = 0
position = = (4.1, -7.8, 4.7)
Boid Radius= 10
Boid Frame=
 0.70013	0.40753	0.58629	4.07526
-0.06424	-0.78184	0.62016	-7.81840
-0.71112	0.47186	0.52121	4.71856
0.00000	0.00000	0.00000	1.00000

boidNo = 1
boid Wall No = 0
position = = (-6.6, -3.5, 6.6)
Boid Radius= 10
Boid Frame=
 0.60152	-0.66135	0.44810	-6.61348
-0.77619	-0.35117	0.52365	-3.51166
0.18896	0.66280	0.72456	6.62798
0.00000	0.00000	0.00000	1.00000

boidNo = 2
boid Wall No = 0
position = = (8.0, -5.3, -2.7)
Boid Radius= 10
Boid Frame=
 -0.50876	0.80387	0.30815	8.03869
-0.37072	-0.52761	0.76433	-5.27613
-0.77700	-0.27463	-0.56644	-2.74626
0.00000	0.00000	0.00000	1.00000

boidNo = 3
boid Wall No = 1
position = = (-1.8, 9.8, -0.9)
Boid Radius= 10
Boid Frame=
 -0.84079	-0.18180	0.50992	-1.81802
-0.10855	0.97941	0.17020	9.79412
0.53037	-0.08775	0.84321	-0.87751
0.00000	0.00000	0.00000	1.00000

boidNo = 4
boid Wall No = 1
position = = (-7.7, 3.7, -5.1)
Boid Radius= 10
Boid Frame=
 -0.59693	-0.77483	-0.20811	-7.74833
-0.69375	0.36822	0.61897	3.68220
0.40297	-0.51386	0.75734	-5.13857
0.00000	0.00000	0.00000	1.00000

boidNo = 5
boid Wall No = 0
position = = (8.1, -0.6, -5.8)
Boid Radius= 10
Boid Frame=
 -0.50097	0.80957	-0.30599	8.09570
-0.58649	-0.05757	0.80791	-0.57568
-0.63644	-0.58419	-0.50365	-5.84193
0.00000	0.00000	0.00000	1.00000

boidNo = 6
boid Wall No = 0
position = = (2.0, -8.0, 5.6)
Boid Radius= 10
Boid Frame=
 0.14416	0.19960	0.96921	1.99604
-0.54097	-0.80424	0.24609	-8.04235
-0.82860	0.55979	0.00796	5.59789
0.00000	0.00000	0.00000	1.00000

boidNo = 7
boid Wall No = 1
position = = (-9.5, 0.3, 3.0)
Boid Radius= 9.999999
Boid Frame=
 0.18059	-0.95235	0.24581	-9.52347
-0.74289	0.03172	0.66866	0.31718
0.64459	0.30336	0.70176	3.03363
0.00000	0.00000	0.00000	1.00000

boidNo = 8
boid Wall No = 0
position = = (2.4, -8.6, -4.6)
Boid Radius= 10
Boid Frame=
 -0.77787	0.23632	0.58229	2.36317
0.11590	-0.85676	0.50253	-8.56756
-0.61764	-0.45839	-0.63906	-4.58392
0.00000	0.00000	0.00000	1.00000

boidNo = 9
boid Wall No = 1
position = = (-6.0, 2.7, 7.5)
Boid Radius= 10
Boid Frame=
 0.43115	-0.59683	0.67669	-5.96827
-0.68312	0.27403	0.67695	2.74034
0.58945	0.75412	0.28955	7.54124
0.00000	0.00000	0.00000	1.00000

boidNo = 10
boid Wall No = 1
position = = (7.6, 6.1, 2.3)
Boid Radius= 10
Boid Frame=
 0.60637	0.75961	-0.23519	7.59606
-0.53068	0.60683	0.59172	6.06833
-0.59220	0.23399	-0.77107	2.33992
0.00000	0.00000	0.00000	1.00000

boidNo = 11
boid Wall No = 0
position = = (7.3, -3.7, -5.7)
Boid Radius= 10
Boid Frame=
 -0.63113	0.73288	-0.25409	7.32879
-0.68293	-0.36968	0.63004	-3.69677
-0.36781	-0.57116	-0.73382	-5.71163
0.00000	0.00000	0.00000	1.00000

boidNo = 12
boid Wall No = 1
position = = (4.1, 3.6, 8.4)
Boid Radius= 10
Boid Frame=
 0.81930	0.41063	0.40016	4.10630
-0.54955	0.36337	0.75230	3.63374
-0.16351	0.83627	-0.52338	8.36267
0.00000	0.00000	0.00000	1.00000

boidNo = 13
boid Wall No = 0
position = = (0.4, -4.2, 9.1)
Boid Radius= 10
Boid Frame=
 0.54560	0.03889	0.83715	0.38886
-0.75006	-0.42290	0.50849	-4.22902
-0.37380	0.90534	0.20157	9.05341
0.00000	0.00000	0.00000	1.00000

boidNo = 14
boid Wall No = 1
position = = (0.3, 6.7, 7.4)
Boid Radius= 10
Boid Frame=
 0.86694	0.03493	0.49719	0.34926
-0.39076	0.66686	0.63451	6.66859
0.30940	0.74437	-0.59177	7.44365
0.00000	0.00000	0.00000	1.00000

boidNo = 15
boid Wall No = 0
position = = (3.0, -9.5, -1.3)
Boid Radius= 10
Boid Frame=
 -0.22989	0.29810	0.92644	2.98099
0.05740	-0.94612	0.31868	-9.46124
-0.97152	-0.12644	-0.20040	-1.26439
0.00000	0.00000	0.00000	1.00000

boidNo = 16
boid Wall No = 0
position = = (3.6, -3.1, -8.8)
Boid Radius= 10
Boid Frame=
 -0.82812	0.36348	-0.42674	3.63478
-0.53983	-0.31203	0.78180	-3.12033
-0.15101	-0.87779	-0.45462	-8.77792
0.00000	0.00000	0.00000	1.00000

boidNo = 17
boid Wall No = 1
position = = (-8.3, 2.7, 4.8)
Boid Radius= 9.999999
Boid Frame=
 0.22569	-0.83416	0.50323	-8.34158
-0.62574	0.27179	0.73115	2.71789
0.74667	0.47991	0.46063	4.79907
0.00000	0.00000	0.00000	1.00000

boidNo = 18
boid Wall No = 0
position = = (-7.2, -6.9, 0.8)
Boid Radius= 10
Boid Frame=
 0.34101	-0.71956	-0.60494	-7.19558
-0.25612	-0.69028	0.67669	-6.90281
0.90450	0.07582	0.41968	0.75820
0.00000	0.00000	0.00000	1.00000

boidNo = 19
boid Wall No = 1
position = = (-5.6, 1.2, 8.2)
Boid Radius= 10
Boid Frame=
 0.47241	-0.56157	0.67931	-5.61567
-0.76451	0.12244	0.63288	1.22438
0.43858	0.81832	0.37148	8.18322
0.00000	0.00000	0.00000	1.00000

