Iteration Num of Simuation:0
m_SimulationDeltaT of action plan:0
boidNo = 0
boid Wall No = 1
position = = (-1.9, 4.9, -8.5)
Boid Radius= 10
Boid Frame=
 -0.87095	-0.19149	-0.45253	-1.91488
-0.48462	0.48697	0.72664	4.86966
-0.08122	-0.85217	0.51692	-8.52172
0.00000	0.00000	0.00000	1.00000

boidNo = 1
boid Wall No = 1
position = = (2.9, 9.5, 1.2)
Boid Radius= 10
Boid Frame=
 0.66776	0.28734	-0.68668	2.87344
-0.10626	0.94984	0.29413	9.49839
-0.73676	0.12345	-0.66480	1.23447
0.00000	0.00000	0.00000	1.00000

boidNo = 2
boid Wall No = 0
position = = (1.8, -4.8, 8.6)
Boid Radius= 10
Boid Frame=
 0.79884	0.17896	0.57430	1.78960
-0.44009	-0.47699	0.76079	-4.76993
-0.41009	0.86049	0.30229	8.60495
0.00000	0.00000	0.00000	1.00000

boidNo = 3
boid Wall No = 0
position = = (-1.3, -9.8, 1.4)
Boid Radius= 10
Boid Frame=
 0.88966	-0.13123	-0.43735	-1.31227
-0.05587	-0.98190	0.18096	-9.81902
0.45318	0.13656	0.88089	1.36561
0.00000	0.00000	0.00000	1.00000

boidNo = 4
boid Wall No = 1
position = = (5.0, 7.3, -4.6)
Boid Radius= 10
Boid Frame=
 -0.36954	0.50447	-0.78035	5.04471
-0.30126	0.72939	0.61419	7.29390
-0.87902	-0.46206	0.11756	-4.62060
0.00000	0.00000	0.00000	1.00000

boidNo = 5
boid Wall No = 1
position = = (5.6, 6.6, -5.0)
Boid Radius= 10
Boid Frame=
 -0.36203	0.56458	-0.74174	5.64579
-0.34744	0.65666	0.66939	6.56656
-0.86500	-0.50005	0.04157	-5.00054
0.00000	0.00000	0.00000	1.00000

boidNo = 6
boid Wall No = 0
position = = (-2.7, -9.3, 2.5)
Boid Radius= 9.999999
Boid Frame=
 0.64413	-0.27194	-0.71494	-2.71944
0.01807	-0.92900	0.36965	-9.28997
0.76470	0.25102	0.59348	2.51022
0.00000	0.00000	0.00000	1.00000

boidNo = 7
boid Wall No = 1
position = = (7.4, 2.5, 6.3)
Boid Radius= 10
Boid Frame=
 0.61422	0.73526	0.28657	7.35263
-0.64231	0.25484	0.72284	2.54840
-0.45845	0.62805	-0.62879	6.28049
0.00000	0.00000	0.00000	1.00000

boidNo = 8
boid Wall No = 1
position = = (4.4, 8.8, 1.5)
Boid Radius= 10
Boid Frame=
 0.40632	0.44230	-0.79955	4.42299
-0.05035	0.88454	0.46373	8.84544
-0.91234	0.14817	-0.38168	1.48168
0.00000	0.00000	0.00000	1.00000

boidNo = 9
boid Wall No = 0
position = = (-4.7, -5.3, -7.0)
Boid Radius= 10
Boid Frame=
 -0.61182	-0.47376	-0.63343	-4.73757
-0.37822	-0.52811	0.76030	-5.28106
0.69471	-0.70474	-0.14392	-7.04740
0.00000	0.00000	0.00000	1.00000

boidNo = 10
boid Wall No = 0
position = = (-7.3, -2.6, -6.4)
Boid Radius= 10
Boid Frame=
 0.22692	-0.72558	-0.64965	-7.25581
-0.96411	-0.26175	-0.04441	-2.61754
0.13782	-0.63641	0.75894	-6.36409
0.00000	0.00000	0.00000	1.00000

boidNo = 11
boid Wall No = 0
position = = (4.0, -6.1, 6.8)
Boid Radius= 9.999999
Boid Frame=
 0.60770	0.39842	0.68699	3.98423
-0.38080	-0.61293	0.69232	-6.12932
-0.69692	0.68233	0.22076	6.82329
0.00000	0.00000	0.00000	1.00000

boidNo = 12
boid Wall No = 0
position = = (8.2, -5.1, -2.7)
Boid Radius= 10
Boid Frame=
 -0.55535	0.81705	0.15496	8.17053
-0.56903	-0.50923	0.64567	-5.09230
-0.60646	-0.27039	-0.74773	-2.70389
0.00000	0.00000	0.00000	1.00000

boidNo = 13
boid Wall No = 0
position = = (-6.7, -7.4, -0.6)
Boid Radius= 10
Boid Frame=
 0.02380	-0.66721	-0.74449	-6.67206
-0.10417	-0.74230	0.66192	-7.42305
0.99428	-0.06180	0.08717	-0.61801
0.00000	0.00000	0.00000	1.00000

boidNo = 14
boid Wall No = 0
position = = (7.9, -4.0, 4.6)
Boid Radius= 10
Boid Frame=
 0.20634	0.79087	0.57615	7.90870
-0.54116	-0.39833	0.74059	-3.98331
-0.81521	0.46460	-0.34580	4.64604
0.00000	0.00000	0.00000	1.00000

boidNo = 15
boid Wall No = 0
position = = (-1.5, -9.1, -3.8)
Boid Radius= 10
Boid Frame=
 -0.28885	-0.14973	-0.94559	-1.49729
-0.32250	-0.91475	0.24336	-9.14753
0.90142	-0.37524	-0.21594	-3.75245
0.00000	0.00000	0.00000	1.00000

boidNo = 16
boid Wall No = 1
position = = (3.9, 8.3, 4.0)
Boid Radius= 10
Boid Frame=
 0.91933	0.38581	0.07737	3.85807
-0.38245	0.82985	0.40630	8.29852
-0.09254	0.40311	-0.91046	4.03111
0.00000	0.00000	0.00000	1.00000

boidNo = 17
boid Wall No = 0
position = = (-4.2, -8.7, -2.5)
Boid Radius= 10
Boid Frame=
 -0.71698	-0.42078	-0.55577	-4.20783
0.14752	-0.87080	0.46898	-8.70800
0.68131	-0.25426	-0.68642	-2.54263
0.00000	0.00000	0.00000	1.00000

boidNo = 18
boid Wall No = 0
position = = (9.2, -3.6, 1.7)
Boid Radius= 10
Boid Frame=
 -0.18531	0.91686	0.35360	9.16857
-0.76538	-0.36035	0.53324	-3.60347
-0.61632	0.17183	-0.76852	1.71826
0.00000	0.00000	0.00000	1.00000

boidNo = 19
boid Wall No = 1
position = = (-2.1, 9.3, 3.2)
Boid Radius= 10
Boid Frame=
 0.85042	-0.20902	0.48280	-2.09018
0.01266	0.92556	0.37840	9.25556
0.52595	0.31568	-0.78976	3.15685
0.00000	0.00000	0.00000	1.00000

