Iteration Num of Simuation:0
m_SimulationDeltaT of action plan:0
boidNo = 0
boid Wall No = 0
position = = (-7.0, -6.5, 2.8)
Boid Radius= 10
Boid Frame=
 0.64093	-0.70362	-0.30679	-7.03624
-0.41396	-0.65342	0.63378	-6.53417
0.64641	0.27921	0.71007	2.79214
0.00000	0.00000	0.00000	1.00000

boidNo = 1
boid Wall No = 1
position = = (-0.3, 7.8, 6.2)
Boid Radius= 10
Boid Frame=
 0.83621	-0.03438	0.54733	-0.34380
-0.31687	0.78428	0.53338	7.84279
0.44760	0.61946	-0.64493	6.19455
0.00000	0.00000	0.00000	1.00000

boidNo = 2
boid Wall No = 1
position = = (-1.3, 9.8, -1.2)
Boid Radius= 10
Boid Frame=
 -0.41711	-0.12692	0.89995	-1.26922
0.05857	0.98439	0.16598	9.84389
0.90696	-0.12194	0.40317	-1.21943
0.00000	0.00000	0.00000	1.00000

boidNo = 3
boid Wall No = 1
position = = (5.7, 6.3, -5.3)
Boid Radius= 10
Boid Frame=
 0.01513	0.56624	-0.82410	5.66241
-0.65520	0.62821	0.41961	6.28205
-0.75531	-0.53360	-0.38050	-5.33600
0.00000	0.00000	0.00000	1.00000

boidNo = 4
boid Wall No = 0
position = = (-1.8, -9.6, 2.0)
Boid Radius= 10
Boid Frame=
 0.74504	-0.18165	-0.64181	-1.81647
-0.00356	-0.96327	0.26850	-9.63273
0.66701	0.19776	0.71833	1.97762
0.00000	0.00000	0.00000	1.00000

boidNo = 5
boid Wall No = 1
position = = (-0.5, 8.4, -5.4)
Boid Radius= 9.999999
Boid Frame=
 -0.98918	-0.04992	-0.13794	-0.49920
-0.11591	0.84233	0.52635	8.42329
-0.08991	-0.53665	0.83900	-5.36646
0.00000	0.00000	0.00000	1.00000

boidNo = 6
boid Wall No = 1
position = = (3.9, 8.2, -4.1)
Boid Radius= 10
Boid Frame=
 -0.56124	0.38922	-0.73042	3.89219
-0.14269	0.82380	0.54862	8.23805
-0.81526	-0.41213	0.40682	-4.12134
0.00000	0.00000	0.00000	1.00000

boidNo = 7
boid Wall No = 1
position = = (8.0, 2.1, -5.6)
Boid Radius= 10
Boid Frame=
 -0.34352	0.80227	-0.48821	8.02275
-0.60434	0.20908	0.76880	2.09075
-0.71886	-0.55914	-0.41303	-5.59145
0.00000	0.00000	0.00000	1.00000

boidNo = 8
boid Wall No = 0
position = = (7.6, -5.3, 3.8)
Boid Radius= 10
Boid Frame=
 0.20072	0.76100	0.61693	7.60995
-0.36277	-0.52724	0.76839	-5.27236
-0.91001	0.37803	-0.17024	3.78032
0.00000	0.00000	0.00000	1.00000

boidNo = 9
boid Wall No = 0
position = = (1.2, -9.9, 0.9)
Boid Radius= 10
Boid Frame=
 0.63315	0.11666	0.76519	1.16659
0.00492	-0.98916	0.14673	-9.89164
-0.77401	0.08914	0.62686	0.89137
0.00000	0.00000	0.00000	1.00000

boidNo = 10
boid Wall No = 0
position = = (1.4, -9.7, -2.1)
Boid Radius= 10
Boid Frame=
 -0.88331	0.14067	0.44719	1.40675
-0.02477	-0.96659	0.25514	-9.66588
-0.46814	-0.21429	-0.85728	-2.14287
0.00000	0.00000	0.00000	1.00000

boidNo = 11
boid Wall No = 0
position = = (3.8, -7.7, 5.1)
Boid Radius= 10
Boid Frame=
 0.74244	0.38220	0.55019	3.82200
-0.07402	-0.76945	0.63441	-7.69447
-0.66581	0.51174	0.54298	5.11737
0.00000	0.00000	0.00000	1.00000

boidNo = 12
boid Wall No = 0
position = = (-4.1, -6.0, -6.9)
Boid Radius= 10
Boid Frame=
 -0.36413	-0.40822	-0.83712	-4.08219
-0.58169	-0.60227	0.54672	-6.02272
0.72735	-0.68602	0.01816	-6.86022
0.00000	0.00000	0.00000	1.00000

boidNo = 13
boid Wall No = 0
position = = (-4.0, -8.4, 3.5)
Boid Radius= 10
Boid Frame=
 0.91251	-0.40107	0.08043	-4.01068
-0.40242	-0.84490	0.35243	-8.44899
0.07339	0.35396	0.93238	3.53963
0.00000	0.00000	0.00000	1.00000

boidNo = 14
boid Wall No = 1
position = = (-0.5, 9.3, -3.7)
Boid Radius= 10
Boid Frame=
 -0.99170	-0.04638	0.11989	-0.46384
0.00192	0.92718	0.37462	9.27176
0.12853	-0.37174	0.91940	-3.71743
0.00000	0.00000	0.00000	1.00000

boidNo = 15
boid Wall No = 0
position = = (5.1, -6.0, -6.2)
Boid Radius= 9.999999
Boid Frame=
 -0.86175	0.50582	0.03908	5.05823
-0.31904	-0.60020	0.73346	-6.00204
-0.39446	-0.61960	-0.67860	-6.19595
0.00000	0.00000	0.00000	1.00000

boidNo = 16
boid Wall No = 0
position = = (-9.4, -3.4, 0.3)
Boid Radius= 10
Boid Frame=
 0.33256	-0.94111	0.06094	-9.41112
-0.93804	-0.33676	-0.08173	-3.36763
-0.09744	0.02999	0.99479	0.29987
0.00000	0.00000	0.00000	1.00000

boidNo = 17
boid Wall No = 0
position = = (9.5, -1.4, 2.9)
Boid Radius= 10
Boid Frame=
 -0.11882	0.94754	0.29672	9.47544
-0.98970	-0.13705	0.04132	-1.37048
-0.07982	0.28875	-0.95407	2.88753
0.00000	0.00000	0.00000	1.00000

boidNo = 18
boid Wall No = 0
position = = (1.4, -6.6, 7.4)
Boid Radius= 10
Boid Frame=
 0.86768	0.14471	0.47560	1.44711
-0.27422	-0.65866	0.70069	-6.58658
-0.41466	0.73840	0.53182	7.38396
0.00000	0.00000	0.00000	1.00000

boidNo = 19
boid Wall No = 1
position = = (-0.9, 8.6, -5.1)
Boid Radius= 10
Boid Frame=
 -0.99514	-0.08817	-0.04392	-0.88171
-0.09824	0.85583	0.50784	8.55829
0.00719	-0.50969	0.86033	-5.09688
0.00000	0.00000	0.00000	1.00000

