Iteration Num of Simuation:0
m_SimulationDeltaT of action plan:0
boidNo = 0
boid Wall No = 0
position = = (-4.4, -7.1, -5.5)
Boid Radius= 10
Boid Frame=
 -0.66135	-0.44343	-0.60497	-4.43432
-0.15467	-0.70858	0.68847	-7.08584
0.73396	-0.54889	-0.40004	-5.48887
0.00000	0.00000	0.00000	1.00000

boidNo = 1
boid Wall No = 0
position = = (7.2, -1.0, 6.8)
Boid Radius= 10
Boid Frame=
 0.39422	0.72434	0.56561	7.24344
-0.75025	-0.10180	0.65328	-1.01801
-0.53078	0.68188	-0.50330	6.81881
0.00000	0.00000	0.00000	1.00000

boidNo = 2
boid Wall No = 1
position = = (-4.7, 6.3, -6.2)
Boid Radius= 10
Boid Frame=
 -0.87632	-0.46596	-0.12225	-4.65955
-0.42531	0.62920	0.65055	6.29202
0.22621	-0.62209	0.74956	-6.22085
0.00000	0.00000	0.00000	1.00000

boidNo = 3
boid Wall No = 1
position = = (-8.3, 4.7, -3.0)
Boid Radius= 10
Boid Frame=
 -0.55405	-0.82937	-0.07197	-8.29366
-0.76544	0.47354	0.43573	4.73538
0.32730	-0.29650	0.89720	-2.96504
0.00000	0.00000	0.00000	1.00000

boidNo = 4
boid Wall No = 0
position = = (-2.5, -9.5, 1.7)
Boid Radius= 10
Boid Frame=
 0.39673	-0.24807	-0.88378	-2.48072
0.05914	-0.95388	0.29430	-9.53883
0.91603	0.16902	0.36376	1.69022
0.00000	0.00000	0.00000	1.00000

boidNo = 5
boid Wall No = 0
position = = (-0.2, -9.9, -1.2)
Boid Radius= 10
Boid Frame=
 -0.99226	-0.01816	-0.12283	-0.18156
0.00264	-0.99211	0.12535	-9.92109
0.12413	-0.12405	-0.98448	-1.24054
0.00000	0.00000	0.00000	1.00000

boidNo = 6
boid Wall No = 0
position = = (-0.9, -9.8, 2.0)
Boid Radius= 10
Boid Frame=
 0.80610	-0.08546	-0.58557	-0.85457
0.05024	-0.97606	0.21161	-9.76062
0.58964	0.20000	0.78251	2.00002
0.00000	0.00000	0.00000	1.00000

boidNo = 7
boid Wall No = 0
position = = (-3.9, -8.6, 3.4)
Boid Radius= 9.999999
Boid Frame=
 0.50406	-0.38917	-0.77102	-3.89168
0.10659	-0.85787	0.50269	-8.57869
0.85707	0.33557	0.39093	3.35571
0.00000	0.00000	0.00000	1.00000

boidNo = 8
boid Wall No = 1
position = = (0.1, 10.0, 0.7)
Boid Radius= 10
Boid Frame=
 0.84520	0.00549	-0.53442	0.05486
0.03212	0.99762	0.06104	9.97618
-0.53349	0.06876	-0.84301	0.68757
0.00000	0.00000	0.00000	1.00000

boidNo = 9
boid Wall No = 1
position = = (0.7, 1.9, 9.8)
Boid Radius= 10
Boid Frame=
 0.76654	0.07420	0.63790	0.74204
-0.63914	0.18504	0.74650	1.85042
0.06264	0.97993	-0.18927	9.79925
0.00000	0.00000	0.00000	1.00000

boidNo = 10
boid Wall No = 1
position = = (1.6, 5.9, 7.9)
Boid Radius= 10
Boid Frame=
 0.86004	0.16007	0.48446	1.60066
-0.47672	0.59046	0.65122	5.90458
0.18182	0.79104	-0.58413	7.91036
0.00000	0.00000	0.00000	1.00000

boidNo = 11
boid Wall No = 0
position = = (5.3, -4.4, 7.2)
Boid Radius= 10
Boid Frame=
 0.26638	0.53447	0.80211	5.34471
-0.72174	-0.44097	0.53351	-4.40968
-0.63885	0.72103	-0.26829	7.21033
0.00000	0.00000	0.00000	1.00000

boidNo = 12
boid Wall No = 0
position = = (7.4, -0.1, 6.7)
Boid Radius= 10
Boid Frame=
 0.26993	0.74500	0.61001	7.44997
-0.91200	-0.00540	0.41015	-0.05397
-0.30885	0.66705	-0.67798	6.67046
0.00000	0.00000	0.00000	1.00000

boidNo = 13
boid Wall No = 1
position = = (-2.2, 9.2, 3.1)
Boid Radius= 10
Boid Frame=
 0.09438	-0.22314	0.97021	-2.23138
-0.29718	0.92381	0.24137	9.23808
0.95015	0.31111	-0.02087	3.11109
0.00000	0.00000	0.00000	1.00000

boidNo = 14
boid Wall No = 1
position = = (-8.0, 2.5, -5.5)
Boid Radius= 10
Boid Frame=
 -0.51551	-0.79902	-0.30953	-7.99020
-0.74975	0.24570	0.61442	2.45703
0.41488	-0.54881	0.72573	-5.48814
0.00000	0.00000	0.00000	1.00000

boidNo = 15
boid Wall No = 1
position = = (6.7, 2.6, 7.0)
Boid Radius= 10
Boid Frame=
 0.58837	0.66669	0.45754	6.66692
-0.75996	0.26265	0.59454	2.62649
-0.27621	0.69752	-0.66119	6.97522
0.00000	0.00000	0.00000	1.00000

boidNo = 16
boid Wall No = 0
position = = (-6.0, -8.0, 0.0)
Boid Radius= 10
Boid Frame=
 0.06757	-0.60169	-0.79586	-6.01693
-0.04627	-0.79872	0.59992	-7.98719
0.99664	0.00372	0.08181	0.03718
0.00000	0.00000	0.00000	1.00000

boidNo = 17
boid Wall No = 1
position = = (0.5, 9.9, 1.5)
Boid Radius= 10
Boid Frame=
 0.89220	0.05215	0.44862	0.52152
-0.11483	0.98686	0.11364	9.86864
0.43680	0.15291	-0.88647	1.52906
0.00000	0.00000	0.00000	1.00000

boidNo = 18
boid Wall No = 0
position = = (-1.8, -2.6, -9.5)
Boid Radius= 10
Boid Frame=
 -0.79790	-0.17967	-0.57539	-1.79668
-0.52594	-0.25888	0.81017	-2.58875
0.29451	-0.94905	-0.11206	-9.49054
0.00000	0.00000	0.00000	1.00000

boidNo = 19
boid Wall No = 1
position = = (0.8, 8.0, -5.9)
Boid Radius= 9.999999
Boid Frame=
 -0.80479	0.08453	-0.58751	0.84531
-0.29599	0.80080	0.52068	8.00801
-0.51449	-0.59294	0.61945	-5.92936
0.00000	0.00000	0.00000	1.00000

