Iteration Num of Simuation:0
m_SimulationDeltaT of action plan:0
boidNo = 0
boid Wall No = 1
position = = (2.0, 6.1, 7.6)
Boid Radius= 10
Boid Frame=
 0.75650	0.20209	0.62199	2.02087
-0.59329	0.61222	0.52268	6.12219
0.27517	0.76443	-0.58304	7.64427
0.00000	0.00000	0.00000	1.00000

boidNo = 1
boid Wall No = 0
position = = (4.1, -5.4, 7.3)
Boid Radius= 10
Boid Frame=
 0.57974	0.40581	0.70656	4.05811
-0.46835	-0.54362	0.69651	-5.43620
-0.66675	0.73471	0.12510	7.34707
0.00000	0.00000	0.00000	1.00000

boidNo = 2
boid Wall No = 0
position = = (6.4, -7.0, 3.1)
Boid Radius= 10
Boid Frame=
 0.15162	0.64414	0.74973	6.44140
-0.28031	-0.69934	0.65753	-6.99338
-0.94786	0.30985	-0.07453	3.09854
0.00000	0.00000	0.00000	1.00000

boidNo = 3
boid Wall No = 1
position = = (0.2, 6.1, 7.9)
Boid Radius= 10
Boid Frame=
 0.86274	0.01538	0.50542	0.15379
-0.40803	0.61155	0.67788	6.11550
0.29866	0.79106	-0.53388	7.91056
0.00000	0.00000	0.00000	1.00000

boidNo = 4
boid Wall No = 0
position = = (7.6, -5.9, 2.8)
Boid Radius= 10
Boid Frame=
 0.04435	0.75533	0.65385	7.55327
-0.38528	-0.59093	0.70878	-5.90928
-0.92173	0.28335	-0.26481	2.83349
0.00000	0.00000	0.00000	1.00000

boidNo = 5
boid Wall No = 0
position = = (-2.8, -8.1, -5.2)
Boid Radius= 10
Boid Frame=
 -0.88686	-0.27873	-0.36848	-2.78731
0.00780	-0.80645	0.59125	-8.06453
0.46196	-0.52148	-0.71739	-5.21482
0.00000	0.00000	0.00000	1.00000

boidNo = 6
boid Wall No = 0
position = = (3.2, -8.3, 4.6)
Boid Radius= 10
Boid Frame=
 0.72325	0.31507	0.61452	3.15069
-0.10748	-0.82766	0.55085	-8.27658
-0.68217	0.46445	0.56474	4.64450
0.00000	0.00000	0.00000	1.00000

boidNo = 7
boid Wall No = 1
position = = (-8.5, 3.9, 3.6)
Boid Radius= 10
Boid Frame=
 -0.05058	-0.84723	0.52881	-8.47233
-0.73695	0.38902	0.55278	3.89017
0.67405	0.36175	0.64405	3.61748
0.00000	0.00000	0.00000	1.00000

boidNo = 8
boid Wall No = 0
position = = (4.3, -6.9, -5.8)
Boid Radius= 10
Boid Frame=
 -0.88170	0.43253	0.18848	4.32527
-0.18795	-0.68840	0.70055	-6.88402
-0.43276	-0.58226	-0.68826	-5.82256
0.00000	0.00000	0.00000	1.00000

boidNo = 9
boid Wall No = 1
position = = (-1.1, 9.0, -4.2)
Boid Radius= 10
Boid Frame=
 -0.98040	-0.11142	0.16249	-1.11419
-0.02944	0.89832	0.43835	8.98323
0.19481	-0.42497	0.88399	-4.24972
0.00000	0.00000	0.00000	1.00000

boidNo = 10
boid Wall No = 0
position = = (-5.1, -8.6, -0.1)
Boid Radius= 10
Boid Frame=
 -0.21703	-0.51070	-0.83192	-5.10702
0.11841	-0.85971	0.49687	-8.59707
0.96896	-0.00933	-0.24705	-0.09326
0.00000	0.00000	0.00000	1.00000

boidNo = 11
boid Wall No = 1
position = = (4.7, 5.8, 6.7)
Boid Radius= 10
Boid Frame=
 0.87362	0.46509	0.14309	4.65093
-0.42116	0.57540	0.70110	5.75402
-0.24374	0.67276	-0.69856	6.72757
0.00000	0.00000	0.00000	1.00000

boidNo = 12
boid Wall No = 1
position = = (-0.2, 9.2, -3.8)
Boid Radius= 10
Boid Frame=
 -0.91936	-0.02332	-0.39272	-0.23321
-0.16902	0.92483	0.34077	9.24830
-0.35525	-0.37967	0.85420	-3.79666
0.00000	0.00000	0.00000	1.00000

boidNo = 13
boid Wall No = 0
position = = (4.9, -8.3, -2.5)
Boid Radius= 10
Boid Frame=
 -0.58902	0.49482	0.63891	4.94822
-0.11187	-0.83293	0.54195	-8.32931
-0.80034	-0.24775	-0.54597	-2.47747
0.00000	0.00000	0.00000	1.00000

boidNo = 14
boid Wall No = 1
position = = (6.3, 6.4, 4.3)
Boid Radius= 10
Boid Frame=
 0.74870	0.63334	-0.19576	6.33343
-0.36862	0.64320	0.67113	6.43195
-0.55097	0.43032	-0.71502	4.30321
0.00000	0.00000	0.00000	1.00000

boidNo = 15
boid Wall No = 1
position = = (0.9, 9.7, -2.4)
Boid Radius= 10
Boid Frame=
 -0.65917	0.09300	-0.74622	0.93002
-0.11827	0.96715	0.22501	9.67152
-0.74264	-0.23657	0.62652	-2.36574
0.00000	0.00000	0.00000	1.00000

boidNo = 16
boid Wall No = 1
position = = (3.4, 9.4, -0.8)
Boid Radius= 10
Boid Frame=
 0.04062	0.33736	-0.94050	3.37356
-0.09792	0.93809	0.33226	9.38091
-0.99437	-0.07859	-0.07114	-0.78592
0.00000	0.00000	0.00000	1.00000

boidNo = 17
boid Wall No = 1
position = = (7.0, 1.7, 6.9)
Boid Radius= 10
Boid Frame=
 0.62404	0.69930	0.34864	6.99299
-0.62010	0.17172	0.76550	1.71720
-0.47544	0.69390	-0.54079	6.93898
0.00000	0.00000	0.00000	1.00000

boidNo = 18
boid Wall No = 0
position = = (4.2, -8.1, 4.1)
Boid Radius= 9.999999
Boid Frame=
 0.70168	0.42247	0.57373	4.22465
0.00759	-0.80963	0.58689	-8.09634
-0.71245	0.40745	0.57131	4.07450
0.00000	0.00000	0.00000	1.00000

boidNo = 19
boid Wall No = 1
position = = (1.2, 9.7, 2.3)
Boid Radius= 10
Boid Frame=
 0.96264	0.11997	-0.24276	1.19969
-0.05692	0.96612	0.25172	9.66124
-0.26473	0.22850	-0.93686	2.28499
0.00000	0.00000	0.00000	1.00000

