Iteration Num of Simuation:0
m_SimulationDeltaT of action plan:0
boidNo = 0
boid Wall No = 0
position = = (-0.1, -9.2, -3.9)
Boid Radius= 10
Boid Frame=
 -0.89497	-0.00892	0.44604	-0.08925
0.18091	-0.92117	0.34456	-9.21166
-0.40781	-0.38907	-0.82603	-3.89067
0.00000	0.00000	0.00000	1.00000

boidNo = 1
boid Wall No = 0
position = = (0.9, -9.7, -2.5)
Boid Radius= 10
Boid Frame=
 -0.93876	0.08918	0.33282	0.89177
0.00111	-0.96514	0.26172	-9.65142
-0.34456	-0.24607	-0.90594	-2.46066
0.00000	0.00000	0.00000	1.00000

boidNo = 2
boid Wall No = 0
position = = (-2.9, -9.5, -0.9)
Boid Radius= 10
Boid Frame=
 -0.41013	-0.28813	-0.86532	-2.88129
0.03911	-0.95347	0.29894	-9.53469
0.91119	-0.08876	-0.40231	-0.88762
0.00000	0.00000	0.00000	1.00000

boidNo = 3
boid Wall No = 0
position = = (6.5, -7.3, 2.0)
Boid Radius= 10
Boid Frame=
 0.15360	0.64942	0.74476	6.49419
-0.12772	-0.73433	0.66667	-7.34330
-0.97984	0.19752	0.02985	1.97521
0.00000	0.00000	0.00000	1.00000

boidNo = 4
boid Wall No = 0
position = = (-3.2, -9.4, 1.0)
Boid Radius= 10
Boid Frame=
 0.31733	-0.31613	-0.89407	-3.16129
-0.00781	-0.94364	0.33088	-9.43639
0.94828	0.09802	0.30191	0.98019
0.00000	0.00000	0.00000	1.00000

boidNo = 5
boid Wall No = 1
position = = (-2.3, 9.7, 1.0)
Boid Radius= 10
Boid Frame=
 0.59426	-0.23178	0.77016	-2.31778
0.05771	0.96740	0.24661	9.67395
0.80220	0.10211	-0.58825	1.02106
0.00000	0.00000	0.00000	1.00000

boidNo = 6
boid Wall No = 1
position = = (-2.1, 7.8, -5.9)
Boid Radius= 10
Boid Frame=
 -0.61542	-0.20827	-0.76019	-2.08268
-0.57614	0.77703	0.25354	7.77028
-0.53788	-0.59401	0.59819	-5.94014
0.00000	0.00000	0.00000	1.00000

boidNo = 7
boid Wall No = 1
position = = (-3.5, 9.3, 1.4)
Boid Radius= 10
Boid Frame=
 0.09124	-0.35205	0.93152	-3.52050
-0.11638	0.92525	0.36108	9.25246
0.98900	0.14135	-0.04345	1.41354
0.00000	0.00000	0.00000	1.00000

boidNo = 8
boid Wall No = 0
position = = (0.0, -8.9, -4.6)
Boid Radius= 10
Boid Frame=
 -0.97734	-0.00161	0.21168	-0.01611
0.09966	-0.88573	0.45337	-8.85734
-0.18676	-0.46419	-0.86582	-4.64191
0.00000	0.00000	0.00000	1.00000

boidNo = 9
boid Wall No = 1
position = = (4.2, 4.1, 8.1)
Boid Radius= 10
Boid Frame=
 0.75785	0.42387	0.49598	4.23869
-0.64849	0.40598	0.64393	4.05980
-0.07158	0.80964	-0.58255	8.09639
0.00000	0.00000	0.00000	1.00000

boidNo = 10
boid Wall No = 1
position = = (-2.4, 9.5, 1.9)
Boid Radius= 10
Boid Frame=
 -0.16872	-0.23759	0.95660	-2.37592
-0.22926	0.95335	0.19635	9.53355
0.95863	0.18619	0.21532	1.86187
0.00000	0.00000	0.00000	1.00000

boidNo = 11
boid Wall No = 0
position = = (-4.4, -5.9, 6.8)
Boid Radius= 10
Boid Frame=
 0.89545	-0.44402	0.03180	-4.44016
-0.31781	-0.58763	0.74411	-5.87628
0.31171	0.67642	0.66730	6.76420
0.00000	0.00000	0.00000	1.00000

boidNo = 12
boid Wall No = 1
position = = (7.5, 6.6, -0.2)
Boid Radius= 10
Boid Frame=
 0.57566	0.75471	-0.31467	7.54713
-0.67479	0.65582	0.33846	6.55822
-0.46181	-0.01750	-0.88681	-0.17499
0.00000	0.00000	0.00000	1.00000

boidNo = 13
boid Wall No = 0
position = = (-1.8, -9.8, 0.1)
Boid Radius= 10
Boid Frame=
 0.47157	-0.17951	-0.86336	-1.79512
-0.07539	-0.98368	0.16335	-9.83683
0.87860	0.01194	0.47741	0.11945
0.00000	0.00000	0.00000	1.00000

boidNo = 14
boid Wall No = 1
position = = (1.4, 2.2, -9.6)
Boid Radius= 9.999999
Boid Frame=
 -0.66716	0.14067	-0.73151	1.40672
-0.69867	0.22246	0.67998	2.22464
-0.25839	-0.96474	0.05014	-9.64739
0.00000	0.00000	0.00000	1.00000

boidNo = 15
boid Wall No = 1
position = = (-0.2, 1.7, 9.9)
Boid Radius= 10
Boid Frame=
 0.68046	-0.02360	0.73240	-0.23601
-0.71962	0.16706	0.67397	1.67057
0.13826	0.98566	-0.09669	9.85665
0.00000	0.00000	0.00000	1.00000

boidNo = 16
boid Wall No = 0
position = = (-8.3, -4.9, -2.7)
Boid Radius= 10
Boid Frame=
 -0.06831	-0.82672	-0.55845	-8.26724
-0.38841	-0.49355	0.77817	-4.93555
0.91895	-0.27006	0.28739	-2.70058
0.00000	0.00000	0.00000	1.00000

boidNo = 17
boid Wall No = 0
position = = (-3.6, -6.2, 7.0)
Boid Radius= 10
Boid Frame=
 0.91065	-0.36372	0.19601	-3.63722
-0.39336	-0.61807	0.68063	-6.18069
0.12641	0.69692	0.70592	6.96920
0.00000	0.00000	0.00000	1.00000

boidNo = 18
boid Wall No = 0
position = = (6.7, -7.4, -0.9)
Boid Radius= 10
Boid Frame=
 -0.28483	0.66782	0.68767	6.67820
-0.14553	-0.73920	0.65758	-7.39195
-0.94747	-0.08722	-0.30773	-0.87218
0.00000	0.00000	0.00000	1.00000

boidNo = 19
boid Wall No = 0
position = = (-6.8, -1.5, -7.1)
Boid Radius= 10
Boid Frame=
 -0.52556	-0.68259	-0.50779	-6.82593
-0.57509	-0.15481	0.80331	-1.54805
0.62694	-0.71421	0.31120	-7.14215
0.00000	0.00000	0.00000	1.00000

