Iteration Num of Simuation:0
m_SimulationDeltaT of action plan:0
boidNo = 0
boid Wall No = 0
position = = (-2.7, -7.6, -5.9)
Boid Radius= 10
Boid Frame=
 -0.86811	-0.26818	-0.41769	-2.68176
-0.07759	-0.75783	0.64782	-7.57831
0.49027	-0.59479	-0.63707	-5.94789
0.00000	0.00000	0.00000	1.00000

boidNo = 1
boid Wall No = 1
position = = (1.0, 9.9, 0.5)
Boid Radius= 10
Boid Frame=
 0.89843	0.10025	-0.42751	1.00247
-0.06819	0.99363	0.08969	9.93632
-0.43378	0.05143	-0.89955	0.51431
0.00000	0.00000	0.00000	1.00000

boidNo = 2
boid Wall No = 1
position = = (3.0, 9.5, 0.4)
Boid Radius= 10
Boid Frame=
 0.89655	0.29978	-0.32609	2.99775
-0.26790	0.95325	0.13977	9.53255
-0.35275	0.03795	-0.93495	0.37954
0.00000	0.00000	0.00000	1.00000

boidNo = 3
boid Wall No = 0
position = = (0.0, -2.1, -9.8)
Boid Radius= 10
Boid Frame=
 -0.74348	-0.00421	-0.66875	-0.04209
-0.65335	-0.20885	0.72768	-2.08846
0.14273	-0.97794	-0.15252	-9.77940
0.00000	0.00000	0.00000	1.00000

boidNo = 4
boid Wall No = 1
position = = (-0.6, 9.5, -3.0)
Boid Radius= 10
Boid Frame=
 -0.98086	-0.05823	0.18578	-0.58229
0.00093	0.95282	0.30354	9.52819
0.19469	-0.29790	0.93453	-2.97903
0.00000	0.00000	0.00000	1.00000

boidNo = 5
boid Wall No = 0
position = = (6.2, -2.3, 7.5)
Boid Radius= 10
Boid Frame=
 0.45910	0.62408	0.63226	6.24080
-0.66821	-0.22642	0.70869	-2.26420
-0.58543	0.74784	-0.31307	7.47836
0.00000	0.00000	0.00000	1.00000

boidNo = 6
boid Wall No = 1
position = = (-1.2, 8.6, -5.0)
Boid Radius= 10
Boid Frame=
 -0.97497	-0.12363	-0.18479	-1.23634
-0.19857	0.85809	0.47356	8.58088
-0.10002	-0.49840	0.86116	-4.98397
0.00000	0.00000	0.00000	1.00000

boidNo = 7
boid Wall No = 0
position = = (0.4, -9.9, 1.1)
Boid Radius= 10
Boid Frame=
 0.90269	0.04467	0.42796	0.44666
-0.00508	-0.99342	0.11439	-9.93423
-0.43026	0.10543	0.89653	1.05432
0.00000	0.00000	0.00000	1.00000

boidNo = 8
boid Wall No = 1
position = = (-2.3, 5.9, 7.7)
Boid Radius= 10
Boid Frame=
 0.71745	-0.23206	0.65682	-2.32058
-0.43100	0.59287	0.68025	5.92870
0.54727	0.77114	-0.32534	7.71139
0.00000	0.00000	0.00000	1.00000

boidNo = 9
boid Wall No = 0
position = = (0.6, -9.9, -1.1)
Boid Radius= 10
Boid Frame=
 -0.92459	0.06160	0.37595	0.61605
-0.01387	-0.99163	0.12837	-9.91629
-0.38071	-0.11348	-0.91771	-1.13476
0.00000	0.00000	0.00000	1.00000

boidNo = 10
boid Wall No = 1
position = = (-2.5, 7.5, 6.1)
Boid Radius= 10
Boid Frame=
 0.61348	-0.24791	0.74979	-2.47910
-0.36627	0.75183	0.54827	7.51834
0.69964	0.61097	-0.37043	6.10972
0.00000	0.00000	0.00000	1.00000

boidNo = 11
boid Wall No = 0
position = = (10.0, -0.6, 0.6)
Boid Radius= 10
Boid Frame=
 0.00906	0.99632	0.08522	9.96321
-0.62120	-0.06117	0.78126	-0.61172
-0.78360	0.06001	-0.61836	0.60014
0.00000	0.00000	0.00000	1.00000

boidNo = 12
boid Wall No = 1
position = = (-3.6, 3.1, -8.8)
Boid Radius= 10
Boid Frame=
 -0.74420	-0.35819	-0.56379	-3.58195
-0.66456	0.31207	0.67895	3.12068
0.06726	-0.87995	0.47028	-8.79949
0.00000	0.00000	0.00000	1.00000

boidNo = 13
boid Wall No = 0
position = = (4.7, -1.9, 8.6)
Boid Radius= 10
Boid Frame=
 0.65867	0.47241	0.58565	4.72406
-0.57035	-0.19419	0.79812	-1.94189
-0.49076	0.85972	-0.14153	8.59723
0.00000	0.00000	0.00000	1.00000

boidNo = 14
boid Wall No = 0
position = = (-10.0, -0.5, 0.0)
Boid Radius= 10
Boid Frame=
 0.03313	-0.99881	-0.03568	-9.98814
-0.64277	-0.04863	0.76451	-0.48631
0.76534	0.00240	0.64362	0.02397
0.00000	0.00000	0.00000	1.00000

boidNo = 15
boid Wall No = 0
position = = (7.9, -5.8, 1.9)
Boid Radius= 10
Boid Frame=
 -0.05777	0.79415	0.60497	7.94151
-0.38762	-0.57628	0.71948	-5.76281
-0.92001	0.19294	-0.34112	1.92935
0.00000	0.00000	0.00000	1.00000

boidNo = 16
boid Wall No = 1
position = = (-3.5, 9.4, -0.5)
Boid Radius= 10
Boid Frame=
 -0.71212	-0.34746	0.61005	-3.47461
-0.22678	0.93620	0.26851	9.36203
0.66442	-0.05287	0.74548	-0.52868
0.00000	0.00000	0.00000	1.00000

boidNo = 17
boid Wall No = 1
position = = (9.0, 3.4, 2.6)
Boid Radius= 10
Boid Frame=
 0.41951	0.90431	-0.07898	9.04311
-0.58576	0.33614	0.73749	3.36139
-0.69347	0.26312	-0.67072	2.63122
0.00000	0.00000	0.00000	1.00000

boidNo = 18
boid Wall No = 0
position = = (-3.6, -6.8, 6.4)
Boid Radius= 10
Boid Frame=
 0.93275	-0.35876	0.03566	-3.58760
-0.28759	-0.68074	0.67371	-6.80742
0.21742	0.63866	0.73814	6.38656
0.00000	0.00000	0.00000	1.00000

boidNo = 19
boid Wall No = 0
position = = (0.3, -4.7, -8.8)
Boid Radius= 10
Boid Frame=
 -0.85496	0.02648	-0.51802	0.26483
-0.46790	-0.47043	0.74818	-4.70426
0.22388	-0.88204	-0.41459	-8.82042
0.00000	0.00000	0.00000	1.00000

