Iteration Num of Simuation:0
m_SimulationDeltaT of action plan:0
boidNo = 0
boid Wall No = 1
position = = (4.0, 7.4, 5.4)
Boid Radius= 10
Boid Frame=
 0.91604	0.39563	0.06597	3.95631
-0.36063	0.74042	0.56721	7.40416
-0.17556	0.54338	-0.82092	5.43379
0.00000	0.00000	0.00000	1.00000

boidNo = 1
boid Wall No = 0
position = = (-2.4, -9.6, 1.2)
Boid Radius= 10
Boid Frame=
 0.58586	-0.23595	-0.77530	-2.35955
-0.03920	-0.96381	0.26371	-9.63807
0.80946	0.12411	0.57391	1.24107
0.00000	0.00000	0.00000	1.00000

boidNo = 2
boid Wall No = 1
position = = (-2.8, 9.5, 1.3)
Boid Radius= 10
Boid Frame=
 -0.23318	-0.27797	0.93186	-2.77968
-0.20202	0.95122	0.23319	9.51216
0.95122	0.13388	0.27796	1.33878
0.00000	0.00000	0.00000	1.00000

boidNo = 3
boid Wall No = 1
position = = (5.0, 8.5, 1.7)
Boid Radius= 10
Boid Frame=
 0.64930	0.50206	-0.57126	5.02058
-0.23663	0.84722	0.47563	8.47221
-0.72278	0.17365	-0.66891	1.73651
0.00000	0.00000	0.00000	1.00000

boidNo = 4
boid Wall No = 1
position = = (8.1, 5.8, -0.9)
Boid Radius= 10
Boid Frame=
 0.53006	0.81247	-0.24274	8.12472
-0.79599	0.57543	0.18783	5.75428
-0.29228	-0.09365	-0.95174	-0.93654
0.00000	0.00000	0.00000	1.00000

boidNo = 5
boid Wall No = 0
position = = (6.6, -4.0, -6.4)
Boid Radius= 10
Boid Frame=
 -0.74221	0.65708	-0.13176	6.57081
-0.48860	-0.39600	0.77747	-3.96000
-0.45868	-0.64143	-0.61497	-6.41427
0.00000	0.00000	0.00000	1.00000

boidNo = 6
boid Wall No = 1
position = = (3.1, 4.7, 8.3)
Boid Radius= 10
Boid Frame=
 0.77230	0.31078	0.55404	3.10777
-0.63147	0.47066	0.61622	4.70662
0.06926	0.82577	-0.55974	8.25770
0.00000	0.00000	0.00000	1.00000

boidNo = 7
boid Wall No = 1
position = = (-3.7, 1.5, -9.2)
Boid Radius= 10
Boid Frame=
 -0.59990	-0.37030	-0.70923	-3.70298
-0.79220	0.15085	0.59132	1.50853
0.11198	-0.91658	0.38385	-9.16582
0.00000	0.00000	0.00000	1.00000

boidNo = 8
boid Wall No = 1
position = = (-2.7, 9.0, 3.4)
Boid Radius= 10
Boid Frame=
 -0.24038	-0.27298	0.93150	-2.72981
-0.40771	0.89928	0.15833	8.99282
0.88090	0.34172	0.32747	3.41721
0.00000	0.00000	0.00000	1.00000

boidNo = 9
boid Wall No = 0
position = = (4.6, -8.7, 1.8)
Boid Radius= 10
Boid Frame=
 0.37150	0.45909	0.80698	4.59088
0.00291	-0.86976	0.49346	-8.69762
-0.92843	0.18098	0.32446	1.80977
0.00000	0.00000	0.00000	1.00000

boidNo = 10
boid Wall No = 1
position = = (-4.3, 9.0, 0.0)
Boid Radius= 10
Boid Frame=
 -0.10867	-0.42611	0.89812	-4.26111
-0.05365	0.90467	0.42273	9.04668
0.99263	0.00225	0.12117	0.02250
0.00000	0.00000	0.00000	1.00000

boidNo = 11
boid Wall No = 0
position = = (-7.7, -1.8, 6.1)
Boid Radius= 10
Boid Frame=
 0.58926	-0.76682	0.25448	-7.66821
-0.58239	-0.18483	0.79162	-1.84826
0.55999	0.61467	0.55550	6.14675
0.00000	0.00000	0.00000	1.00000

boidNo = 12
boid Wall No = 1
position = = (1.6, 3.3, 9.3)
Boid Radius= 10
Boid Frame=
 0.67179	0.15724	0.72386	1.57239
-0.72650	0.33056	0.60243	3.30557
0.14455	0.93060	-0.33630	9.30596
0.00000	0.00000	0.00000	1.00000

boidNo = 13
boid Wall No = 0
position = = (7.0, -6.8, 2.1)
Boid Radius= 10
Boid Frame=
 0.10580	0.70145	0.70482	7.01454
-0.19397	-0.68062	0.70649	-6.80622
-0.97529	0.21146	-0.06405	2.11461
0.00000	0.00000	0.00000	1.00000

boidNo = 14
boid Wall No = 0
position = = (-4.3, -8.7, -2.4)
Boid Radius= 10
Boid Frame=
 -0.55124	-0.43234	-0.71359	-4.32337
0.04658	-0.86989	0.49105	-8.69887
0.83304	-0.23745	-0.49966	-2.37450
0.00000	0.00000	0.00000	1.00000

boidNo = 15
boid Wall No = 0
position = = (-7.8, -4.2, 4.6)
Boid Radius= 10
Boid Frame=
 0.27600	-0.78277	0.55776	-7.82769
-0.89312	-0.42332	-0.15214	-4.23315
-0.35520	0.45615	0.81594	4.56154
0.00000	0.00000	0.00000	1.00000

boidNo = 16
boid Wall No = 1
position = = (-7.1, 6.5, -2.8)
Boid Radius= 10
Boid Frame=
 -0.61911	-0.70875	0.33821	-7.08747
-0.38216	0.64815	0.65868	6.48147
0.68605	-0.27854	0.67213	-2.78539
0.00000	0.00000	0.00000	1.00000

boidNo = 17
boid Wall No = 0
position = = (-4.6, -8.2, 3.4)
Boid Radius= 10
Boid Frame=
 0.63691	-0.45775	-0.62033	-4.57746
-0.03706	-0.82190	0.56843	-8.21897
0.77005	0.33905	0.54044	3.39048
0.00000	0.00000	0.00000	1.00000

boidNo = 18
boid Wall No = 1
position = = (6.1, 7.0, -3.6)
Boid Radius= 10
Boid Frame=
 -0.18071	0.61285	-0.76926	6.12853
-0.31764	0.70386	0.63537	7.03855
-0.93083	-0.35916	-0.06747	-3.59165
0.00000	0.00000	0.00000	1.00000

boidNo = 19
boid Wall No = 1
position = = (-2.6, 9.7, 0.2)
Boid Radius= 10
Boid Frame=
 -0.14239	-0.25807	0.95558	-2.58070
-0.06266	0.96583	0.25150	9.65826
0.98783	0.02407	0.15370	0.24066
0.00000	0.00000	0.00000	1.00000

