Iteration Num of Simuation:0
m_SimulationDeltaT of action plan:0
boidNo = 0
boid Wall No = 0
position = = (1.1, -9.1, 4.1)
Boid Radius= 10
Boid Frame=
 0.99309	0.11465	0.02507	1.14655
0.09428	-0.90656	0.41141	-9.06560
-0.06990	0.40621	0.91110	4.06206
0.00000	0.00000	0.00000	1.00000

boidNo = 1
boid Wall No = 1
position = = (-0.8, 5.2, 8.5)
Boid Radius= 10
Boid Frame=
 0.76817	-0.07937	0.63531	-0.79372
-0.51170	0.52029	0.68371	5.20288
0.38481	0.85029	-0.35905	8.50295
0.00000	0.00000	0.00000	1.00000

boidNo = 2
boid Wall No = 0
position = = (-0.1, -5.8, -8.1)
Boid Radius= 10
Boid Frame=
 -0.91875	-0.01060	-0.39471	-0.10599
-0.31548	-0.58141	0.74995	-5.81411
0.23743	-0.81354	-0.53083	-8.13541
0.00000	0.00000	0.00000	1.00000

boidNo = 3
boid Wall No = 1
position = = (1.6, 7.4, -6.5)
Boid Radius= 10
Boid Frame=
 -0.65389	0.16161	-0.73913	1.61608
-0.41107	0.74426	0.52640	7.44260
-0.63517	-0.64804	0.42023	-6.48043
0.00000	0.00000	0.00000	1.00000

boidNo = 4
boid Wall No = 1
position = = (-7.4, 6.6, 1.4)
Boid Radius= 10
Boid Frame=
 -0.13075	-0.73553	0.66475	-7.35534
-0.33568	0.66375	0.66840	6.63749
0.93286	0.13575	0.33369	1.35747
0.00000	0.00000	0.00000	1.00000

boidNo = 5
boid Wall No = 0
position = = (2.0, -3.1, 9.3)
Boid Radius= 10
Boid Frame=
 0.69710	0.19875	0.68888	1.98745
-0.62338	-0.30663	0.71929	-3.06630
-0.35419	0.93085	0.08986	9.30848
0.00000	0.00000	0.00000	1.00000

boidNo = 6
boid Wall No = 0
position = = (-8.7, -5.0, 0.0)
Boid Radius= 10
Boid Frame=
 0.24259	-0.86873	-0.43181	-8.68727
-0.43119	-0.49528	0.75417	-4.95281
0.86904	-0.00324	0.49474	-0.03236
0.00000	0.00000	0.00000	1.00000

boidNo = 7
boid Wall No = 0
position = = (-7.9, -1.7, -5.8)
Boid Radius= 10
Boid Frame=
 -0.20617	-0.79398	-0.57192	-7.93979
-0.82984	-0.16784	0.53216	-1.67843
0.51851	-0.58432	0.62427	-5.84318
0.00000	0.00000	0.00000	1.00000

boidNo = 8
boid Wall No = 1
position = = (-0.5, 9.1, -4.1)
Boid Radius= 10
Boid Frame=
 -0.99613	-0.04802	0.07360	-0.48022
-0.01324	0.90996	0.41447	9.09965
0.08688	-0.41190	0.90708	-4.11896
0.00000	0.00000	0.00000	1.00000

boidNo = 9
boid Wall No = 1
position = = (-5.6, 8.3, 0.8)
Boid Radius= 10
Boid Frame=
 -0.08030	-0.55610	0.82723	-5.56103
-0.15423	0.82684	0.54087	8.26842
0.98477	0.08415	0.15216	0.84153
0.00000	0.00000	0.00000	1.00000

boidNo = 10
boid Wall No = 0
position = = (-2.5, -1.6, 9.6)
Boid Radius= 10
Boid Frame=
 0.65362	-0.24725	0.71530	-2.47246
-0.75547	-0.15663	0.63619	-1.56634
0.04525	0.95621	0.28917	9.56209
0.00000	0.00000	0.00000	1.00000

boidNo = 11
boid Wall No = 0
position = = (2.2, -4.0, -8.9)
Boid Radius= 10
Boid Frame=
 -0.80512	0.21748	-0.55180	2.17476
-0.58912	-0.40089	0.70158	-4.00895
0.06864	-0.88994	-0.45089	-8.89937
0.00000	0.00000	0.00000	1.00000

boidNo = 12
boid Wall No = 0
position = = (2.0, -8.9, 4.1)
Boid Radius= 10
Boid Frame=
 0.95655	0.19940	0.21271	1.99400
0.08553	-0.88938	0.44910	-8.89379
-0.27873	0.41139	0.86779	4.11394
0.00000	0.00000	0.00000	1.00000

boidNo = 13
boid Wall No = 1
position = = (2.1, 0.6, 9.8)
Boid Radius= 9.999999
Boid Frame=
 0.72261	0.20830	0.65912	2.08300
-0.68237	0.06257	0.72833	0.62566
-0.11047	0.97606	-0.18735	9.76062
0.00000	0.00000	0.00000	1.00000

boidNo = 14
boid Wall No = 0
position = = (9.2, -3.4, 2.0)
Boid Radius= 9.999999
Boid Frame=
 0.01015	0.92028	0.39114	9.20276
-0.48805	-0.33684	0.80520	-3.36843
-0.87275	0.19907	-0.44573	1.99069
0.00000	0.00000	0.00000	1.00000

boidNo = 15
boid Wall No = 0
position = = (8.7, -2.0, 4.6)
Boid Radius= 10
Boid Frame=
 -0.27178	0.86736	0.41691	8.67364
-0.95737	-0.19963	-0.20877	-1.99631
0.09785	0.45588	-0.88465	4.55882
0.00000	0.00000	0.00000	1.00000

boidNo = 16
boid Wall No = 1
position = = (-6.7, 3.2, 6.7)
Boid Radius= 10
Boid Frame=
 0.13199	-0.66670	0.73355	-6.66695
-0.83975	0.31799	0.44011	3.17992
0.52668	0.67409	0.51789	6.74091
0.00000	0.00000	0.00000	1.00000

boidNo = 17
boid Wall No = 1
position = = (0.3, 9.8, 2.0)
Boid Radius= 10
Boid Frame=
 0.87576	0.02817	0.48192	0.28166
-0.12182	0.97888	0.16416	9.78882
0.46712	0.20247	-0.86070	2.02475
0.00000	0.00000	0.00000	1.00000

boidNo = 18
boid Wall No = 1
position = = (4.4, 2.8, -8.6)
Boid Radius= 10
Boid Frame=
 -0.48165	0.43675	-0.75978	4.36746
-0.73031	0.27920	0.62346	2.79203
-0.48443	-0.85516	-0.18448	-8.55160
0.00000	0.00000	0.00000	1.00000

boidNo = 19
boid Wall No = 0
position = = (1.2, -9.1, 4.0)
Boid Radius= 10
Boid Frame=
 0.98333	0.12316	-0.13379	1.23159
0.16594	-0.90864	0.38319	-9.08639
0.07437	0.39901	0.91393	3.99007
0.00000	0.00000	0.00000	1.00000

