Iteration Num of Simuation:0
m_SimulationDeltaT of action plan:0
boidNo = 0
boid Wall No = 1
position = = (4.2, 8.6, -2.9)
Boid Radius= 10
Boid Frame=
 0.00341	0.42279	-0.90622	4.22786
-0.31727	0.85987	0.39996	8.59865
-0.94833	-0.28615	-0.13707	-2.86153
0.00000	0.00000	0.00000	1.00000

boidNo = 1
boid Wall No = 0
position = = (-3.3, -0.4, -9.4)
Boid Radius= 10
Boid Frame=
 -0.75079	-0.33075	-0.57176	-3.30755
-0.59312	-0.04340	0.80394	-0.43404
0.29073	-0.94272	0.16359	-9.42718
0.00000	0.00000	0.00000	1.00000

boidNo = 2
boid Wall No = 0
position = = (10.0, 0.0, 0.7)
Boid Radius= 9.999999
Boid Frame=
 0.04115	0.99729	0.06104	9.97287
-0.80012	-0.00370	0.59982	-0.03697
-0.59842	0.07352	-0.79780	0.73521
0.00000	0.00000	0.00000	1.00000

boidNo = 3
boid Wall No = 0
position = = (0.4, -10.0, -0.6)
Boid Radius= 10
Boid Frame=
 -0.92091	0.04174	0.38754	0.41742
-0.01337	-0.99705	0.07561	-9.97048
-0.38956	-0.06445	-0.91875	-0.64451
0.00000	0.00000	0.00000	1.00000

boidNo = 4
boid Wall No = 0
position = = (-3.3, -8.3, 4.5)
Boid Radius= 10
Boid Frame=
 0.77307	-0.32834	-0.54273	-3.28343
0.04116	-0.82784	0.55945	-8.27841
0.63299	0.45483	0.62646	4.54831
0.00000	0.00000	0.00000	1.00000

boidNo = 5
boid Wall No = 0
position = = (1.2, -3.6, 9.2)
Boid Radius= 10
Boid Frame=
 -0.00728	0.12499	0.99213	1.24987
-0.93134	-0.36207	0.03878	-3.62070
-0.36407	0.92373	-0.11904	9.23733
0.00000	0.00000	0.00000	1.00000

boidNo = 6
boid Wall No = 1
position = = (8.5, 4.9, -1.9)
Boid Radius= 10
Boid Frame=
 0.08891	0.85258	-0.51498	8.52579
-0.48514	0.48862	0.72518	4.88620
-0.86990	-0.18536	-0.45707	-1.85361
0.00000	0.00000	0.00000	1.00000

boidNo = 7
boid Wall No = 0
position = = (-3.5, -9.3, 0.8)
Boid Radius= 10
Boid Frame=
 -0.09839	-0.34860	-0.93209	-3.48600
0.11861	-0.93407	0.33682	-9.34069
0.98805	0.07742	-0.13325	0.77418
0.00000	0.00000	0.00000	1.00000

boidNo = 8
boid Wall No = 1
position = = (-2.4, 9.7, -1.0)
Boid Radius= 10
Boid Frame=
 -0.14321	-0.24044	0.96004	-2.40436
0.06399	0.96576	0.25141	9.65762
0.98762	-0.09744	0.12292	-0.97440
0.00000	0.00000	0.00000	1.00000

boidNo = 9
boid Wall No = 0
position = = (-0.4, -7.1, -7.0)
Boid Radius= 10
Boid Frame=
 0.35054	-0.04140	-0.93563	-0.41401
-0.66707	-0.71227	-0.21840	-7.12267
0.65738	-0.70069	0.27729	-7.00686
0.00000	0.00000	0.00000	1.00000

boidNo = 10
boid Wall No = 0
position = = (-9.4, -2.1, -2.8)
Boid Radius= 10
Boid Frame=
 -0.06986	-0.93521	-0.34713	-9.35213
-0.67757	-0.21090	0.70457	-2.10902
0.73214	-0.28443	0.61893	-2.84426
0.00000	0.00000	0.00000	1.00000

boidNo = 11
boid Wall No = 1
position = = (9.2, 3.7, -1.5)
Boid Radius= 10
Boid Frame=
 0.17473	0.91789	-0.35630	9.17889
-0.70863	0.36847	0.60173	3.68469
-0.68360	-0.14735	-0.71483	-1.47346
0.00000	0.00000	0.00000	1.00000

boidNo = 12
boid Wall No = 1
position = = (4.4, 5.1, 7.3)
Boid Radius= 10
Boid Frame=
 0.73314	0.44367	0.51543	4.43668
-0.67928	0.51452	0.52331	5.14518
0.03302	0.73378	-0.67859	7.33778
0.00000	0.00000	0.00000	1.00000

boidNo = 13
boid Wall No = 0
position = = (-6.6, -6.8, 3.3)
Boid Radius= 10
Boid Frame=
 0.75157	-0.65664	-0.06296	-6.56644
-0.54988	-0.67636	0.49007	-6.76359
0.36439	0.33370	0.86940	3.33703
0.00000	0.00000	0.00000	1.00000

boidNo = 14
boid Wall No = 0
position = = (9.7, -1.9, 1.6)
Boid Radius= 10
Boid Frame=
 -0.10314	0.96822	0.22783	9.68223
-0.90026	-0.18827	0.39254	-1.88271
-0.42296	0.16462	-0.89107	1.64616
0.00000	0.00000	0.00000	1.00000

boidNo = 15
boid Wall No = 0
position = = (-6.9, -7.2, -0.7)
Boid Radius= 10
Boid Frame=
 0.12179	-0.68988	-0.71361	-6.89877
-0.20446	-0.72098	0.66211	-7.20979
0.97127	-0.06526	0.22886	-0.65264
0.00000	0.00000	0.00000	1.00000

boidNo = 16
boid Wall No = 1
position = = (9.8, 1.7, 1.0)
Boid Radius= 10
Boid Frame=
 0.18718	0.98049	-0.06003	9.80490
-0.64361	0.16857	0.74656	1.68574
-0.74211	0.10111	-0.66261	1.01107
0.00000	0.00000	0.00000	1.00000

boidNo = 17
boid Wall No = 1
position = = (-7.4, 0.4, 6.7)
Boid Radius= 10
Boid Frame=
 0.50163	-0.74011	0.44790	-7.40107
-0.62935	0.04302	0.77593	0.43017
0.59354	0.67111	0.44421	6.71112
0.00000	0.00000	0.00000	1.00000

boidNo = 18
boid Wall No = 0
position = = (0.6, -6.5, 7.6)
Boid Radius= 10
Boid Frame=
 0.64519	0.06346	0.76138	0.63457
-0.55197	-0.65031	0.52194	-6.50312
-0.52825	0.75701	0.38455	7.57012
0.00000	0.00000	0.00000	1.00000

boidNo = 19
boid Wall No = 1
position = = (-5.3, 8.3, 1.9)
Boid Radius= 10
Boid Frame=
 -0.04268	-0.52803	0.84816	-5.28026
-0.24913	0.82774	0.50278	8.27737
0.96753	0.18984	0.16688	1.89844
0.00000	0.00000	0.00000	1.00000

