Iteration Num of Simuation:0
m_SimulationDeltaT of action plan:0
boidNo = 0
boid Wall No = 0
position = = (0.2, -6.8, 7.3)
Boid Radius= 10
Boid Frame=
 0.95875	0.02010	0.28354	0.20096
-0.19443	-0.68128	0.70573	-6.81283
-0.20735	0.73174	0.64927	7.31744
0.00000	0.00000	0.00000	1.00000

boidNo = 1
boid Wall No = 1
position = = (-9.5, 1.9, -2.6)
Boid Radius= 10
Boid Frame=
 -0.29080	-0.94700	-0.13649	-9.46997
-0.84945	0.18989	0.49233	1.89886
0.44031	-0.25911	0.85964	-2.59113
0.00000	0.00000	0.00000	1.00000

boidNo = 2
boid Wall No = 1
position = = (4.8, 7.0, -5.3)
Boid Radius= 10
Boid Frame=
 -0.42965	0.48316	-0.76286	4.83163
-0.33496	0.69926	0.63153	6.99262
-0.83857	-0.52686	0.13860	-5.26865
0.00000	0.00000	0.00000	1.00000

boidNo = 3
boid Wall No = 1
position = = (0.3, 8.4, 5.4)
Boid Radius= 10
Boid Frame=
 0.77999	0.02805	0.62517	0.28054
-0.35453	0.84303	0.40450	8.43026
0.51568	0.53714	-0.66750	5.37140
0.00000	0.00000	0.00000	1.00000

boidNo = 4
boid Wall No = 0
position = = (1.4, -4.6, -8.8)
Boid Radius= 10
Boid Frame=
 -0.89557	0.13640	-0.42350	1.36404
-0.43591	-0.45966	0.77376	-4.59662
0.08912	-0.87756	-0.47112	-8.77556
0.00000	0.00000	0.00000	1.00000

boidNo = 5
boid Wall No = 0
position = = (-6.5, -3.4, -6.8)
Boid Radius= 10
Boid Frame=
 -0.49131	-0.65389	-0.57537	-6.53888
-0.49044	-0.33822	0.80316	-3.38224
0.71978	-0.67678	0.15452	-6.76783
0.00000	0.00000	0.00000	1.00000

boidNo = 6
boid Wall No = 0
position = = (-1.5, -8.9, -4.2)
Boid Radius= 10
Boid Frame=
 -0.98412	-0.15495	-0.08655	-1.54945
0.10201	-0.89290	0.43854	-8.92904
0.14523	-0.42275	-0.89453	-4.22747
0.00000	0.00000	0.00000	1.00000

boidNo = 7
boid Wall No = 0
position = = (7.6, -5.7, 3.2)
Boid Radius= 9.999999
Boid Frame=
 0.14749	0.75667	0.63694	7.56672
-0.33283	-0.56846	0.75238	-5.68457
-0.93138	0.32296	-0.16800	3.22962
0.00000	0.00000	0.00000	1.00000

boidNo = 8
boid Wall No = 0
position = = (0.1, -1.5, 9.9)
Boid Radius= 10
Boid Frame=
 0.75003	0.00616	0.66137	0.06164
-0.65293	-0.15259	0.74189	-1.52592
-0.10549	0.98827	0.11042	9.88270
0.00000	0.00000	0.00000	1.00000

boidNo = 9
boid Wall No = 0
position = = (5.1, -0.8, 8.5)
Boid Radius= 10
Boid Frame=
 0.61343	0.51294	0.60049	5.12945
-0.66337	-0.07792	0.74422	-0.77920
-0.42854	0.85488	-0.29247	8.54878
0.00000	0.00000	0.00000	1.00000

boidNo = 10
boid Wall No = 0
position = = (-8.3, -4.4, -3.5)
Boid Radius= 10
Boid Frame=
 -0.14437	-0.82799	-0.54185	-8.27985
-0.43197	-0.43992	0.78732	-4.39920
0.89026	-0.34772	0.29415	-3.47723
0.00000	0.00000	0.00000	1.00000

boidNo = 11
boid Wall No = 1
position = = (4.8, 8.7, -1.1)
Boid Radius= 10
Boid Frame=
 -0.09656	0.48071	-0.87154	4.80714
-0.07310	0.86985	0.48788	8.69846
-0.99264	-0.11082	0.04886	-1.10819
0.00000	0.00000	0.00000	1.00000

boidNo = 12
boid Wall No = 1
position = = (1.9, 9.2, 3.4)
Boid Radius= 10
Boid Frame=
 0.84468	0.18994	0.50044	1.89938
-0.32865	0.92199	0.20478	9.21986
0.42251	0.33744	-0.84120	3.37440
0.00000	0.00000	0.00000	1.00000

boidNo = 13
boid Wall No = 0
position = = (-0.5, -6.6, -7.5)
Boid Radius= 10
Boid Frame=
 0.14317	-0.05038	-0.98841	-0.50380
-0.74960	-0.65762	-0.07506	-6.57616
0.64622	-0.75167	0.13192	-7.51667
0.00000	0.00000	0.00000	1.00000

boidNo = 14
boid Wall No = 0
position = = (-7.4, -6.7, -0.4)
Boid Radius= 10
Boid Frame=
 0.31112	-0.74466	-0.59050	-7.44658
-0.40053	-0.66620	0.62909	-6.66199
0.86184	-0.04079	0.50553	-0.40789
0.00000	0.00000	0.00000	1.00000

boidNo = 15
boid Wall No = 0
position = = (-0.6, -1.1, 9.9)
Boid Radius= 10
Boid Frame=
 0.77583	-0.06097	0.62799	-0.60967
-0.63048	-0.11297	0.76794	-1.12974
-0.02413	0.99173	0.12609	9.91726
0.00000	0.00000	0.00000	1.00000

boidNo = 16
boid Wall No = 0
position = = (7.4, -3.1, -6.0)
Boid Radius= 10
Boid Frame=
 -0.60160	0.73878	-0.30378	7.38785
-0.70147	-0.30667	0.64335	-3.06674
-0.38213	-0.60012	-0.70273	-6.00124
0.00000	0.00000	0.00000	1.00000

boidNo = 17
boid Wall No = 1
position = = (-6.1, 7.9, 0.7)
Boid Radius= 10
Boid Frame=
 -0.38042	-0.60845	0.69647	-6.08446
-0.36845	0.79046	0.48930	7.90460
0.84825	0.07048	0.52489	0.70478
0.00000	0.00000	0.00000	1.00000

boidNo = 18
boid Wall No = 1
position = = (-0.5, 8.9, 4.6)
Boid Radius= 10
Boid Frame=
 0.75549	-0.04782	0.65342	-0.47822
-0.26819	0.88737	0.37503	8.87370
0.59776	0.45857	-0.65757	4.58572
0.00000	0.00000	0.00000	1.00000

boidNo = 19
boid Wall No = 1
position = = (-9.4, 3.2, 1.1)
Boid Radius= 10
Boid Frame=
 -0.10034	-0.94242	0.31902	-9.42422
-0.57003	0.31725	0.75790	3.17249
0.81547	0.10581	0.56904	1.05806
0.00000	0.00000	0.00000	1.00000

