Iteration Num of Simuation:0
m_SimulationDeltaT of action plan:0
boidNo = 0
boid Wall No = 1
position = = (-2.0, 9.4, 2.7)
Boid Radius= 10
Boid Frame=
 0.82076	-0.19826	0.53577	-1.98261
0.01099	0.94315	0.33217	9.43154
0.57117	0.26675	-0.77628	2.66746
0.00000	0.00000	0.00000	1.00000

boidNo = 1
boid Wall No = 0
position = = (-1.1, -4.5, 8.9)
Boid Radius= 10
Boid Frame=
 0.90226	-0.11260	0.41623	-1.12597
-0.41967	-0.45095	0.78773	-4.50952
-0.09901	0.88542	0.45413	8.85417
0.00000	0.00000	0.00000	1.00000

boidNo = 2
boid Wall No = 1
position = = (3.3, 9.4, 0.6)
Boid Radius= 10
Boid Frame=
 0.17767	0.33063	-0.92688	3.30634
-0.00450	0.94213	0.33521	9.42133
-0.98408	0.05538	-0.16888	0.55382
0.00000	0.00000	0.00000	1.00000

boidNo = 3
boid Wall No = 0
position = = (0.5, -9.1, 4.1)
Boid Radius= 10
Boid Frame=
 0.98158	0.05102	-0.18410	0.51021
0.12196	-0.90911	0.39830	-9.09110
0.14704	0.41342	0.89859	4.13420
0.00000	0.00000	0.00000	1.00000

boidNo = 4
boid Wall No = 0
position = = (4.6, -5.3, 7.1)
Boid Radius= 10
Boid Frame=
 0.36508	0.46446	0.80684	4.64462
-0.61698	-0.52831	0.58329	-5.28307
-0.69718	0.71075	-0.09369	7.10751
0.00000	0.00000	0.00000	1.00000

boidNo = 5
boid Wall No = 0
position = = (5.2, -4.4, 7.3)
Boid Radius= 10
Boid Frame=
 0.57713	0.52019	0.62955	5.20189
-0.44801	-0.44286	0.77663	-4.42859
-0.68280	0.73026	0.02253	7.30260
0.00000	0.00000	0.00000	1.00000

boidNo = 6
boid Wall No = 0
position = = (-1.9, -9.4, 2.7)
Boid Radius= 10
Boid Frame=
 0.88849	-0.19056	-0.41745	-1.90562
-0.04688	-0.94263	0.33053	-9.42632
0.45649	0.27410	0.84645	2.74100
0.00000	0.00000	0.00000	1.00000

boidNo = 7
boid Wall No = 1
position = = (5.9, 0.5, 8.1)
Boid Radius= 10
Boid Frame=
 0.46016	0.58990	0.66353	5.89903
-0.84186	0.05253	0.53713	0.52527
-0.28200	0.80576	-0.52079	8.05764
0.00000	0.00000	0.00000	1.00000

boidNo = 8
boid Wall No = 1
position = = (-5.2, 5.9, -6.2)
Boid Radius= 10
Boid Frame=
 -0.84046	-0.52186	-0.14588	-5.21861
-0.47801	0.58726	0.65317	5.87258
0.25520	-0.61870	0.74302	-6.18700
0.00000	0.00000	0.00000	1.00000

boidNo = 9
boid Wall No = 1
position = = (9.5, 1.7, 2.6)
Boid Radius= 10
Boid Frame=
 0.30197	0.95101	0.06624	9.51012
-0.69435	0.17180	0.69883	1.71802
-0.65321	0.25702	-0.71222	2.57020
0.00000	0.00000	0.00000	1.00000

boidNo = 10
boid Wall No = 0
position = = (7.9, -2.2, 5.7)
Boid Radius= 10
Boid Frame=
 0.18562	0.78985	0.58454	7.89851
-0.80537	-0.21853	0.55103	-2.18528
-0.56297	0.57305	-0.59556	5.73046
0.00000	0.00000	0.00000	1.00000

boidNo = 11
boid Wall No = 0
position = = (-0.4, -10.0, 0.2)
Boid Radius= 10
Boid Frame=
 0.54923	-0.04044	-0.83469	-0.40442
-0.00695	-0.99901	0.04383	-9.99015
0.83564	0.01827	0.54897	0.18274
0.00000	0.00000	0.00000	1.00000

boidNo = 12
boid Wall No = 1
position = = (-0.5, 9.6, 2.7)
Boid Radius= 10
Boid Frame=
 0.99825	-0.04990	0.03170	-0.49896
0.03922	0.96023	0.27645	9.60228
0.04423	0.27472	-0.96051	2.74722
0.00000	0.00000	0.00000	1.00000

boidNo = 13
boid Wall No = 1
position = = (1.9, 9.5, 2.6)
Boid Radius= 10
Boid Frame=
 0.91138	0.18534	0.36748	1.85340
-0.26585	0.94671	0.18185	9.46707
0.31419	0.26343	-0.91208	2.63429
0.00000	0.00000	0.00000	1.00000

boidNo = 14
boid Wall No = 0
position = = (-6.4, -1.5, -7.6)
Boid Radius= 10
Boid Frame=
 -0.52999	-0.63633	-0.56053	-6.36332
-0.62765	-0.15013	0.76388	-1.50125
0.57023	-0.75667	0.31983	-7.56667
0.00000	0.00000	0.00000	1.00000

boidNo = 15
boid Wall No = 1
position = = (-9.9, 0.7, -1.5)
Boid Radius= 10
Boid Frame=
 -0.15793	-0.98588	-0.05570	-9.85878
-0.69397	0.07069	0.71652	0.70689
0.70247	-0.15182	0.69533	-1.51817
0.00000	0.00000	0.00000	1.00000

boidNo = 16
boid Wall No = 0
position = = (-4.6, -7.7, -4.4)
Boid Radius= 10
Boid Frame=
 -0.64383	-0.45890	-0.61228	-4.58902
-0.05605	-0.76976	0.63587	-7.69762
0.76311	-0.44371	-0.46988	-4.43706
0.00000	0.00000	0.00000	1.00000

boidNo = 17
boid Wall No = 0
position = = (-9.0, -2.5, -3.5)
Boid Radius= 10
Boid Frame=
 -0.15016	-0.90335	-0.40177	-9.03346
-0.56872	-0.25348	0.78250	-2.53481
0.80871	-0.34600	0.47569	-3.45995
0.00000	0.00000	0.00000	1.00000

boidNo = 18
boid Wall No = 1
position = = (4.2, 7.7, -4.7)
Boid Radius= 10
Boid Frame=
 -0.39653	0.42123	-0.81568	4.21228
-0.31335	0.77305	0.55155	7.73049
-0.86289	-0.47430	0.17455	-4.74302
0.00000	0.00000	0.00000	1.00000

boidNo = 19
boid Wall No = 0
position = = (5.4, -5.2, -6.6)
Boid Radius= 10
Boid Frame=
 -0.83909	0.53919	-0.07209	5.39193
-0.39725	-0.51681	0.75835	-5.16812
-0.37164	-0.66496	-0.64785	-6.64964
0.00000	0.00000	0.00000	1.00000

