Iteration Num of Simuation:0
m_SimulationDeltaT of action plan:0
boidNo = 0
boid Wall No = 0
position = = (4.0, -8.7, 2.9)
Boid Radius= 10
Boid Frame=
 0.74163	0.39791	0.54006	3.97907
0.11715	-0.86953	0.47978	-8.69531
-0.66050	0.29255	0.69148	2.92552
0.00000	0.00000	0.00000	1.00000

boidNo = 1
boid Wall No = 1
position = = (-4.8, 2.5, 8.4)
Boid Radius= 9.999999
Boid Frame=
 0.45442	-0.47691	0.75237	-4.76905
-0.75213	0.24714	0.61093	2.47137
0.47729	0.84350	0.24639	8.43495
0.00000	0.00000	0.00000	1.00000

boidNo = 2
boid Wall No = 0
position = = (-2.0, -9.3, 3.1)
Boid Radius= 10
Boid Frame=
 0.89019	-0.19687	-0.41086	-1.96872
-0.03624	-0.92955	0.36691	-9.29551
0.45415	0.31173	0.83461	3.11730
0.00000	0.00000	0.00000	1.00000

boidNo = 3
boid Wall No = 0
position = = (0.3, -9.9, 1.4)
Boid Radius= 10
Boid Frame=
 0.93487	0.03196	0.35356	0.31965
-0.01943	-0.98984	0.14086	-9.89840
-0.35447	0.13855	0.92475	1.38550
0.00000	0.00000	0.00000	1.00000

boidNo = 4
boid Wall No = 1
position = = (2.3, 8.0, -5.6)
Boid Radius= 10
Boid Frame=
 -0.79449	0.22885	-0.56251	2.28845
-0.17764	0.79818	0.57563	7.98181
-0.58071	-0.55726	0.59349	-5.57258
0.00000	0.00000	0.00000	1.00000

boidNo = 5
boid Wall No = 1
position = = (-6.3, 2.6, 7.3)
Boid Radius= 10
Boid Frame=
 0.35378	-0.63226	0.68927	-6.32259
-0.73748	0.26470	0.62134	2.64700
0.57529	0.72814	0.37263	7.28136
0.00000	0.00000	0.00000	1.00000

boidNo = 6
boid Wall No = 0
position = = (8.8, -2.4, -4.1)
Boid Radius= 10
Boid Frame=
 -0.44200	0.88109	-0.16826	8.81094
-0.72883	-0.24340	0.63997	-2.43399
-0.52292	-0.40550	-0.74975	-4.05501
0.00000	0.00000	0.00000	1.00000

boidNo = 7
boid Wall No = 0
position = = (-3.5, -8.7, 3.5)
Boid Radius= 10
Boid Frame=
 0.77359	-0.34664	-0.53047	-3.46645
-0.05090	-0.86840	0.49324	-8.68402
0.63164	0.35456	0.68943	3.54564
0.00000	0.00000	0.00000	1.00000

boidNo = 8
boid Wall No = 0
position = = (4.1, -9.0, -1.7)
Boid Radius= 10
Boid Frame=
 -0.22413	0.41032	0.88397	4.10321
0.08428	-0.89549	0.43704	-8.95487
-0.97091	-0.17245	-0.16612	-1.72452
0.00000	0.00000	0.00000	1.00000

boidNo = 9
boid Wall No = 1
position = = (-3.4, 9.1, 2.3)
Boid Radius= 10
Boid Frame=
 0.02358	-0.34346	0.93887	-3.43464
-0.24084	0.90952	0.33878	9.09520
0.97028	0.23411	0.06128	2.34108
0.00000	0.00000	0.00000	1.00000

boidNo = 10
boid Wall No = 0
position = = (-2.9, -5.9, 7.5)
Boid Radius= 10
Boid Frame=
 0.92056	-0.29377	0.25742	-2.93768
-0.38663	-0.59170	0.70740	-5.91696
0.05550	0.75073	0.65827	7.50731
0.00000	0.00000	0.00000	1.00000

boidNo = 11
boid Wall No = 0
position = = (-8.0, -6.0, 0.4)
Boid Radius= 9.999999
Boid Frame=
 0.52803	-0.79943	-0.28653	-7.99429
-0.66554	-0.59912	0.44510	-5.99123
0.52749	0.04433	0.84840	0.44332
0.00000	0.00000	0.00000	1.00000

boidNo = 12
boid Wall No = 1
position = = (-6.5, 0.3, 7.6)
Boid Radius= 10
Boid Frame=
 0.57879	-0.64729	0.49600	-6.47286
-0.62903	0.03270	0.77669	0.32696
0.51896	0.76155	0.38824	7.61546
0.00000	0.00000	0.00000	1.00000

boidNo = 13
boid Wall No = 0
position = = (-4.8, -8.7, 0.6)
Boid Radius= 10
Boid Frame=
 0.75500	-0.48237	-0.44417	-4.82374
-0.38048	-0.87396	0.30238	-8.73956
0.53404	0.05930	0.84338	0.59298
0.00000	0.00000	0.00000	1.00000

boidNo = 14
boid Wall No = 0
position = = (-3.4, -5.2, -7.8)
Boid Radius= 10
Boid Frame=
 -0.71031	-0.34479	-0.61366	-3.44789
-0.39737	-0.52318	0.75391	-5.23178
0.58099	-0.77936	-0.23461	-7.79363
0.00000	0.00000	0.00000	1.00000

boidNo = 15
boid Wall No = 1
position = = (7.4, 6.7, -0.7)
Boid Radius= 10
Boid Frame=
 0.22213	0.74270	-0.63170	7.42701
-0.33980	0.66624	0.66382	6.66243
-0.91389	-0.06720	-0.40037	-0.67196
0.00000	0.00000	0.00000	1.00000

boidNo = 16
boid Wall No = 1
position = = (1.9, 8.8, -4.5)
Boid Radius= 10
Boid Frame=
 -0.85406	0.18782	-0.48509	1.87816
-0.07837	0.87544	0.47693	8.75440
-0.51424	-0.44534	0.73296	-4.45342
0.00000	0.00000	0.00000	1.00000

boidNo = 17
boid Wall No = 1
position = = (-5.5, 3.7, -7.5)
Boid Radius= 10
Boid Frame=
 -0.73579	-0.54549	-0.40132	-5.45491
-0.64119	0.37046	0.67203	3.70461
0.21792	-0.75180	0.62235	-7.51797
0.00000	0.00000	0.00000	1.00000

boidNo = 18
boid Wall No = 1
position = = (1.6, 9.7, -1.7)
Boid Radius= 10
Boid Frame=
 -0.65856	0.15943	-0.73544	1.59434
-0.02565	0.97197	0.23368	9.71974
-0.75209	-0.17276	0.63602	-1.72763
0.00000	0.00000	0.00000	1.00000

boidNo = 19
boid Wall No = 1
position = = (-3.8, 8.9, -2.6)
Boid Radius= 10
Boid Frame=
 -0.90668	-0.37838	-0.18642	-3.78381
-0.41245	0.88787	0.20389	8.87869
-0.08837	-0.26176	0.96108	-2.61758
0.00000	0.00000	0.00000	1.00000

