Iteration Num of Simuation:0
m_SimulationDeltaT of action plan:0
boidNo = 0
boid Wall No = 1
position = = (-0.7, 9.9, -0.9)
Boid Radius= 10
Boid Frame=
 -0.96444	-0.06738	-0.25557	-0.67376
-0.08777	0.99373	0.06923	9.93732
-0.24930	-0.08920	0.96431	-0.89203
0.00000	0.00000	0.00000	1.00000

boidNo = 1
boid Wall No = 0
position = = (3.0, -8.8, -3.6)
Boid Radius= 10
Boid Frame=
 -0.81231	0.29815	0.50125	2.98153
-0.03642	-0.88370	0.46663	-8.83703
-0.58209	-0.36079	-0.72870	-3.60795
0.00000	0.00000	0.00000	1.00000

boidNo = 2
boid Wall No = 1
position = = (-2.5, 9.4, -2.4)
Boid Radius= 10
Boid Frame=
 -0.95843	-0.24809	0.14091	-2.48094
-0.20250	0.93940	0.27662	9.39402
0.20100	-0.23659	0.95059	-2.36588
0.00000	0.00000	0.00000	1.00000

boidNo = 3
boid Wall No = 1
position = = (-1.5, 9.1, -3.8)
Boid Radius= 10
Boid Frame=
 -0.96487	-0.14545	0.21877	-1.45453
-0.04660	0.91430	0.40235	9.14297
0.25855	-0.37803	0.88896	-3.78027
0.00000	0.00000	0.00000	1.00000

boidNo = 4
boid Wall No = 0
position = = (-5.6, -4.7, -6.8)
Boid Radius= 10
Boid Frame=
 -0.54129	-0.56265	-0.62484	-5.62651
-0.41313	-0.46927	0.78045	-4.69268
0.73234	-0.68060	-0.02156	-6.80597
0.00000	0.00000	0.00000	1.00000

boidNo = 5
boid Wall No = 1
position = = (-5.3, 5.9, 6.1)
Boid Radius= 10
Boid Frame=
 0.43172	-0.52952	0.73022	-5.29522
-0.43452	0.58734	0.68281	5.87337
0.79045	0.61208	-0.02347	6.12080
0.00000	0.00000	0.00000	1.00000

boidNo = 6
boid Wall No = 0
position = = (-8.0, -5.1, -3.3)
Boid Radius= 10
Boid Frame=
 -0.13107	-0.79563	-0.59144	-7.95628
-0.37919	-0.51099	0.77143	-5.10986
0.91599	-0.32538	0.23472	-3.25375
0.00000	0.00000	0.00000	1.00000

boidNo = 7
boid Wall No = 1
position = = (-3.2, 7.8, -5.4)
Boid Radius= 10
Boid Frame=
 -0.94481	-0.31553	0.08820	-3.15534
-0.20460	0.77850	0.59336	7.78496
0.25589	-0.54257	0.80009	-5.42569
0.00000	0.00000	0.00000	1.00000

boidNo = 8
boid Wall No = 1
position = = (0.2, 9.5, 3.1)
Boid Radius= 10
Boid Frame=
 0.99981	0.01912	-0.00385	0.19124
-0.01699	0.95056	0.31008	9.50558
-0.00959	0.30996	-0.95070	3.09957
0.00000	0.00000	0.00000	1.00000

boidNo = 9
boid Wall No = 1
position = = (-0.6, 8.9, 4.5)
Boid Radius= 10
Boid Frame=
 0.93172	-0.06059	0.35808	-0.60588
-0.11217	0.88977	0.44241	8.89770
0.34542	0.45237	-0.82222	4.52370
0.00000	0.00000	0.00000	1.00000

boidNo = 10
boid Wall No = 1
position = = (-2.8, 9.6, 0.2)
Boid Radius= 9.999999
Boid Frame=
 0.20096	-0.28291	0.93786	-2.82906
0.04045	0.95897	0.28061	9.58970
0.97876	0.01845	-0.20416	0.18452
0.00000	0.00000	0.00000	1.00000

boidNo = 11
boid Wall No = 1
position = = (1.2, 4.0, 9.1)
Boid Radius= 10
Boid Frame=
 0.81336	0.11956	0.56934	1.19563
-0.56501	0.39546	0.72414	3.95455
0.13857	0.91067	-0.38920	9.10670
0.00000	0.00000	0.00000	1.00000

boidNo = 12
boid Wall No = 1
position = = (1.9, 9.8, -1.2)
Boid Radius= 9.999999
Boid Frame=
 -0.08157	0.18720	-0.97893	1.87199
-0.10168	0.97551	0.19502	9.75515
-0.99147	-0.11544	0.06054	-1.15445
0.00000	0.00000	0.00000	1.00000

boidNo = 13
boid Wall No = 0
position = = (-0.4, -6.3, 7.7)
Boid Radius= 10
Boid Frame=
 0.95337	-0.03569	0.29968	-0.35694
-0.25365	-0.63283	0.73156	-6.32829
-0.16354	0.77347	0.61237	7.73468
0.00000	0.00000	0.00000	1.00000

boidNo = 14
boid Wall No = 0
position = = (-9.2, -0.1, -3.9)
Boid Radius= 10
Boid Frame=
 -0.26597	-0.92022	-0.28716	-9.20217
-0.72176	-0.00737	0.69210	-0.07371
0.63900	-0.39134	0.66222	-3.91340
0.00000	0.00000	0.00000	1.00000

boidNo = 15
boid Wall No = 0
position = = (-1.0, -9.5, 2.9)
Boid Radius= 10
Boid Frame=
 0.96102	-0.09799	-0.25852	-0.97992
-0.01494	-0.95212	0.30535	-9.52121
0.27606	0.28959	0.91648	2.89590
0.00000	0.00000	0.00000	1.00000

boidNo = 16
boid Wall No = 1
position = = (2.2, 7.3, 6.5)
Boid Radius= 10
Boid Frame=
 0.89206	0.21645	0.39672	2.16453
-0.41882	0.72574	0.54580	7.25737
0.16977	0.65303	-0.73805	6.53034
0.00000	0.00000	0.00000	1.00000

boidNo = 17
boid Wall No = 1
position = = (-9.4, 0.7, -3.4)
Boid Radius= 9.999999
Boid Frame=
 -0.29090	-0.93900	-0.18347	-9.38997
-0.68231	0.06918	0.72778	0.69178
0.67070	-0.33690	0.66081	-3.36896
0.00000	0.00000	0.00000	1.00000

boidNo = 18
boid Wall No = 0
position = = (-0.4, -6.8, -7.3)
Boid Radius= 10
Boid Frame=
 -0.92144	-0.04461	-0.38595	-0.44610
-0.25561	-0.67850	0.68869	-6.78500
0.29259	-0.73324	-0.61379	-7.33245
0.00000	0.00000	0.00000	1.00000

boidNo = 19
boid Wall No = 1
position = = (1.5, 5.9, -7.9)
Boid Radius= 10
Boid Frame=
 -0.73936	0.15107	-0.65615	1.51070
-0.46555	0.58932	0.66027	5.89322
-0.48643	-0.79365	0.36539	-7.93649
0.00000	0.00000	0.00000	1.00000

