Iteration Num of Simuation:0
m_SimulationDeltaT of action plan:0
boidNo = 0
boid Wall No = 0
position = = (-3.8, -8.7, 3.1)
Boid Radius= 10
Boid Frame=
 0.61775	-0.38131	-0.68774	-3.81311
0.00497	-0.87266	0.48830	-8.72660
0.78636	0.30507	0.53719	3.05069
0.00000	0.00000	0.00000	1.00000

boidNo = 1
boid Wall No = 1
position = = (1.5, 8.7, 4.7)
Boid Radius= 10
Boid Frame=
 0.71477	0.15455	0.68207	1.54547
-0.42859	0.86748	0.25258	8.67477
0.55264	0.47286	-0.68629	4.72863
0.00000	0.00000	0.00000	1.00000

boidNo = 2
boid Wall No = 0
position = = (6.5, -7.6, 0.2)
Boid Radius= 10
Boid Frame=
 -0.07619	0.65119	0.75508	6.51191
-0.08759	-0.75872	0.64550	-7.58724
-0.99324	0.01696	-0.11485	0.16955
0.00000	0.00000	0.00000	1.00000

boidNo = 3
boid Wall No = 0
position = = (4.2, -8.4, 3.3)
Boid Radius= 10
Boid Frame=
 0.69982	0.41802	0.57924	4.18015
0.06444	-0.84453	0.53161	-8.44532
-0.71141	0.33471	0.61795	3.34708
0.00000	0.00000	0.00000	1.00000

boidNo = 4
boid Wall No = 0
position = = (-6.2, -7.6, 1.9)
Boid Radius= 9.999999
Boid Frame=
 0.37978	-0.62030	-0.68629	-6.20300
-0.07671	-0.76044	0.64487	-7.60436
0.92189	0.19226	0.33638	1.92264
0.00000	0.00000	0.00000	1.00000

boidNo = 5
boid Wall No = 1
position = = (-8.3, 1.8, -5.2)
Boid Radius= 10
Boid Frame=
 -0.50656	-0.83468	-0.21612	-8.34682
-0.61799	0.17670	0.76607	1.76697
0.60124	-0.52162	0.60534	-5.21617
0.00000	0.00000	0.00000	1.00000

boidNo = 6
boid Wall No = 1
position = = (1.2, 9.7, 1.9)
Boid Radius= 10
Boid Frame=
 0.99289	0.11537	-0.02916	1.15369
-0.10756	0.97491	0.19491	9.74906
-0.05091	0.19039	-0.98039	1.90392
0.00000	0.00000	0.00000	1.00000

boidNo = 7
boid Wall No = 1
position = = (-7.8, 0.3, -6.2)
Boid Radius= 10
Boid Frame=
 -0.43239	-0.78107	-0.45052	-7.81073
-0.74538	0.02846	0.66604	0.28462
0.50740	-0.62379	0.59450	-6.23791
0.00000	0.00000	0.00000	1.00000

boidNo = 8
boid Wall No = 1
position = = (6.6, 7.5, 0.8)
Boid Radius= 10
Boid Frame=
 0.62096	0.65778	-0.42631	6.57778
-0.47813	0.74883	0.45896	7.48826
-0.62113	0.08117	-0.77949	0.81165
0.00000	0.00000	0.00000	1.00000

boidNo = 9
boid Wall No = 0
position = = (6.5, -5.0, -5.8)
Boid Radius= 10
Boid Frame=
 -0.76301	0.64614	0.01761	6.46144
-0.40162	-0.49526	0.77034	-4.95261
-0.50647	-0.58070	-0.63740	-5.80702
0.00000	0.00000	0.00000	1.00000

boidNo = 10
boid Wall No = 1
position = = (-8.2, 0.4, -5.7)
Boid Radius= 10
Boid Frame=
 -0.39906	-0.81744	-0.41538	-8.17443
-0.76179	0.04345	0.64636	0.43445
0.51032	-0.57437	0.64006	-5.74368
0.00000	0.00000	0.00000	1.00000

boidNo = 11
boid Wall No = 0
position = = (8.0, -5.7, 1.9)
Boid Radius= 10
Boid Frame=
 -0.05754	0.80325	0.59286	8.03245
-0.38386	-0.56600	0.72959	-5.65996
-0.92160	0.18559	-0.34090	1.85594
0.00000	0.00000	0.00000	1.00000

boidNo = 12
boid Wall No = 1
position = = (1.0, 9.6, 2.7)
Boid Radius= 10
Boid Frame=
 0.81231	0.09505	0.57543	0.95045
-0.22953	0.95911	0.16561	9.59108
0.53616	0.26660	-0.80091	2.66604
0.00000	0.00000	0.00000	1.00000

boidNo = 13
boid Wall No = 1
position = = (-0.4, 9.9, 1.2)
Boid Radius= 10
Boid Frame=
 0.51233	-0.04261	0.85773	-0.42608
-0.08463	0.99140	0.09980	9.91401
0.85461	0.12373	-0.50432	1.23725
0.00000	0.00000	0.00000	1.00000

boidNo = 14
boid Wall No = 0
position = = (2.6, -9.0, -3.6)
Boid Radius= 10
Boid Frame=
 -0.72493	0.25886	0.63833	2.58863
0.06485	-0.89693	0.43738	-8.96934
-0.68577	-0.35847	-0.63342	-3.58470
0.00000	0.00000	0.00000	1.00000

boidNo = 15
boid Wall No = 0
position = = (-2.9, -6.7, -6.9)
Boid Radius= 10
Boid Frame=
 0.15743	-0.28865	-0.94440	-2.88652
-0.74029	-0.66743	0.08060	-6.67434
0.65359	-0.68645	0.31876	-6.86449
0.00000	0.00000	0.00000	1.00000

boidNo = 16
boid Wall No = 1
position = = (-0.2, 9.2, -3.9)
Boid Radius= 10
Boid Frame=
 -0.96168	-0.01860	-0.27356	-0.18600
-0.12309	0.92079	0.37013	9.20791
-0.24500	-0.38961	0.88779	-3.89614
0.00000	0.00000	0.00000	1.00000

boidNo = 17
boid Wall No = 1
position = = (-6.1, 3.0, -7.4)
Boid Radius= 10
Boid Frame=
 -0.70826	-0.60722	-0.36009	-6.07215
-0.62341	0.29861	0.72263	2.98610
0.33127	-0.73629	0.59003	-7.36290
0.00000	0.00000	0.00000	1.00000

boidNo = 18
boid Wall No = 1
position = = (0.9, 8.8, -4.7)
Boid Radius= 10
Boid Frame=
 -0.92094	0.08977	-0.37923	0.89766
-0.10556	0.87928	0.46447	8.79275
-0.37514	-0.46778	0.80028	-4.67779
0.00000	0.00000	0.00000	1.00000

boidNo = 19
boid Wall No = 0
position = = (6.7, -3.3, -6.7)
Boid Radius= 10
Boid Frame=
 -0.69922	0.66706	-0.25713	6.67061
-0.58800	-0.33204	0.73757	-3.32041
-0.40662	-0.66692	-0.62440	-6.66917
0.00000	0.00000	0.00000	1.00000

