Iteration Num of Simuation:0
m_SimulationDeltaT of action plan:0
boidNo = 0
boid Wall No = 1
position = = (0.0, 7.2, 7.0)
Boid Radius= 10
Boid Frame=
 0.84503	0.00267	0.53471	0.02673
-0.37402	0.71762	0.58748	7.17618
0.38215	0.69643	-0.60741	6.96432
0.00000	0.00000	0.00000	1.00000

boidNo = 1
boid Wall No = 1
position = = (6.9, 5.1, 5.1)
Boid Radius= 10
Boid Frame=
 0.69080	0.69342	0.20486	6.93420
-0.67317	0.51338	0.53223	5.13384
-0.26389	0.50557	-0.82144	5.05575
0.00000	0.00000	0.00000	1.00000

boidNo = 2
boid Wall No = 0
position = = (6.9, -3.3, -6.5)
Boid Radius= 10
Boid Frame=
 -0.51443	0.68865	-0.51100	6.88654
-0.85008	-0.33116	0.40950	-3.31158
-0.11278	-0.64505	-0.75577	-6.45050
0.00000	0.00000	0.00000	1.00000

boidNo = 3
boid Wall No = 1
position = = (0.1, 7.6, 6.5)
Boid Radius= 9.999999
Boid Frame=
 0.89260	0.00944	0.45075	0.09435
-0.30130	0.75623	0.58081	7.56228
0.33539	0.65424	-0.67785	6.54241
0.00000	0.00000	0.00000	1.00000

boidNo = 4
boid Wall No = 1
position = = (4.5, 7.2, -5.3)
Boid Radius= 10
Boid Frame=
 -0.32833	0.44830	-0.83140	4.48297
-0.42316	0.71712	0.55378	7.17121
-0.84448	-0.53364	0.04575	-5.33636
0.00000	0.00000	0.00000	1.00000

boidNo = 5
boid Wall No = 1
position = = (3.0, 9.1, -2.9)
Boid Radius= 10
Boid Frame=
 0.34923	0.30071	-0.88748	3.00706
-0.38657	0.90899	0.15588	9.08991
-0.85358	-0.28864	-0.43369	-2.88637
0.00000	0.00000	0.00000	1.00000

boidNo = 6
boid Wall No = 0
position = = (-0.6, -10.0, -0.7)
Boid Radius= 10
Boid Frame=
 -0.57944	-0.06440	-0.81247	-0.64396
-0.01688	-0.99571	0.09096	-9.95712
0.81484	-0.06641	-0.57587	-0.66415
0.00000	0.00000	0.00000	1.00000

boidNo = 7
boid Wall No = 1
position = = (4.4, 6.6, 6.1)
Boid Radius= 10
Boid Frame=
 0.89064	0.43600	0.12912	4.35998
-0.41336	0.65799	0.62943	6.57985
-0.18947	0.61397	-0.76625	6.13971
0.00000	0.00000	0.00000	1.00000

boidNo = 8
boid Wall No = 1
position = = (2.2, 7.6, -6.1)
Boid Radius= 10
Boid Frame=
 -0.77431	0.21891	-0.59373	2.18910
-0.24253	0.76395	0.59797	7.63948
-0.58448	-0.60701	0.53844	-6.07011
0.00000	0.00000	0.00000	1.00000

boidNo = 9
boid Wall No = 0
position = = (-4.9, -2.5, 8.4)
Boid Radius= 10
Boid Frame=
 0.76879	-0.48695	0.41454	-4.86952
-0.57582	-0.24511	0.77997	-2.45112
0.27820	0.83833	0.46884	8.38330
0.00000	0.00000	0.00000	1.00000

boidNo = 10
boid Wall No = 0
position = = (1.7, -9.1, 3.6)
Boid Radius= 10
Boid Frame=
 0.92661	0.17473	0.33296	1.74733
0.02775	-0.91484	0.40287	-9.14838
-0.37500	0.36406	0.85255	3.64061
0.00000	0.00000	0.00000	1.00000

boidNo = 11
boid Wall No = 1
position = = (-5.9, 8.1, 0.6)
Boid Radius= 10
Boid Frame=
 -0.30298	-0.58597	0.75156	-5.85975
-0.28821	0.80804	0.51382	8.08036
0.90837	0.06093	0.41370	0.60928
0.00000	0.00000	0.00000	1.00000

boidNo = 12
boid Wall No = 0
position = = (-5.6, -8.3, 0.1)
Boid Radius= 10
Boid Frame=
 0.17985	-0.56117	-0.80793	-5.61165
-0.10486	-0.82758	0.55147	-8.27577
0.97809	0.01446	0.20769	0.14461
0.00000	0.00000	0.00000	1.00000

boidNo = 13
boid Wall No = 0
position = = (-2.4, -6.4, -7.3)
Boid Radius= 10
Boid Frame=
 -0.60024	-0.23582	-0.76426	-2.35821
-0.49897	-0.63639	0.58825	-6.36386
0.62509	-0.73444	-0.26432	-7.34439
0.00000	0.00000	0.00000	1.00000

boidNo = 14
boid Wall No = 0
position = = (-7.9, -2.8, -5.4)
Boid Radius= 10
Boid Frame=
 -0.30547	-0.79084	-0.53035	-7.90835
-0.58424	-0.28414	0.76022	-2.84141
0.75190	-0.54207	0.37524	-5.42074
0.00000	0.00000	0.00000	1.00000

boidNo = 15
boid Wall No = 1
position = = (7.8, 1.0, 6.2)
Boid Radius= 10
Boid Frame=
 0.38765	0.77783	0.49468	7.77830
-0.85606	0.10473	0.50616	1.04734
-0.34190	0.61969	-0.70647	6.19687
0.00000	0.00000	0.00000	1.00000

boidNo = 16
boid Wall No = 0
position = = (3.1, -5.6, 7.7)
Boid Radius= 10
Boid Frame=
 -0.03570	0.30899	0.95039	3.08991
-0.81407	-0.56061	0.15168	-5.60611
-0.57967	0.76827	-0.27156	7.68271
0.00000	0.00000	0.00000	1.00000

boidNo = 17
boid Wall No = 1
position = = (4.6, 8.4, -2.8)
Boid Radius= 10
Boid Frame=
 -0.11951	0.46230	-0.87863	4.62299
-0.25113	0.84212	0.47725	8.42121
-0.96055	-0.27769	-0.01546	-2.77690
0.00000	0.00000	0.00000	1.00000

boidNo = 18
boid Wall No = 0
position = = (-0.2, -6.6, 7.5)
Boid Radius= 10
Boid Frame=
 0.40559	-0.02090	0.91382	-0.20896
-0.69492	-0.65650	0.29342	-6.56500
-0.59379	0.75404	0.28079	7.54037
0.00000	0.00000	0.00000	1.00000

boidNo = 19
boid Wall No = 0
position = = (3.0, -5.1, -8.1)
Boid Radius= 9.999999
Boid Frame=
 -0.10470	0.29946	-0.94835	2.99465
-0.85696	-0.51104	-0.06677	-5.11041
0.50464	-0.80570	-0.31013	-8.05703
0.00000	0.00000	0.00000	1.00000

