Iteration Num of Simuation:0
m_SimulationDeltaT of action plan:0
boidNo = 0
boid Wall No = 1
position = = (-4.0, 8.2, 4.0)
Boid Radius= 10
Boid Frame=
 0.51942	-0.39736	0.75651	-3.97355
-0.16137	0.82376	0.54348	8.23765
0.83914	0.40438	-0.36376	4.04377
0.00000	0.00000	0.00000	1.00000

boidNo = 1
boid Wall No = 1
position = = (-1.1, 9.7, -2.4)
Boid Radius= 10
Boid Frame=
 -0.92926	-0.11090	-0.35239	-1.10899
-0.18510	0.96528	0.18434	9.65275
-0.31971	-0.23653	0.91752	-2.36528
0.00000	0.00000	0.00000	1.00000

boidNo = 2
boid Wall No = 0
position = = (4.3, -1.6, 8.9)
Boid Radius= 10
Boid Frame=
 0.70775	0.43262	0.55851	4.32619
-0.54963	-0.15949	0.82004	-1.59494
-0.44384	0.88736	-0.12490	8.87357
0.00000	0.00000	0.00000	1.00000

boidNo = 3
boid Wall No = 1
position = = (0.7, 9.1, 4.1)
Boid Radius= 10
Boid Frame=
 0.99420	0.07091	-0.08082	0.70913
-0.03165	0.91137	0.41036	9.11375
-0.10275	0.40542	-0.90834	4.05422
0.00000	0.00000	0.00000	1.00000

boidNo = 4
boid Wall No = 1
position = = (-5.1, 7.9, -3.3)
Boid Radius= 10
Boid Frame=
 -0.78618	-0.51383	0.34337	-5.13832
-0.28277	0.79313	0.53943	7.93127
0.54951	-0.32700	0.76884	-3.26996
0.00000	0.00000	0.00000	1.00000

boidNo = 5
boid Wall No = 1
position = = (-9.3, 3.5, -0.9)
Boid Radius= 10
Boid Frame=
 -0.34555	-0.93265	0.10371	-9.32651
-0.79656	0.34995	0.49297	3.49948
0.49607	-0.08774	0.86384	-0.87739
0.00000	0.00000	0.00000	1.00000

boidNo = 6
boid Wall No = 0
position = = (-4.7, -8.6, 2.0)
Boid Radius= 10
Boid Frame=
 0.16005	-0.46627	-0.87005	-4.66266
0.14313	-0.86113	0.48782	-8.61133
0.97668	0.20260	0.07109	2.02600
0.00000	0.00000	0.00000	1.00000

boidNo = 7
boid Wall No = 1
position = = (-2.0, 9.7, -0.9)
Boid Radius= 10
Boid Frame=
 -0.40454	-0.20376	0.89153	-2.03758
0.00407	0.97445	0.22456	9.74453
0.91451	-0.09447	0.39338	-0.94468
0.00000	0.00000	0.00000	1.00000

boidNo = 8
boid Wall No = 0
position = = (4.0, -6.7, 6.2)
Boid Radius= 10
Boid Frame=
 0.47036	0.40346	0.78485	4.03457
-0.42690	-0.67435	0.60250	-6.74352
-0.77234	0.61844	0.14495	6.18443
0.00000	0.00000	0.00000	1.00000

boidNo = 9
boid Wall No = 1
position = = (5.4, 2.0, -8.1)
Boid Radius= 10
Boid Frame=
 -0.49668	0.54314	-0.67698	5.43135
-0.70521	0.20214	0.67957	2.02139
-0.50594	-0.81495	-0.28263	-8.14950
0.00000	0.00000	0.00000	1.00000

boidNo = 10
boid Wall No = 1
position = = (-1.4, 3.6, 9.2)
Boid Radius= 10
Boid Frame=
 0.75648	-0.14083	0.63867	-1.40831
-0.56280	0.35728	0.74539	3.57277
0.33316	0.92332	-0.19101	9.23320
0.00000	0.00000	0.00000	1.00000

boidNo = 11
boid Wall No = 0
position = = (-9.8, -0.8, -1.7)
Boid Radius= 10
Boid Frame=
 -0.06043	-0.98131	-0.18269	-9.81311
-0.72639	-0.08230	0.68233	-0.82300
0.68462	-0.17394	0.70785	-1.73939
0.00000	0.00000	0.00000	1.00000

boidNo = 12
boid Wall No = 0
position = = (1.6, -9.8, -1.3)
Boid Radius= 10
Boid Frame=
 -0.71808	0.15502	0.67848	1.55018
-0.02012	-0.97909	0.20241	-9.79094
-0.69567	-0.13170	-0.70618	-1.31698
0.00000	0.00000	0.00000	1.00000

boidNo = 13
boid Wall No = 1
position = = (7.7, 3.8, -5.0)
Boid Radius= 10
Boid Frame=
 -0.16737	0.77421	-0.61039	7.74215
-0.64523	0.38210	0.66157	3.82102
-0.74543	-0.50457	-0.43560	-5.04569
0.00000	0.00000	0.00000	1.00000

boidNo = 14
boid Wall No = 1
position = = (-6.7, 7.1, 2.4)
Boid Radius= 10
Boid Frame=
 0.00878	-0.66610	0.74581	-6.66096
-0.31331	0.70645	0.63463	7.06455
0.94961	0.23924	0.20249	2.39245
0.00000	0.00000	0.00000	1.00000

boidNo = 15
boid Wall No = 1
position = = (-1.3, 9.6, 2.3)
Boid Radius= 10
Boid Frame=
 0.11504	-0.13268	0.98446	-1.32679
-0.21974	0.96309	0.15548	9.63089
0.96875	0.23421	-0.08164	2.34214
0.00000	0.00000	0.00000	1.00000

boidNo = 16
boid Wall No = 0
position = = (1.6, -9.6, -2.4)
Boid Radius= 10
Boid Frame=
 -0.60669	0.16322	0.77800	1.63221
0.09507	-0.95677	0.27486	-9.56771
-0.78923	-0.24073	-0.56494	-2.40725
0.00000	0.00000	0.00000	1.00000

boidNo = 17
boid Wall No = 0
position = = (-5.7, -7.4, -3.4)
Boid Radius= 10
Boid Frame=
 -0.39464	-0.57320	-0.71813	-5.73196
-0.11793	-0.74350	0.65826	-7.43498
0.91123	-0.34447	-0.22582	-3.44468
0.00000	0.00000	0.00000	1.00000

boidNo = 18
boid Wall No = 1
position = = (-6.2, 3.9, 6.8)
Boid Radius= 10
Boid Frame=
 0.39798	-0.61938	0.67674	-6.19380
-0.58929	0.39276	0.70602	3.92763
0.70310	0.67978	0.20869	6.79784
0.00000	0.00000	0.00000	1.00000

boidNo = 19
boid Wall No = 1
position = = (4.5, 5.7, -6.8)
Boid Radius= 10
Boid Frame=
 -0.40455	0.45287	-0.79451	4.52867
-0.54907	0.57449	0.60703	5.74493
-0.73135	-0.68181	-0.01624	-6.81813
0.00000	0.00000	0.00000	1.00000

