Iteration Num of Simuation:0
m_SimulationDeltaT of action plan:0
boidNo = 0
boid Wall No = 1
position = = (0.6, 9.5, 3.0)
Boid Radius= 10
Boid Frame=
 0.68857	0.05505	0.72308	0.55053
-0.25515	0.95175	0.17051	9.51748
0.67880	0.30190	-0.66939	3.01903
0.00000	0.00000	0.00000	1.00000

boidNo = 1
boid Wall No = 1
position = = (4.3, 9.1, 0.1)
Boid Radius= 10
Boid Frame=
 0.70023	0.42505	-0.57359	4.25047
-0.32505	0.90516	0.27392	9.05156
-0.63562	0.00536	-0.77198	0.05361
0.00000	0.00000	0.00000	1.00000

boidNo = 2
boid Wall No = 1
position = = (-2.9, 9.6, 0.5)
Boid Radius= 10
Boid Frame=
 0.34004	-0.28972	0.89467	-2.89716
0.05394	0.95581	0.28901	9.55805
0.93886	0.05001	-0.34064	0.50012
0.00000	0.00000	0.00000	1.00000

boidNo = 3
boid Wall No = 1
position = = (-4.9, 7.5, -4.4)
Boid Radius= 9.999999
Boid Frame=
 -0.85637	-0.48596	0.17458	-4.85957
-0.30969	0.75391	0.57941	7.53905
0.41318	-0.44212	0.79612	-4.42124
0.00000	0.00000	0.00000	1.00000

boidNo = 4
boid Wall No = 1
position = = (-8.1, 5.3, 2.3)
Boid Radius= 10
Boid Frame=
 -0.05689	-0.81458	0.57726	-8.14578
-0.46874	0.53230	0.70494	5.32300
0.88150	0.23048	0.41210	2.30476
0.00000	0.00000	0.00000	1.00000

boidNo = 5
boid Wall No = 1
position = = (2.9, 0.6, 9.6)
Boid Radius= 10
Boid Frame=
 0.74309	0.28699	0.60453	2.86988
-0.64385	0.06037	0.76277	0.60368
-0.18241	0.95603	-0.22964	9.56030
0.00000	0.00000	0.00000	1.00000

boidNo = 6
boid Wall No = 1
position = = (0.1, 9.9, -1.2)
Boid Radius= 9.999999
Boid Frame=
 -0.99031	0.00647	-0.13871	0.06469
-0.00970	0.99325	0.11556	9.93253
-0.13852	-0.11579	0.98357	-1.15785
0.00000	0.00000	0.00000	1.00000

boidNo = 7
boid Wall No = 0
position = = (2.1, -8.4, -5.1)
Boid Radius= 10
Boid Frame=
 -0.95473	0.20596	-0.21464	2.05961
-0.28574	-0.83561	0.46916	-8.35610
0.08273	-0.50925	-0.85663	-5.09250
0.00000	0.00000	0.00000	1.00000

boidNo = 8
boid Wall No = 0
position = = (-2.0, -5.1, -8.4)
Boid Radius= 10
Boid Frame=
 -0.79626	-0.20199	-0.57023	-2.01991
-0.41110	-0.51084	0.75501	-5.10838
0.44380	-0.83561	-0.32372	-8.35611
0.00000	0.00000	0.00000	1.00000

boidNo = 9
boid Wall No = 0
position = = (-7.3, -2.2, 6.4)
Boid Radius= 10
Boid Frame=
 0.64542	-0.73164	0.21940	-7.31636
-0.53089	-0.22317	0.81753	-2.23170
0.54917	0.64413	0.53246	6.44130
0.00000	0.00000	0.00000	1.00000

boidNo = 10
boid Wall No = 1
position = = (8.5, 5.2, 0.4)
Boid Radius= 10
Boid Frame=
 0.47247	0.85468	-0.21517	8.54678
-0.74688	0.51788	0.41708	5.17885
-0.46790	0.03636	-0.88303	0.36356
0.00000	0.00000	0.00000	1.00000

boidNo = 11
boid Wall No = 0
position = = (2.5, -8.1, -5.3)
Boid Radius= 10
Boid Frame=
 -0.94382	0.25435	0.21097	2.54350
-0.08705	-0.80723	0.58378	-8.07233
-0.31879	-0.53262	-0.78402	-5.32618
0.00000	0.00000	0.00000	1.00000

boidNo = 12
boid Wall No = 0
position = = (-8.6, -5.1, 0.6)
Boid Radius= 10
Boid Frame=
 0.41265	-0.85690	-0.30895	-8.56897
-0.60573	-0.51145	0.60952	-5.11453
0.68030	0.06438	0.73010	0.64378
0.00000	0.00000	0.00000	1.00000

boidNo = 13
boid Wall No = 1
position = = (-9.6, 1.1, 2.5)
Boid Radius= 10
Boid Frame=
 0.04950	-0.96263	0.26626	-9.62630
-0.83274	0.10741	0.54314	1.07413
0.55145	0.24861	0.79631	2.48609
0.00000	0.00000	0.00000	1.00000

boidNo = 14
boid Wall No = 0
position = = (-7.4, -0.7, -6.7)
Boid Radius= 10
Boid Frame=
 -0.33367	-0.73932	-0.58486	-7.39323
-0.82597	-0.06974	0.55938	-0.69736
0.45435	-0.66973	0.58739	-6.69731
0.00000	0.00000	0.00000	1.00000

boidNo = 15
boid Wall No = 1
position = = (-2.6, 9.4, 2.4)
Boid Radius= 9.999999
Boid Frame=
 -0.02842	-0.25607	0.96624	-2.56066
-0.25677	0.93607	0.24052	9.36067
0.96605	0.24127	0.09235	2.41267
0.00000	0.00000	0.00000	1.00000

boidNo = 16
boid Wall No = 0
position = = (-0.3, -9.9, -1.5)
Boid Radius= 10
Boid Frame=
 -0.92172	-0.03158	-0.38658	-0.31577
-0.02828	-0.98856	0.14817	-9.88558
0.38683	-0.14750	-0.91028	-1.47502
0.00000	0.00000	0.00000	1.00000

boidNo = 17
boid Wall No = 0
position = = (0.6, -8.5, -5.2)
Boid Radius= 10
Boid Frame=
 -0.96419	0.05891	0.25857	0.58911
0.08530	-0.85431	0.51271	-8.54314
-0.25111	-0.51641	-0.81870	-5.16408
0.00000	0.00000	0.00000	1.00000

boidNo = 18
boid Wall No = 1
position = = (-0.1, 7.6, 6.5)
Boid Radius= 10
Boid Frame=
 0.93353	-0.00540	0.35845	-0.05401
-0.22981	0.75839	0.60994	7.58390
0.27514	0.65178	-0.70674	6.51779
0.00000	0.00000	0.00000	1.00000

boidNo = 19
boid Wall No = 1
position = = (-2.3, 9.7, -0.3)
Boid Radius= 10
Boid Frame=
 -0.87160	-0.23497	0.43023	-2.34969
-0.19779	0.97160	0.12993	9.71595
0.44854	-0.02815	0.89332	-0.28147
0.00000	0.00000	0.00000	1.00000

