Iteration Num of Simuation:0
m_SimulationDeltaT of action plan:0
boidNo = 0
boid Wall No = 1
position = = (1.6, 11.7, -2.4)
Boid Radius= 12
Boid Frame=
 -0.95179	0.13125	-0.27724	1.57497
0.06782	0.97151	0.22708	11.65813
-0.29914	-0.19734	0.93358	-2.36803
0.00000	0.00000	0.00000	1.00000

boidNo = 1
boid Wall No = 0
position = = (7.9, -8.1, 4.0)
Boid Radius= 12
Boid Frame=
 0.25595	0.66006	0.70627	7.92071
-0.21602	-0.67307	0.70732	-8.07689
-0.94225	0.33361	0.02968	4.00327
0.00000	0.00000	0.00000	1.00000

boidNo = 2
boid Wall No = 0
position = = (6.1, -6.6, -7.9)
Boid Radius= 12
Boid Frame=
 -0.80451	0.50592	-0.31114	6.07106
-0.57943	-0.55347	0.59828	-6.64161
-0.13048	-0.66160	-0.73842	-7.93922
0.00000	0.00000	0.00000	1.00000

boidNo = 3
boid Wall No = 1
position = = (5.2, 8.9, 6.2)
Boid Radius= 12
Boid Frame=
 0.89478	0.43144	-0.11504	5.17726
-0.27709	0.73855	0.61463	8.86260
-0.35013	0.51808	-0.78039	6.21693
0.00000	0.00000	0.00000	1.00000

boidNo = 4
boid Wall No = 1
position = = (-6.9, 9.5, -2.4)
Boid Radius= 12
Boid Frame=
 -0.54567	-0.57530	0.60932	-6.90363
-0.18851	0.79275	0.57967	9.51296
0.81652	-0.20144	0.54103	-2.41732
0.00000	0.00000	0.00000	1.00000

boidNo = 5
boid Wall No = 1
position = = (-5.4, 3.8, 10.0)
Boid Radius= 12
Boid Frame=
 0.44433	-0.44773	0.77596	-5.37276
-0.73052	0.32028	0.60312	3.84338
0.51856	0.83484	0.18477	10.01808
0.00000	0.00000	0.00000	1.00000

boidNo = 6
boid Wall No = 1
position = = (5.6, 10.6, 0.2)
Boid Radius= 12
Boid Frame=
 0.21739	0.46423	-0.85862	5.57075
-0.09203	0.88549	0.45546	10.62587
-0.97174	0.01999	-0.23522	0.23994
0.00000	0.00000	0.00000	1.00000

boidNo = 7
boid Wall No = 1
position = = (-2.8, 11.7, -0.3)
Boid Radius= 12
Boid Frame=
 -0.29244	-0.23079	0.92801	-2.76953
-0.04727	0.97274	0.22702	11.67290
0.95511	-0.02252	0.29538	-0.27028
0.00000	0.00000	0.00000	1.00000

boidNo = 8
boid Wall No = 0
position = = (6.6, -8.1, 5.9)
Boid Radius= 12
Boid Frame=
 0.50330	0.54951	0.66688	6.59407
-0.20593	-0.67325	0.71017	-8.07894
-0.83921	0.49476	0.22569	5.93708
0.00000	0.00000	0.00000	1.00000

boidNo = 9
boid Wall No = 0
position = = (9.0, -6.8, 3.9)
Boid Radius= 12
Boid Frame=
 -0.15817	0.75313	0.63858	9.03754
-0.64244	-0.56961	0.51266	-6.83530
-0.74984	0.32916	-0.57393	3.94989
0.00000	0.00000	0.00000	1.00000

boidNo = 10
boid Wall No = 1
position = = (8.0, 5.0, -7.4)
Boid Radius= 12
Boid Frame=
 -0.21074	0.66515	-0.71636	7.98177
-0.69308	0.41512	0.58934	4.98145
-0.68937	-0.62069	-0.37351	-7.44825
0.00000	0.00000	0.00000	1.00000

boidNo = 11
boid Wall No = 0
position = = (-6.0, -9.8, 3.6)
Boid Radius= 12
Boid Frame=
 0.49179	-0.49645	-0.71532	-5.95745
0.01810	-0.81552	0.57845	-9.78625
0.87053	0.29742	0.39208	3.56906
0.00000	0.00000	0.00000	1.00000

boidNo = 12
boid Wall No = 0
position = = (1.7, -6.3, 10.1)
Boid Radius= 12
Boid Frame=
 0.56720	0.14196	0.81125	1.70355
-0.65178	-0.52478	0.54753	-6.29734
-0.50346	0.83932	0.20513	10.07182
0.00000	0.00000	0.00000	1.00000

boidNo = 13
boid Wall No = 0
position = = (-4.8, -10.2, -4.2)
Boid Radius= 12
Boid Frame=
 -0.77065	-0.39670	-0.49872	-4.76042
0.09976	-0.84806	0.52042	-10.17675
0.62940	-0.35131	-0.69314	-4.21570
0.00000	0.00000	0.00000	1.00000

boidNo = 14
boid Wall No = 0
position = = (-0.9, -12.0, 0.3)
Boid Radius= 12
Boid Frame=
 0.24507	-0.07337	-0.96672	-0.88041
0.00302	-0.99707	0.07644	-11.96484
0.96950	0.02165	0.24413	0.25978
0.00000	0.00000	0.00000	1.00000

boidNo = 15
boid Wall No = 0
position = = (11.1, -4.0, -2.3)
Boid Radius= 12
Boid Frame=
 -0.32748	0.92394	-0.19770	11.08731
-0.94329	-0.33173	0.01218	-3.98080
0.05433	-0.19048	-0.98019	-2.28577
0.00000	0.00000	0.00000	1.00000

boidNo = 16
boid Wall No = 1
position = = (-11.0, 0.8, 4.8)
Boid Radius= 12
Boid Frame=
 0.21298	-0.91323	0.34735	-10.95874
-0.76878	0.06277	0.63643	0.75329
0.60301	0.40258	0.68870	4.83101
0.00000	0.00000	0.00000	1.00000

boidNo = 17
boid Wall No = 0
position = = (-4.8, -11.0, -0.6)
Boid Radius= 12
Boid Frame=
 -0.48186	-0.40150	-0.77885	-4.81795
0.16127	-0.91430	0.37154	-10.97162
0.86128	-0.05343	-0.50531	-0.64111
0.00000	0.00000	0.00000	1.00000

boidNo = 18
boid Wall No = 0
position = = (-0.3, -4.3, -11.2)
Boid Radius= 12
Boid Frame=
 -0.82012	-0.02423	-0.57167	-0.29077
-0.52630	-0.36008	0.77029	-4.32098
0.22451	-0.93261	-0.28256	-11.19127
0.00000	0.00000	0.00000	1.00000

boidNo = 19
boid Wall No = 0
position = = (9.0, -7.9, 1.0)
Boid Radius= 12
Boid Frame=
 -0.09462	0.75019	0.65442	9.00230
-0.22841	-0.65619	0.71920	-7.87425
-0.96896	0.08143	-0.23344	0.97715
0.00000	0.00000	0.00000	1.00000

boidNo = 20
boid Wall No = 0
position = = (8.2, -4.9, -7.3)
Boid Radius= 12
Boid Frame=
 -0.72874	0.68154	-0.06670	8.17844
-0.45167	-0.40516	0.79488	-4.86197
-0.51472	-0.60939	-0.60309	-7.31262
0.00000	0.00000	0.00000	1.00000

boidNo = 21
boid Wall No = 1
position = = (5.2, 9.0, -5.9)
Boid Radius= 12
Boid Frame=
 0.00550	0.43633	-0.89977	5.23601
-0.55233	0.75140	0.36101	9.01680
-0.83361	-0.49498	-0.24513	-5.93982
0.00000	0.00000	0.00000	1.00000

boidNo = 22
boid Wall No = 0
position = = (-11.7, -0.1, -2.7)
Boid Radius= 12
Boid Frame=
 -0.14852	-0.97456	-0.16786	-11.69471
-0.72825	-0.00705	0.68528	-0.08461
0.66903	-0.22402	0.70867	-2.68824
0.00000	0.00000	0.00000	1.00000

boidNo = 23
boid Wall No = 0
position = = (-9.2, -1.8, 7.5)
Boid Radius= 12
Boid Frame=
 0.56806	-0.76310	0.30821	-9.15717
-0.61894	-0.14929	0.77112	-1.79152
0.54242	0.62880	0.55712	7.54564
0.00000	0.00000	0.00000	1.00000

boidNo = 24
boid Wall No = 0
position = = (-10.4, -5.9, 0.5)
Boid Radius= 12
Boid Frame=
 0.26182	-0.86828	-0.42135	-10.41938
-0.38667	-0.49438	0.77851	-5.93259
0.88427	0.04090	0.46518	0.49080
0.00000	0.00000	0.00000	1.00000

boidNo = 25
boid Wall No = 1
position = = (-4.6, 2.2, -10.9)
Boid Radius= 12
Boid Frame=
 -0.63097	-0.38332	-0.67449	-4.59980
-0.76759	0.18226	0.61448	2.18713
0.11261	-0.90546	0.40923	-10.86546
0.00000	0.00000	0.00000	1.00000

boidNo = 26
boid Wall No = 1
position = = (1.1, 10.5, -5.6)
Boid Radius= 12
Boid Frame=
 -0.75772	0.09186	-0.64608	1.10232
-0.24420	0.87820	0.41126	10.53840
-0.60517	-0.46939	0.64300	-5.63268
0.00000	0.00000	0.00000	1.00000

boidNo = 27
boid Wall No = 0
position = = (-8.1, -1.4, -8.8)
Boid Radius= 12
Boid Frame=
 -0.27590	-0.67301	-0.68625	-8.07612
-0.87502	-0.11960	0.46908	-1.43521
0.39777	-0.72990	0.55590	-8.75879
0.00000	0.00000	0.00000	1.00000

boidNo = 28
boid Wall No = 0
position = = (-7.3, -9.2, -2.3)
Boid Radius= 12
Boid Frame=
 -0.22948	-0.60858	-0.75959	-7.30293
-0.06122	-0.76984	0.63529	-9.23813
0.97139	-0.19229	-0.13941	-2.30744
0.00000	0.00000	0.00000	1.00000

boidNo = 29
boid Wall No = 0
position = = (-3.2, -9.4, 6.7)
Boid Radius= 12
Boid Frame=
 0.94042	-0.27067	-0.20580	-3.24800
-0.09171	-0.78475	0.61299	-9.41700
0.32742	0.55759	0.76282	6.69108
0.00000	0.00000	0.00000	1.00000

