Iteration Num of Simuation:0
m_SimulationDeltaT of action plan:0
boidNo = 0
boid Wall No = 1
position = = (-2.1, 2.2, -9.5)
Boid Radius= 10
Boid Frame=
 -0.72824	-0.20580	-0.65369	-2.05798
-0.68532	0.21872	0.69462	2.18718
-0.00002	-0.95384	0.30032	-9.53840
0.00000	0.00000	0.00000	1.00000

boidNo = 1
boid Wall No = 0
position = = (4.9, -2.6, 8.3)
Boid Radius= 10
Boid Frame=
 0.59867	0.48625	0.63652	4.86246
-0.59562	-0.26109	0.75965	-2.61089
-0.53557	0.83390	-0.13331	8.33905
0.00000	0.00000	0.00000	1.00000

boidNo = 2
boid Wall No = 0
position = = (-7.6, -5.7, 2.9)
Boid Radius= 10
Boid Frame=
 0.54901	-0.76331	-0.34051	-7.63312
-0.33698	-0.57496	0.74556	-5.74963
0.76488	0.29457	0.57288	2.94571
0.00000	0.00000	0.00000	1.00000

boidNo = 3
boid Wall No = 1
position = = (4.6, 8.1, 3.7)
Boid Radius= 10
Boid Frame=
 0.78426	0.45673	-0.41994	4.56725
-0.17030	0.80930	0.56216	8.09302
-0.59661	0.36937	-0.71248	3.69367
0.00000	0.00000	0.00000	1.00000

boidNo = 4
boid Wall No = 1
position = = (8.0, 5.5, -2.6)
Boid Radius= 10
Boid Frame=
 0.06633	0.79503	-0.60294	7.95025
-0.51124	0.54601	0.66371	5.46006
-0.85687	-0.26422	-0.44267	-2.64222
0.00000	0.00000	0.00000	1.00000

boidNo = 5
boid Wall No = 1
position = = (-3.2, 2.8, -9.0)
Boid Radius= 10
Boid Frame=
 -0.67122	-0.32183	-0.66775	-3.21831
-0.74119	0.27966	0.61026	2.79662
0.00966	-0.90455	0.42625	-9.04552
0.00000	0.00000	0.00000	1.00000

boidNo = 6
boid Wall No = 1
position = = (-0.8, 7.1, -7.0)
Boid Radius= 10
Boid Frame=
 -0.91947	-0.07607	-0.38572	-0.76065
-0.32115	0.71124	0.62530	7.11243
-0.22678	-0.69882	0.67840	-6.98819
0.00000	0.00000	0.00000	1.00000

boidNo = 7
boid Wall No = 1
position = = (-1.7, 7.5, 6.4)
Boid Radius= 10
Boid Frame=
 0.64697	-0.16547	0.74434	-1.65472
-0.41010	0.74746	0.52262	7.47456
0.64284	0.64337	-0.41572	6.43373
0.00000	0.00000	0.00000	1.00000

boidNo = 8
boid Wall No = 1
position = = (0.3, 10.0, 0.7)
Boid Radius= 10
Boid Frame=
 0.54799	0.02869	-0.83599	0.28694
0.04242	0.99717	0.06203	9.97173
-0.83541	0.06945	-0.54522	0.69455
0.00000	0.00000	0.00000	1.00000

boidNo = 9
boid Wall No = 1
position = = (-3.7, 9.3, -0.9)
Boid Radius= 9.999999
Boid Frame=
 -0.54183	-0.36633	0.75645	-3.66332
-0.13383	0.92614	0.35264	9.26137
0.82977	-0.08983	0.55083	-0.89834
0.00000	0.00000	0.00000	1.00000

boidNo = 10
boid Wall No = 1
position = = (6.1, 6.1, 5.1)
Boid Radius= 10
Boid Frame=
 0.71603	0.60517	0.34794	6.05172
-0.69797	0.61262	0.37085	6.12620
-0.01127	0.50839	-0.86105	5.08393
0.00000	0.00000	0.00000	1.00000

boidNo = 11
boid Wall No = 1
position = = (8.1, 5.1, -3.0)
Boid Radius= 10
Boid Frame=
 0.30044	0.80700	-0.50843	8.06995
-0.78939	0.50957	0.34235	5.09571
-0.53536	-0.29849	-0.79013	-2.98490
0.00000	0.00000	0.00000	1.00000

boidNo = 12
boid Wall No = 1
position = = (0.8, 9.4, 3.4)
Boid Radius= 10
Boid Frame=
 0.99037	0.07691	-0.11514	0.76914
-0.03187	0.93582	0.35102	9.35824
-0.13475	0.34397	-0.92926	3.43973
0.00000	0.00000	0.00000	1.00000

boidNo = 13
boid Wall No = 0
position = = (0.3, -2.7, -9.6)
Boid Radius= 10
Boid Frame=
 0.09036	0.02978	-0.99546	0.29785
-0.95692	-0.27434	-0.09507	-2.74338
0.27593	-0.96117	-0.00371	-9.61172
0.00000	0.00000	0.00000	1.00000

boidNo = 14
boid Wall No = 1
position = = (4.7, 8.6, 2.0)
Boid Radius= 10
Boid Frame=
 0.53103	0.47307	-0.70300	4.73069
-0.09551	0.85778	0.50507	8.57776
-0.84195	0.20106	-0.50069	2.01064
0.00000	0.00000	0.00000	1.00000

boidNo = 15
boid Wall No = 1
position = = (-7.8, 1.9, 5.9)
Boid Radius= 10
Boid Frame=
 0.35307	-0.78076	0.51551	-7.80765
-0.64793	0.19343	0.73673	1.93433
0.67493	0.59413	0.43758	5.94129
0.00000	0.00000	0.00000	1.00000

boidNo = 16
boid Wall No = 1
position = = (-1.0, 9.2, 3.9)
Boid Radius= 10
Boid Frame=
 0.96540	-0.10151	0.24020	-1.01508
-0.00397	0.91529	0.40278	9.15288
0.26073	0.38980	-0.88322	3.89800
0.00000	0.00000	0.00000	1.00000

boidNo = 17
boid Wall No = 0
position = = (-0.6, -10.0, -0.7)
Boid Radius= 10
Boid Frame=
 -0.79583	-0.06414	-0.60211	-0.64143
0.00760	-0.99535	0.09599	-9.95353
0.60547	-0.07182	-0.79262	-0.71816
0.00000	0.00000	0.00000	1.00000

boidNo = 18
boid Wall No = 1
position = = (2.6, 6.6, 7.1)
Boid Radius= 10
Boid Frame=
 0.92761	0.26184	0.26642	2.61837
-0.37353	0.65644	0.65541	6.56437
0.00328	0.70748	-0.70672	7.07482
0.00000	0.00000	0.00000	1.00000

boidNo = 19
boid Wall No = 1
position = = (7.4, 3.2, -5.9)
Boid Radius= 10
Boid Frame=
 -0.26661	0.74343	-0.61338	7.43428
-0.66896	0.31542	0.67306	3.15416
-0.69384	-0.58977	-0.41323	-5.89769
0.00000	0.00000	0.00000	1.00000

