Iteration Num of Simuation:0
m_SimulationDeltaT of action plan:0
boidNo = 0
boid Wall No = 1
position = = (-1.5, 8.5, -5.1)
Boid Radius= 10
Boid Frame=
 -0.63776	-0.14929	-0.75563	-1.49289
-0.47445	0.84896	0.23271	8.48964
-0.60676	-0.50692	0.61226	-5.06924
0.00000	0.00000	0.00000	1.00000

boidNo = 1
boid Wall No = 1
position = = (7.0, 6.8, 2.1)
Boid Radius= 10
Boid Frame=
 0.54945	0.69931	-0.45723	6.99313
-0.33067	0.68456	0.64964	6.84562
-0.76731	0.20576	-0.60737	2.05756
0.00000	0.00000	0.00000	1.00000

boidNo = 2
boid Wall No = 1
position = = (-1.1, 9.8, -1.7)
Boid Radius= 10
Boid Frame=
 -0.99401	-0.10794	0.01728	-1.07936
-0.10347	0.98004	0.16976	9.80038
0.03526	-0.16696	0.98533	-1.66958
0.00000	0.00000	0.00000	1.00000

boidNo = 3
boid Wall No = 0
position = = (9.8, -1.2, 1.5)
Boid Radius= 10
Boid Frame=
 0.05211	0.98051	0.18943	9.80510
-0.59549	-0.12177	0.79408	-1.21767
-0.80167	0.15418	-0.57753	1.54183
0.00000	0.00000	0.00000	1.00000

boidNo = 4
boid Wall No = 1
position = = (2.5, 9.1, -3.3)
Boid Radius= 10
Boid Frame=
 -0.50515	0.25201	-0.82542	2.52010
-0.16995	0.90864	0.38143	9.08641
-0.84613	-0.33296	0.41617	-3.32961
0.00000	0.00000	0.00000	1.00000

boidNo = 5
boid Wall No = 0
position = = (3.1, -7.0, -6.4)
Boid Radius= 10
Boid Frame=
 -0.94863	0.30511	0.08376	3.05112
-0.16495	-0.70282	0.69198	-7.02820
-0.27000	-0.64261	-0.71704	-6.42612
0.00000	0.00000	0.00000	1.00000

boidNo = 6
boid Wall No = 0
position = = (-6.9, -6.8, -2.4)
Boid Radius= 10
Boid Frame=
 -0.02378	-0.69214	-0.72137	-6.92136
-0.31130	-0.68058	0.66326	-6.80577
0.95001	-0.24034	0.19927	-2.40337
0.00000	0.00000	0.00000	1.00000

boidNo = 7
boid Wall No = 1
position = = (8.8, 4.7, 0.1)
Boid Radius= 10
Boid Frame=
 0.33193	0.88377	-0.32979	8.83775
-0.61616	0.46786	0.63360	4.67859
-0.71426	0.00711	-0.69985	0.07108
0.00000	0.00000	0.00000	1.00000

boidNo = 8
boid Wall No = 0
position = = (3.2, -9.4, -1.1)
Boid Radius= 10
Boid Frame=
 -0.18354	0.32036	0.92935	3.20358
0.05108	-0.94102	0.33447	-9.41020
-0.98168	-0.10886	-0.15635	-1.08864
0.00000	0.00000	0.00000	1.00000

boidNo = 9
boid Wall No = 0
position = = (-0.1, -10.0, 0.0)
Boid Radius= 10
Boid Frame=
 -0.41237	-0.00753	-0.91098	-0.07527
-0.00010	-0.99997	0.00831	-9.99966
0.91101	-0.00351	-0.41236	-0.03512
0.00000	0.00000	0.00000	1.00000

boidNo = 10
boid Wall No = 0
position = = (-9.0, -3.4, 2.6)
Boid Radius= 10
Boid Frame=
 0.43063	-0.90249	-0.00830	-9.02492
-0.70639	-0.34275	0.61930	-3.42752
0.56175	0.26082	0.78511	2.60824
0.00000	0.00000	0.00000	1.00000

boidNo = 11
boid Wall No = 0
position = = (-5.9, -7.0, -4.1)
Boid Radius= 9.999999
Boid Frame=
 -0.40883	-0.58845	-0.69756	-5.88447
-0.18128	-0.69676	0.69402	-6.96762
0.89443	-0.41019	-0.17818	-4.10187
0.00000	0.00000	0.00000	1.00000

boidNo = 12
boid Wall No = 0
position = = (-4.3, -1.1, 8.9)
Boid Radius= 10
Boid Frame=
 0.33866	-0.43262	0.83555	-4.32622
-0.93962	-0.10899	0.32440	-1.08994
0.04927	0.89496	0.44341	8.94963
0.00000	0.00000	0.00000	1.00000

boidNo = 13
boid Wall No = 1
position = = (1.0, 9.9, -1.1)
Boid Radius= 10
Boid Frame=
 -0.93740	0.10447	-0.33222	1.04471
0.05964	0.98801	0.14242	9.88008
-0.34312	-0.11370	0.93239	-1.13695
0.00000	0.00000	0.00000	1.00000

boidNo = 14
boid Wall No = 0
position = = (1.0, -7.2, 6.9)
Boid Radius= 10
Boid Frame=
 0.94892	0.09854	0.29972	0.98535
-0.14023	-0.71928	0.68042	-7.19280
-0.28263	0.68770	0.66872	6.87697
0.00000	0.00000	0.00000	1.00000

boidNo = 15
boid Wall No = 0
position = = (1.2, -1.2, 9.9)
Boid Radius= 10
Boid Frame=
 0.80081	0.12263	0.58623	1.22633
-0.57487	-0.11719	0.80981	-1.17188
-0.16801	0.98551	0.02335	9.85509
0.00000	0.00000	0.00000	1.00000

boidNo = 16
boid Wall No = 0
position = = (3.2, -4.9, -8.1)
Boid Radius= 10
Boid Frame=
 -0.90860	0.32067	-0.26762	3.20666
-0.40124	-0.49223	0.77247	-4.92232
-0.11598	-0.80925	-0.57591	-8.09247
0.00000	0.00000	0.00000	1.00000

boidNo = 17
boid Wall No = 0
position = = (0.4, -9.9, 1.7)
Boid Radius= 10
Boid Frame=
 0.90269	0.03782	0.42863	0.37816
-0.03762	-0.98538	0.16616	-9.85380
-0.42865	0.16612	0.88807	1.66121
0.00000	0.00000	0.00000	1.00000

boidNo = 18
boid Wall No = 0
position = = (-8.6, -2.2, -4.6)
Boid Radius= 9.999999
Boid Frame=
 0.24618	-0.85990	-0.44718	-8.59899
-0.96920	-0.22154	-0.10755	-2.21540
0.00659	-0.45988	0.88795	-4.59885
0.00000	0.00000	0.00000	1.00000

boidNo = 19
boid Wall No = 0
position = = (-6.2, -2.6, 7.5)
Boid Radius= 10
Boid Frame=
 0.72894	-0.61581	0.29906	-6.15806
-0.54411	-0.25605	0.79899	-2.56045
0.41545	0.74513	0.52171	7.45133
0.00000	0.00000	0.00000	1.00000

