Iteration Num of Simuation:0
m_SimulationDeltaT of action plan:0
boidNo = 0
boid Wall No = 1
position = = (-2.0, 9.7, -1.1)
Boid Radius= 10
Boid Frame=
 -0.58730	-0.20076	0.78408	-2.00763
-0.03127	0.97365	0.22589	9.73652
0.80877	-0.10815	0.57810	-1.08148
0.00000	0.00000	0.00000	1.00000

boidNo = 1
boid Wall No = 0
position = = (-5.3, -8.4, -1.4)
Boid Radius= 10
Boid Frame=
 -0.31740	-0.53116	-0.78557	-5.31163
0.04864	-0.83644	0.54590	-8.36436
0.94704	-0.13506	-0.29132	-1.35056
0.00000	0.00000	0.00000	1.00000

boidNo = 2
boid Wall No = 1
position = = (-1.4, 9.9, 0.1)
Boid Radius= 10
Boid Frame=
 0.14193	-0.13524	0.98059	-1.35242
0.01249	0.99079	0.13484	9.90789
0.98980	0.00689	-0.14231	0.06892
0.00000	0.00000	0.00000	1.00000

boidNo = 3
boid Wall No = 0
position = = (0.3, -0.5, 10.0)
Boid Radius= 10
Boid Frame=
 0.38699	0.03156	0.92154	0.31556
-0.92047	-0.04579	0.38811	-0.45792
-0.05445	0.99845	-0.01133	9.98453
0.00000	0.00000	0.00000	1.00000

boidNo = 4
boid Wall No = 0
position = = (2.0, -9.8, 0.7)
Boid Radius= 10
Boid Frame=
 0.35661	0.20345	0.91183	2.03448
0.00421	-0.97634	0.21619	-9.76341
-0.93424	0.07326	0.34903	0.73256
0.00000	0.00000	0.00000	1.00000

boidNo = 5
boid Wall No = 0
position = = (-2.5, -8.1, -5.3)
Boid Radius= 10
Boid Frame=
 -0.87184	-0.24994	-0.42123	-2.49935
-0.04746	-0.81285	0.58054	-8.12847
0.48749	-0.52613	-0.69681	-5.26130
0.00000	0.00000	0.00000	1.00000

boidNo = 6
boid Wall No = 1
position = = (5.3, 8.5, -0.1)
Boid Radius= 10
Boid Frame=
 0.79004	0.52860	-0.31050	5.28600
-0.49571	0.84883	0.18375	8.48826
-0.36069	-0.00875	-0.93264	-0.08747
0.00000	0.00000	0.00000	1.00000

boidNo = 7
boid Wall No = 1
position = = (4.5, 8.4, -3.0)
Boid Radius= 10
Boid Frame=
 -0.36267	0.44670	-0.81788	4.46698
-0.13491	0.84322	0.52036	8.43224
-0.92210	-0.29906	0.24555	-2.99057
0.00000	0.00000	0.00000	1.00000

boidNo = 8
boid Wall No = 0
position = = (6.9, -5.9, 4.3)
Boid Radius= 10
Boid Frame=
 -0.21878	0.68534	0.69459	6.85337
-0.72539	-0.59034	0.35400	-5.90339
-0.65265	0.42639	-0.62629	4.26395
0.00000	0.00000	0.00000	1.00000

boidNo = 9
boid Wall No = 1
position = = (-9.4, 2.4, 2.2)
Boid Radius= 10
Boid Frame=
 0.02329	-0.94404	0.32900	-9.44042
-0.62983	0.24172	0.73816	2.41715
0.77638	0.22441	0.58896	2.24406
0.00000	0.00000	0.00000	1.00000

boidNo = 10
boid Wall No = 1
position = = (-0.7, 9.9, 0.9)
Boid Radius= 10
Boid Frame=
 0.98117	-0.07057	0.17980	-0.70574
0.05208	0.99304	0.10561	9.93043
0.18600	0.09426	-0.97802	0.94259
0.00000	0.00000	0.00000	1.00000

boidNo = 11
boid Wall No = 0
position = = (2.2, -9.3, 3.0)
Boid Radius= 10
Boid Frame=
 0.88399	0.21684	0.41417	2.16836
0.05451	-0.92769	0.36934	-9.27694
-0.46431	0.30392	0.83189	3.03918
0.00000	0.00000	0.00000	1.00000

boidNo = 12
boid Wall No = 1
position = = (-1.6, 9.7, -1.7)
Boid Radius= 10
Boid Frame=
 -0.96386	-0.15966	0.21328	-1.59658
-0.11533	0.97169	0.20620	9.71690
0.24016	-0.17415	0.95498	-1.74152
0.00000	0.00000	0.00000	1.00000

boidNo = 13
boid Wall No = 1
position = = (-3.5, 9.4, 0.0)
Boid Radius= 10
Boid Frame=
 -0.17005	-0.34946	0.92139	-3.49459
-0.06714	0.93695	0.34297	9.36945
0.98315	0.00354	0.18279	0.03542
0.00000	0.00000	0.00000	1.00000

boidNo = 14
boid Wall No = 1
position = = (1.5, 9.8, -1.1)
Boid Radius= 10
Boid Frame=
 -0.69503	0.14762	-0.70366	1.47620
0.02096	0.98244	0.18540	9.82439
-0.71867	-0.11411	0.68592	-1.14114
0.00000	0.00000	0.00000	1.00000

boidNo = 15
boid Wall No = 1
position = = (1.7, 9.9, -0.4)
Boid Radius= 10
Boid Frame=
 0.00476	0.16725	-0.98590	1.67249
-0.03786	0.98524	0.16695	9.85238
-0.99927	-0.03653	-0.01102	-0.36535
0.00000	0.00000	0.00000	1.00000

boidNo = 16
boid Wall No = 0
position = = (3.7, -4.1, -8.3)
Boid Radius= 10
Boid Frame=
 -0.87370	0.37351	-0.31167	3.73508
-0.45715	-0.41137	0.78854	-4.11370
-0.16631	-0.83142	-0.53016	-8.31425
0.00000	0.00000	0.00000	1.00000

boidNo = 17
boid Wall No = 0
position = = (-0.1, -10.0, -0.1)
Boid Radius= 10
Boid Frame=
 -0.62776	-0.00576	-0.77839	-0.05762
-0.00039	-0.99997	0.00771	-9.99970
0.77841	-0.00514	-0.62773	-0.05141
0.00000	0.00000	0.00000	1.00000

boidNo = 18
boid Wall No = 0
position = = (2.5, -7.2, -6.4)
Boid Radius= 10
Boid Frame=
 -0.96576	0.25372	0.05414	2.53717
-0.15227	-0.72332	0.67352	-7.23318
-0.21004	-0.64221	-0.73719	-6.42214
0.00000	0.00000	0.00000	1.00000

boidNo = 19
boid Wall No = 1
position = = (1.3, 6.1, 7.8)
Boid Radius= 10
Boid Frame=
 0.76321	0.13194	0.63253	1.31945
-0.56436	0.61281	0.55313	6.12813
0.31464	0.77914	-0.54217	7.79135
0.00000	0.00000	0.00000	1.00000

