Iteration Num of Simuation:0
m_SimulationDeltaT of action plan:0
boidNo = 0
boid Wall No = 1
position = = (2.9, 9.6, 0.2)
Boid Radius= 9.999999
Boid Frame=
 0.18213	0.28558	-0.94089	2.85578
-0.03403	0.95815	0.28423	9.58152
-0.98269	0.01975	-0.18422	0.19751
0.00000	0.00000	0.00000	1.00000

boidNo = 1
boid Wall No = 0
position = = (6.0, -4.2, -6.8)
Boid Radius= 10
Boid Frame=
 -0.78311	0.60188	-0.15646	6.01878
-0.47716	-0.42019	0.77185	-4.20194
-0.39882	-0.67910	-0.61625	-6.79103
0.00000	0.00000	0.00000	1.00000

boidNo = 2
boid Wall No = 0
position = = (1.8, -6.1, 7.7)
Boid Radius= 10
Boid Frame=
 0.30746	0.17673	0.93501	1.76725
-0.71254	-0.60850	0.34931	-6.08499
-0.63068	0.77363	0.06116	7.73626
0.00000	0.00000	0.00000	1.00000

boidNo = 3
boid Wall No = 1
position = = (-1.0, 6.7, 7.4)
Boid Radius= 10
Boid Frame=
 0.57884	-0.10436	0.80873	-1.04359
-0.56142	0.66828	0.48807	6.68284
0.59140	0.73655	-0.32824	7.36550
0.00000	0.00000	0.00000	1.00000

boidNo = 4
boid Wall No = 0
position = = (-8.6, 0.0, 5.1)
Boid Radius= 10
Boid Frame=
 0.42329	-0.85747	0.29252	-8.57473
-0.57112	-0.00190	0.82087	-0.01899
0.70332	0.51453	0.49052	5.14526
0.00000	0.00000	0.00000	1.00000

boidNo = 5
boid Wall No = 1
position = = (9.6, 2.2, 1.8)
Boid Radius= 10
Boid Frame=
 0.28290	0.95759	-0.05474	9.57587
-0.61418	0.22469	0.75650	2.24692
-0.73672	0.18039	-0.65170	1.80391
0.00000	0.00000	0.00000	1.00000

boidNo = 6
boid Wall No = 1
position = = (3.7, 4.5, 8.1)
Boid Radius= 10
Boid Frame=
 0.78009	0.36670	0.50694	3.66698
-0.62565	0.45122	0.63637	4.51217
-0.00461	0.81359	-0.58141	8.13594
0.00000	0.00000	0.00000	1.00000

boidNo = 7
boid Wall No = 0
position = = (1.1, -6.6, -7.4)
Boid Radius= 10
Boid Frame=
 -0.97072	0.10891	-0.21412	1.08905
-0.23163	-0.66065	0.71406	-6.60651
0.06370	-0.74275	-0.66653	-7.42752
0.00000	0.00000	0.00000	1.00000

boidNo = 8
boid Wall No = 0
position = = (5.3, -7.0, 4.8)
Boid Radius= 10
Boid Frame=
 0.48361	0.52976	0.69676	5.29759
-0.21890	-0.69754	0.68229	-6.97543
-0.84747	0.48248	0.22137	4.82483
0.00000	0.00000	0.00000	1.00000

boidNo = 9
boid Wall No = 1
position = = (-5.9, 7.6, 2.7)
Boid Radius= 10
Boid Frame=
 0.07433	-0.59047	0.80363	-5.90472
-0.28636	0.75928	0.58437	7.59280
0.95524	0.27356	0.11264	2.73562
0.00000	0.00000	0.00000	1.00000

boidNo = 10
boid Wall No = 1
position = = (-4.0, 8.3, -3.8)
Boid Radius= 10
Boid Frame=
 -0.91283	-0.40483	-0.05338	-4.04832
-0.39205	0.83235	0.39177	8.32355
0.11417	-0.37855	0.91851	-3.78546
0.00000	0.00000	0.00000	1.00000

boidNo = 11
boid Wall No = 1
position = = (3.0, 8.4, 4.6)
Boid Radius= 10
Boid Frame=
 0.92639	0.29652	-0.23213	2.96519
-0.13678	0.83928	0.52621	8.39282
-0.35086	0.45572	-0.81806	4.55722
0.00000	0.00000	0.00000	1.00000

boidNo = 12
boid Wall No = 1
position = = (3.5, 8.5, -3.9)
Boid Radius= 10
Boid Frame=
 -0.58271	0.34790	-0.73445	3.47904
-0.12708	0.85361	0.50518	8.53609
-0.80268	-0.38770	0.45319	-3.87704
0.00000	0.00000	0.00000	1.00000

boidNo = 13
boid Wall No = 1
position = = (5.7, 8.0, -2.1)
Boid Radius= 9.999999
Boid Frame=
 -0.09915	0.56994	-0.81568	5.69943
-0.18116	0.79568	0.57799	7.95680
-0.97844	-0.20508	-0.02436	-2.05081
0.00000	0.00000	0.00000	1.00000

boidNo = 14
boid Wall No = 0
position = = (-2.0, -0.3, -9.8)
Boid Radius= 10
Boid Frame=
 -0.80244	-0.19686	-0.56332	-1.96864
-0.56997	-0.02668	0.82123	-0.26683
0.17670	-0.98007	0.09079	-9.80068
0.00000	0.00000	0.00000	1.00000

boidNo = 15
boid Wall No = 1
position = = (-8.9, 2.8, 3.6)
Boid Radius= 9.999999
Boid Frame=
 0.09831	-0.89130	0.44263	-8.91300
-0.64648	0.28095	0.70932	2.80950
0.75657	0.35588	0.54858	3.55880
0.00000	0.00000	0.00000	1.00000

boidNo = 16
boid Wall No = 1
position = = (-2.5, 8.0, -5.5)
Boid Radius= 10
Boid Frame=
 -0.95283	-0.25212	-0.16898	-2.52120
-0.30350	0.79675	0.52257	7.96751
-0.00288	-0.54920	0.83568	-5.49203
0.00000	0.00000	0.00000	1.00000

boidNo = 17
boid Wall No = 0
position = = (-1.9, -9.4, -2.7)
Boid Radius= 10
Boid Frame=
 -0.98042	-0.19499	-0.02747	-1.94990
0.17954	-0.94245	0.28206	-9.42449
0.08089	-0.27160	-0.95900	-2.71604
0.00000	0.00000	0.00000	1.00000

boidNo = 18
boid Wall No = 0
position = = (-0.1, -8.6, 5.2)
Boid Radius= 10
Boid Frame=
 0.99896	-0.01379	0.04338	-0.13793
-0.03421	-0.85608	0.51571	-8.56078
-0.03002	0.51666	0.85566	5.16663
0.00000	0.00000	0.00000	1.00000

boidNo = 19
boid Wall No = 1
position = = (9.6, 2.6, -0.5)
Boid Radius= 10
Boid Frame=
 0.12022	0.96442	-0.23546	9.64421
-0.59133	0.26008	0.76334	2.60076
-0.79742	-0.04746	-0.60156	-0.47465
0.00000	0.00000	0.00000	1.00000

