Iteration Num of Simuation:0
m_SimulationDeltaT of action plan:0
boidNo = 0
boid Wall No = 0
position = = (11.2, -1.0, -4.2)
Boid Radius= 12
Boid Frame=
 -0.32860	0.93355	-0.14323	11.20256
-0.58309	-0.08122	0.80833	-0.97469
-0.74298	-0.34913	-0.57104	-4.18958
0.00000	0.00000	0.00000	1.00000

boidNo = 1
boid Wall No = 1
position = = (1.2, 11.9, -1.2)
Boid Radius= 12
Boid Frame=
 -0.68707	0.09645	-0.72016	1.15734
-0.00492	0.99051	0.13735	11.88613
-0.72657	-0.09791	0.68008	-1.17495
0.00000	0.00000	0.00000	1.00000

boidNo = 2
boid Wall No = 0
position = = (-4.8, -7.2, 8.3)
Boid Radius= 12
Boid Frame=
 0.91242	-0.39958	0.08850	-4.79495
-0.33283	-0.59863	0.72860	-7.18361
0.23815	0.69424	0.67920	8.33092
0.00000	0.00000	0.00000	1.00000

boidNo = 3
boid Wall No = 0
position = = (-10.3, -1.0, 6.1)
Boid Radius= 12
Boid Frame=
 0.40759	-0.85910	0.30955	-10.30917
-0.71208	-0.08680	0.69671	-1.04165
0.57167	0.50440	0.64713	6.05277
0.00000	0.00000	0.00000	1.00000

boidNo = 4
boid Wall No = 0
position = = (-1.0, -8.8, 8.1)
Boid Radius= 12
Boid Frame=
 0.99179	-0.08745	0.09332	-1.04940
-0.12752	-0.73163	0.66967	-8.77953
-0.00971	0.67607	0.73677	8.11286
0.00000	0.00000	0.00000	1.00000

boidNo = 5
boid Wall No = 0
position = = (2.7, -11.0, -3.8)
Boid Radius= 12
Boid Frame=
 -0.66876	0.22562	0.70842	2.70749
0.09252	-0.92018	0.38041	-11.04215
-0.73770	-0.31994	-0.59450	-3.83934
0.00000	0.00000	0.00000	1.00000

boidNo = 6
boid Wall No = 1
position = = (-2.5, 11.1, 3.7)
Boid Radius= 12
Boid Frame=
 0.65115	-0.21045	0.72919	-2.52540
-0.10401	0.92698	0.36041	11.12372
0.75179	0.31052	-0.58171	3.72628
0.00000	0.00000	0.00000	1.00000

boidNo = 7
boid Wall No = 0
position = = (3.0, -0.3, -11.6)
Boid Radius= 12
Boid Frame=
 -0.73215	0.24889	-0.63404	2.98673
-0.65947	-0.02612	0.75127	-0.31350
-0.17042	-0.96818	-0.18327	-11.61814
0.00000	0.00000	0.00000	1.00000

boidNo = 8
boid Wall No = 1
position = = (-0.4, 10.6, -5.6)
Boid Radius= 12
Boid Frame=
 -0.99736	-0.03133	-0.06557	-0.37598
-0.05826	0.88403	0.46378	10.60841
-0.04343	-0.46637	0.88352	-5.59646
0.00000	0.00000	0.00000	1.00000

boidNo = 9
boid Wall No = 0
position = = (2.5, -10.1, 6.0)
Boid Radius= 12
Boid Frame=
 0.95974	0.21176	0.18457	2.54112
0.08313	-0.84172	0.53347	-10.10067
-0.26832	0.49665	0.82543	5.95981
0.00000	0.00000	0.00000	1.00000

boidNo = 10
boid Wall No = 1
position = = (4.4, 11.1, -1.3)
Boid Radius= 12
Boid Frame=
 -0.11103	0.36889	-0.92282	4.42663
-0.06973	0.92338	0.37750	11.08057
-0.99137	-0.10626	0.07680	-1.27511
0.00000	0.00000	0.00000	1.00000

boidNo = 11
boid Wall No = 0
position = = (-3.6, -7.9, -8.3)
Boid Radius= 12
Boid Frame=
 -0.41986	-0.30395	-0.85518	-3.64744
-0.55927	-0.65546	0.50754	-7.86548
0.71480	-0.69137	-0.10521	-8.29641
0.00000	0.00000	0.00000	1.00000

boidNo = 12
boid Wall No = 1
position = = (-1.3, 3.0, -11.6)
Boid Radius= 12
Boid Frame=
 -0.40669	-0.10829	-0.90713	-1.29949
-0.89498	0.24650	0.37182	2.95799
-0.18334	-0.96307	0.19717	-11.55689
0.00000	0.00000	0.00000	1.00000

boidNo = 13
boid Wall No = 0
position = = (-2.2, -11.8, 0.1)
Boid Radius= 12
Boid Frame=
 0.01562	-0.18247	-0.98309	-2.18964
0.00770	-0.98316	0.18261	-11.79787
0.99985	0.01043	0.01396	0.12513
0.00000	0.00000	0.00000	1.00000

boidNo = 14
boid Wall No = 0
position = = (11.5, -2.3, -2.4)
Boid Radius= 12
Boid Frame=
 -0.27779	0.96052	-0.01550	11.52622
-0.70246	-0.19209	0.68531	-2.30512
-0.65527	-0.20126	-0.72809	-2.41511
0.00000	0.00000	0.00000	1.00000

boidNo = 15
boid Wall No = 1
position = = (7.3, 8.2, 4.9)
Boid Radius= 12
Boid Frame=
 0.77162	0.60780	-0.18756	7.29358
-0.38667	0.68234	0.62040	8.18807
-0.50506	0.40620	-0.76153	4.87434
0.00000	0.00000	0.00000	1.00000

boidNo = 16
boid Wall No = 0
position = = (4.3, -5.3, 9.9)
Boid Radius= 12
Boid Frame=
 0.37654	0.35749	0.85465	4.28983
-0.73855	-0.44110	0.50989	-5.29316
-0.55926	0.82319	-0.09793	9.87825
0.00000	0.00000	0.00000	1.00000

boidNo = 17
boid Wall No = 0
position = = (11.7, -2.6, -1.2)
Boid Radius= 12
Boid Frame=
 -0.22447	0.97131	0.07848	11.65578
-0.70431	-0.21737	0.67580	-2.60846
-0.67347	-0.09642	-0.73290	-1.15710
0.00000	0.00000	0.00000	1.00000

boidNo = 18
boid Wall No = 1
position = = (-7.1, 6.4, 7.2)
Boid Radius= 12
Boid Frame=
 -0.03776	-0.59524	0.80266	-7.14291
-0.76160	0.53716	0.36252	6.44590
0.64694	0.59762	0.47362	7.17142
0.00000	0.00000	0.00000	1.00000

boidNo = 19
boid Wall No = 1
position = = (8.4, 2.6, -8.1)
Boid Radius= 12
Boid Frame=
 -0.39059	0.70292	-0.59443	8.43500
-0.67695	0.21827	0.70291	2.61928
-0.62384	-0.67695	-0.39059	-8.12344
0.00000	0.00000	0.00000	1.00000

boidNo = 20
boid Wall No = 0
position = = (-0.4, -11.9, 1.0)
Boid Radius= 12
Boid Frame=
 0.91977	-0.03464	-0.39093	-0.41564
0.00178	-0.99572	0.09241	-11.94863
0.39246	0.08569	0.91577	1.02831
0.00000	0.00000	0.00000	1.00000

boidNo = 21
boid Wall No = 1
position = = (-7.0, 8.7, 4.3)
Boid Radius= 12
Boid Frame=
 -0.39842	-0.58695	0.70481	-7.04334
-0.64263	0.72693	0.24209	8.72310
0.65444	0.35648	0.66681	4.27772
0.00000	0.00000	0.00000	1.00000

boidNo = 22
boid Wall No = 0
position = = (-1.7, -11.8, 1.2)
Boid Radius= 12
Boid Frame=
 0.65101	-0.13826	-0.74637	-1.65915
-0.01158	-0.98497	0.17236	-11.81959
0.75898	0.10356	0.64282	1.24277
0.00000	0.00000	0.00000	1.00000

boidNo = 23
boid Wall No = 1
position = = (-8.3, 8.6, -0.1)
Boid Radius= 12
Boid Frame=
 -0.45127	-0.69357	0.56153	-8.32287
-0.42287	0.72031	0.54986	8.64369
0.78584	-0.01068	0.61834	-0.12816
0.00000	0.00000	0.00000	1.00000

boidNo = 24
boid Wall No = 0
position = = (2.5, -8.0, 8.6)
Boid Radius= 12
Boid Frame=
 0.84447	0.21119	0.49221	2.53430
-0.24551	-0.66411	0.70617	-7.96938
-0.47602	0.71718	0.50898	8.60618
0.00000	0.00000	0.00000	1.00000

boidNo = 25
boid Wall No = 1
position = = (-2.3, 6.3, 9.9)
Boid Radius= 12
Boid Frame=
 0.57123	-0.18895	0.79875	-2.26739
-0.62739	0.52694	0.57334	6.32334
0.52923	0.82863	-0.18246	9.94356
0.00000	0.00000	0.00000	1.00000

boidNo = 26
boid Wall No = 1
position = = (5.0, 3.9, -10.2)
Boid Radius= 12
Boid Frame=
 -0.54381	0.41944	-0.72686	5.03333
-0.65514	0.32910	0.68006	3.94926
-0.52446	-0.84602	-0.09582	-10.15229
0.00000	0.00000	0.00000	1.00000

boidNo = 27
boid Wall No = 1
position = = (-3.9, 10.2, 5.0)
Boid Radius= 12
Boid Frame=
 0.14961	-0.32216	0.93479	-3.86589
-0.38865	0.85017	0.35520	10.20202
0.90916	0.41645	-0.00199	4.99737
0.00000	0.00000	0.00000	1.00000

boidNo = 28
boid Wall No = 0
position = = (-2.9, -11.3, 2.6)
Boid Radius= 12
Boid Frame=
 0.80080	-0.24439	-0.54680	-2.93267
-0.07054	-0.94509	0.31910	-11.34110
0.59476	0.21697	0.77407	2.60362
0.00000	0.00000	0.00000	1.00000

boidNo = 29
boid Wall No = 0
position = = (-0.6, -10.7, -5.5)
Boid Radius= 12
Boid Frame=
 -0.99826	-0.04764	-0.03480	-0.57163
0.02646	-0.88875	0.45763	-10.66499
0.05273	-0.45591	-0.88846	-5.47095
0.00000	0.00000	0.00000	1.00000

