Iteration Num of Simuation:0
m_SimulationDeltaT of action plan:0
boidNo = 0
boid Wall No = 0
position = = (1.2, -9.8, 1.4)
Boid Radius= 10
Boid Frame=
 0.76204	0.12290	0.63576	1.22903
0.00075	-0.98199	0.18894	-9.81988
-0.64753	0.14351	0.74841	1.43508
0.00000	0.00000	0.00000	1.00000

boidNo = 1
boid Wall No = 0
position = = (2.8, -8.9, -3.5)
Boid Radius= 10
Boid Frame=
 -0.83372	0.28340	0.47391	2.83400
-0.05132	-0.89430	0.44451	-8.94303
-0.54979	-0.34627	-0.76015	-3.46275
0.00000	0.00000	0.00000	1.00000

boidNo = 2
boid Wall No = 1
position = = (-4.6, 2.5, -8.5)
Boid Radius= 10
Boid Frame=
 -0.56566	-0.45796	-0.68579	-4.57962
-0.82240	0.25207	0.51001	2.52070
0.06070	-0.85249	0.51921	-8.52486
0.00000	0.00000	0.00000	1.00000

boidNo = 3
boid Wall No = 1
position = = (6.0, 7.2, -3.5)
Boid Radius= 9.999999
Boid Frame=
 -0.09328	0.60196	-0.79306	6.01961
-0.36639	0.71988	0.58951	7.19885
-0.92578	-0.34555	-0.15340	-3.45555
0.00000	0.00000	0.00000	1.00000

boidNo = 4
boid Wall No = 1
position = = (3.8, 0.1, 9.2)
Boid Radius= 10
Boid Frame=
 0.49095	0.38233	0.78281	3.82335
-0.84933	0.01006	0.52776	0.10058
-0.19391	0.92397	-0.32967	9.23969
0.00000	0.00000	0.00000	1.00000

boidNo = 5
boid Wall No = 0
position = = (1.4, -9.7, 2.1)
Boid Radius= 10
Boid Frame=
 0.98009	0.13942	0.14141	1.39418
0.10474	-0.96792	0.22837	-9.67924
-0.16871	0.20901	0.96325	2.09012
0.00000	0.00000	0.00000	1.00000

boidNo = 6
boid Wall No = 1
position = = (7.9, 6.1, 1.0)
Boid Radius= 10
Boid Frame=
 0.54267	0.78895	-0.28822	7.88950
-0.61284	0.60656	0.50647	6.06557
-0.57440	0.09822	-0.81266	0.98215
0.00000	0.00000	0.00000	1.00000

boidNo = 7
boid Wall No = 0
position = = (1.0, -10.0, 0.1)
Boid Radius= 10
Boid Frame=
 0.06092	0.09726	0.99339	0.97256
-0.00229	-0.99523	0.09758	-9.95226
-0.99814	0.00822	0.06041	0.08219
0.00000	0.00000	0.00000	1.00000

boidNo = 8
boid Wall No = 1
position = = (-9.8, 2.2, -0.3)
Boid Radius= 10
Boid Frame=
 -0.16042	-0.97556	0.15019	-9.75555
-0.60569	0.21744	0.76542	2.17440
0.77937	-0.03182	0.62576	-0.31817
0.00000	0.00000	0.00000	1.00000

boidNo = 9
boid Wall No = 1
position = = (1.1, 8.6, 4.9)
Boid Radius= 10
Boid Frame=
 0.52060	0.10757	0.84700	1.07571
-0.47270	0.86243	0.18101	8.62434
0.71101	0.49461	-0.49983	4.94608
0.00000	0.00000	0.00000	1.00000

boidNo = 10
boid Wall No = 1
position = = (-8.7, 1.9, 4.5)
Boid Radius= 10
Boid Frame=
 0.03193	-0.87393	0.48500	-8.73929
-0.89783	0.18814	0.39813	1.88144
0.43918	0.44816	0.77863	4.48162
0.00000	0.00000	0.00000	1.00000

boidNo = 11
boid Wall No = 0
position = = (0.4, -0.5, 10.0)
Boid Radius= 10
Boid Frame=
 0.59336	0.04253	0.80381	0.42528
-0.80233	-0.04899	0.59486	-0.48993
-0.06468	0.99789	-0.00505	9.97893
0.00000	0.00000	0.00000	1.00000

boidNo = 12
boid Wall No = 1
position = = (7.2, 6.3, 2.9)
Boid Radius= 10
Boid Frame=
 0.66303	0.71640	-0.21718	7.16395
-0.48838	0.63383	0.59979	6.33827
-0.56734	0.29162	-0.77012	2.91618
0.00000	0.00000	0.00000	1.00000

boidNo = 13
boid Wall No = 0
position = = (-5.2, -8.4, -1.8)
Boid Radius= 10
Boid Frame=
 0.20469	-0.51939	-0.82966	-5.19390
-0.32773	-0.83505	0.44191	-8.35052
0.92233	-0.18145	0.34115	-1.81445
0.00000	0.00000	0.00000	1.00000

boidNo = 14
boid Wall No = 1
position = = (3.9, 1.6, 9.1)
Boid Radius= 9.999999
Boid Frame=
 0.74121	0.39049	0.54600	3.90491
-0.63881	0.16044	0.75245	1.60438
-0.20623	0.90652	-0.36837	9.06519
0.00000	0.00000	0.00000	1.00000

boidNo = 15
boid Wall No = 0
position = = (-0.8, -7.7, 6.3)
Boid Radius= 10
Boid Frame=
 0.98262	-0.08360	0.16572	-0.83595
-0.16900	-0.77215	0.61256	-7.72149
-0.07675	0.62992	0.77286	6.29919
0.00000	0.00000	0.00000	1.00000

boidNo = 16
boid Wall No = 1
position = = (4.4, 9.0, -0.4)
Boid Radius= 10
Boid Frame=
 0.00629	0.44358	-0.89621	4.43582
-0.04290	0.89552	0.44294	8.95524
-0.99906	-0.03566	-0.02466	-0.35665
0.00000	0.00000	0.00000	1.00000

boidNo = 17
boid Wall No = 0
position = = (-7.1, -5.9, -3.9)
Boid Radius= 10
Boid Frame=
 -0.23974	-0.70667	-0.66569	-7.06665
-0.31895	-0.59030	0.74150	-5.90296
0.91695	-0.39010	0.08387	-3.90096
0.00000	0.00000	0.00000	1.00000

boidNo = 18
boid Wall No = 0
position = = (-7.4, -3.9, 5.5)
Boid Radius= 10
Boid Frame=
 0.67209	-0.73949	0.03806	-7.39489
-0.47333	-0.38953	0.79008	-3.89528
0.56943	0.54902	0.61182	5.49022
0.00000	0.00000	0.00000	1.00000

boidNo = 19
boid Wall No = 0
position = = (-3.4, -6.0, 7.2)
Boid Radius= 10
Boid Frame=
 0.57922	-0.33790	0.74184	-3.37898
-0.73776	-0.60437	0.30074	-6.04373
-0.34673	0.72150	0.59935	7.21498
0.00000	0.00000	0.00000	1.00000

