Iteration Num of Simuation:0
m_SimulationDeltaT of action plan:0
boidNo = 0
boid Wall No = 0
position = = (1.5, -9.9, 0.2)
Boid Radius= 10
Boid Frame=
 0.09368	0.14512	0.98497	1.45117
-0.01058	-0.98912	0.14673	-9.89119
-0.99555	0.02416	0.09113	0.24163
0.00000	0.00000	0.00000	1.00000

boidNo = 1
boid Wall No = 0
position = = (-0.7, -8.1, 5.9)
Boid Radius= 10
Boid Frame=
 0.99663	-0.06691	0.04742	-0.66911
-0.08201	-0.80694	0.58491	-8.06940
0.00087	0.58683	0.80971	5.86831
0.00000	0.00000	0.00000	1.00000

boidNo = 2
boid Wall No = 0
position = = (-7.3, -4.2, 5.4)
Boid Radius= 10
Boid Frame=
 0.67305	-0.72568	0.14281	-7.25678
-0.59958	-0.42232	0.67981	-4.22319
0.43302	0.54317	0.71935	5.43173
0.00000	0.00000	0.00000	1.00000

boidNo = 3
boid Wall No = 1
position = = (-8.1, 1.5, 5.7)
Boid Radius= 9.999999
Boid Frame=
 0.26576	-0.80962	0.52333	-8.09625
-0.76661	0.15167	0.62394	1.51670
0.58453	0.56701	0.58036	5.67013
0.00000	0.00000	0.00000	1.00000

boidNo = 4
boid Wall No = 0
position = = (8.8, -0.4, -4.8)
Boid Radius= 10
Boid Frame=
 -0.15159	0.87621	-0.45748	8.76206
-0.97001	-0.04291	0.23924	-0.42907
-0.18999	-0.48002	-0.85643	-4.80023
0.00000	0.00000	0.00000	1.00000

boidNo = 5
boid Wall No = 0
position = = (3.4, -9.3, 1.6)
Boid Radius= 10
Boid Frame=
 0.08282	0.34213	0.93600	3.42130
-0.14129	-0.92570	0.35087	-9.25704
-0.98650	0.16131	0.02833	1.61305
0.00000	0.00000	0.00000	1.00000

boidNo = 6
boid Wall No = 0
position = = (-4.2, -2.4, -8.7)
Boid Radius= 10
Boid Frame=
 -0.23011	-0.42106	-0.87736	-4.21057
-0.90454	-0.24002	0.35243	-2.40022
0.35898	-0.87470	0.32563	-8.74700
0.00000	0.00000	0.00000	1.00000

boidNo = 7
boid Wall No = 0
position = = (2.0, -9.8, -0.6)
Boid Radius= 10
Boid Frame=
 -0.52003	0.20228	0.82985	2.02280
-0.05804	-0.97768	0.20194	-9.77676
-0.85217	-0.05686	-0.52016	-0.56857
0.00000	0.00000	0.00000	1.00000

boidNo = 8
boid Wall No = 0
position = = (5.8, -8.1, -0.4)
Boid Radius= 10
Boid Frame=
 -0.55409	0.57877	0.59834	5.78771
-0.36038	-0.81469	0.45432	-8.14690
-0.75041	-0.03611	-0.65999	-0.36108
0.00000	0.00000	0.00000	1.00000

boidNo = 9
boid Wall No = 1
position = = (-5.2, 8.4, -1.6)
Boid Radius= 10
Boid Frame=
 -0.45647	-0.51835	0.72315	-5.18351
-0.11716	0.84071	0.52866	8.40710
0.88199	-0.15659	0.44448	-1.56590
0.00000	0.00000	0.00000	1.00000

boidNo = 10
boid Wall No = 1
position = = (9.3, 3.5, -0.3)
Boid Radius= 9.999999
Boid Frame=
 0.23939	0.93469	-0.26277	9.34689
-0.69753	0.35382	0.62310	3.53824
-0.67538	-0.03413	-0.73668	-0.34127
0.00000	0.00000	0.00000	1.00000

boidNo = 11
boid Wall No = 0
position = = (-0.7, -10.0, 0.0)
Boid Radius= 10
Boid Frame=
 -0.01416	-0.07294	-0.99724	-0.72944
0.00191	-0.99734	0.07292	-9.97336
0.99990	0.00087	-0.01427	0.00869
0.00000	0.00000	0.00000	1.00000

boidNo = 12
boid Wall No = 0
position = = (0.7, -8.8, 4.8)
Boid Radius= 10
Boid Frame=
 0.98256	0.07304	0.17101	0.73045
-0.01894	-0.87552	0.48282	-8.75517
-0.18499	0.47763	0.85886	4.77634
0.00000	0.00000	0.00000	1.00000

boidNo = 13
boid Wall No = 0
position = = (-8.9, -4.3, -1.3)
Boid Radius= 10
Boid Frame=
 0.08013	-0.89230	-0.44428	-8.92296
-0.44023	-0.43157	0.78737	-4.31571
0.89430	-0.13249	0.42740	-1.32489
0.00000	0.00000	0.00000	1.00000

boidNo = 14
boid Wall No = 1
position = = (0.6, 9.7, -2.2)
Boid Radius= 10
Boid Frame=
 -0.78117	0.06186	-0.62125	0.61864
-0.08952	0.97370	0.20952	9.73698
-0.61787	-0.21928	0.75508	-2.19282
0.00000	0.00000	0.00000	1.00000

boidNo = 15
boid Wall No = 0
position = = (-0.7, -9.9, -1.0)
Boid Radius= 10
Boid Frame=
 -0.81490	-0.06560	-0.57587	-0.65596
-0.00606	-0.99256	0.12163	-9.92557
0.57956	-0.10261	-0.80844	-1.02610
0.00000	0.00000	0.00000	1.00000

boidNo = 16
boid Wall No = 0
position = = (0.3, -10.0, -0.8)
Boid Radius= 10
Boid Frame=
 -0.95393	0.02946	0.29857	0.29464
-0.00460	-0.99649	0.08363	-9.96486
-0.29998	-0.07840	-0.95072	-0.78402
0.00000	0.00000	0.00000	1.00000

boidNo = 17
boid Wall No = 0
position = = (3.7, -9.3, -0.2)
Boid Radius= 10
Boid Frame=
 -0.16075	0.36560	0.91679	3.65599
-0.04193	-0.93056	0.36374	-9.30557
-0.98610	-0.02004	-0.16492	-0.20036
0.00000	0.00000	0.00000	1.00000

boidNo = 18
boid Wall No = 1
position = = (7.8, 5.9, -1.9)
Boid Radius= 10
Boid Frame=
 0.09524	0.78156	-0.61651	7.81564
-0.42005	0.59304	0.68692	5.93042
-0.90249	-0.19355	-0.38478	-1.93545
0.00000	0.00000	0.00000	1.00000

boidNo = 19
boid Wall No = 0
position = = (-5.1, -2.5, -8.2)
Boid Radius= 9.999999
Boid Frame=
 -0.07957	-0.51228	-0.85512	-5.12280
-0.93920	-0.24893	0.23652	-2.48931
0.33403	-0.82195	0.46132	-8.21951
0.00000	0.00000	0.00000	1.00000

