Iteration Num of Simuation:0
m_SimulationDeltaT of action plan:0
boidNo = 0
boid Wall No = 0
position = = (-4.6, -1.3, 8.8)
Boid Radius= 10
Boid Frame=
 0.56979	-0.45531	0.68413	-4.55309
-0.80248	-0.12889	0.58259	-1.28891
0.17708	0.88095	0.43882	8.80955
0.00000	0.00000	0.00000	1.00000

boidNo = 1
boid Wall No = 1
position = = (8.1, 4.2, -4.2)
Boid Radius= 10
Boid Frame=
 -0.06860	0.80592	-0.58804	8.05920
-0.64045	0.41636	0.64534	4.16357
-0.76493	-0.42088	-0.48759	-4.20879
0.00000	0.00000	0.00000	1.00000

boidNo = 2
boid Wall No = 0
position = = (-0.2, -9.7, -2.4)
Boid Radius= 10
Boid Frame=
 -0.98835	-0.01926	0.15100	-0.19263
0.05445	-0.97106	0.23255	-9.71059
-0.14215	-0.23806	-0.96079	-2.38061
0.00000	0.00000	0.00000	1.00000

boidNo = 3
boid Wall No = 1
position = = (-6.4, 7.4, -2.0)
Boid Radius= 10
Boid Frame=
 -0.58198	-0.64407	0.49646	-6.44069
-0.29818	0.73699	0.60657	7.36994
0.75656	-0.20498	0.62097	-2.04977
0.00000	0.00000	0.00000	1.00000

boidNo = 4
boid Wall No = 0
position = = (-4.3, -8.9, -1.6)
Boid Radius= 10
Boid Frame=
 -0.37614	-0.42677	-0.82243	-4.26773
0.01258	-0.88988	0.45602	-8.89879
0.92648	-0.16118	-0.34009	-1.61182
0.00000	0.00000	0.00000	1.00000

boidNo = 5
boid Wall No = 0
position = = (8.9, -3.8, 2.4)
Boid Radius= 10
Boid Frame=
 -0.39936	0.89161	0.21341	8.91608
-0.91666	-0.38438	-0.10947	-3.84383
0.01558	0.23934	-0.97081	2.39343
0.00000	0.00000	0.00000	1.00000

boidNo = 6
boid Wall No = 1
position = = (7.1, 4.9, -5.0)
Boid Radius= 10
Boid Frame=
 -0.07496	0.71278	-0.69737	7.12781
-0.66022	0.48863	0.57040	4.88635
-0.74733	-0.50317	-0.43396	-5.03169
0.00000	0.00000	0.00000	1.00000

boidNo = 7
boid Wall No = 1
position = = (-0.9, 10.0, 0.2)
Boid Radius= 10
Boid Frame=
 -0.02845	-0.08576	0.99591	-0.85759
-0.02333	0.99610	0.08511	9.96098
0.99932	0.02082	0.03034	0.20817
0.00000	0.00000	0.00000	1.00000

boidNo = 8
boid Wall No = 1
position = = (-1.1, 1.5, -9.8)
Boid Radius= 10
Boid Frame=
 -0.75071	-0.10516	-0.65221	-1.05160
-0.66033	0.14915	0.73601	1.49155
-0.01988	-0.98321	0.18141	-9.83206
0.00000	0.00000	0.00000	1.00000

boidNo = 9
boid Wall No = 0
position = = (3.0, -8.7, 4.0)
Boid Radius= 10
Boid Frame=
 0.81128	0.29918	0.50231	2.99183
0.01074	-0.86664	0.49883	-8.66635
-0.58456	0.39929	0.70629	3.99291
0.00000	0.00000	0.00000	1.00000

boidNo = 10
boid Wall No = 0
position = = (8.9, -2.0, 4.1)
Boid Radius= 10
Boid Frame=
 0.05534	0.89168	0.44926	8.91684
-0.84701	-0.19632	0.49399	-1.96319
-0.52868	0.40787	-0.74440	4.07872
0.00000	0.00000	0.00000	1.00000

boidNo = 11
boid Wall No = 1
position = = (-3.6, 9.0, -2.5)
Boid Radius= 10
Boid Frame=
 -0.92518	-0.35889	0.12343	-3.58887
-0.30609	0.89788	0.31641	8.97884
0.22438	-0.25496	0.94056	-2.54961
0.00000	0.00000	0.00000	1.00000

boidNo = 12
boid Wall No = 0
position = = (-6.9, -1.9, 6.9)
Boid Radius= 10
Boid Frame=
 0.60394	-0.69395	0.39203	-6.93948
-0.68048	-0.19286	0.70693	-1.92856
0.41497	0.69372	0.58869	6.93717
0.00000	0.00000	0.00000	1.00000

boidNo = 13
boid Wall No = 0
position = = (-7.2, -7.0, -0.4)
Boid Radius= 10
Boid Frame=
 0.12767	-0.71693	-0.68535	-7.16930
-0.18062	-0.69626	0.69469	-6.96261
0.97523	-0.03510	0.21839	-0.35097
0.00000	0.00000	0.00000	1.00000

boidNo = 14
boid Wall No = 0
position = = (5.1, -8.5, -1.3)
Boid Radius= 10
Boid Frame=
 -0.18593	0.50713	0.84157	5.07132
0.04009	-0.85188	0.52220	-8.51881
-0.98174	-0.13083	-0.13806	-1.30830
0.00000	0.00000	0.00000	1.00000

boidNo = 15
boid Wall No = 0
position = = (-4.1, -9.0, 1.3)
Boid Radius= 10
Boid Frame=
 0.16047	-0.41037	-0.89769	-4.10366
0.06616	-0.90296	0.42460	-9.02960
0.98482	0.12753	0.11775	1.27530
0.00000	0.00000	0.00000	1.00000

boidNo = 16
boid Wall No = 1
position = = (-5.8, 1.7, -7.9)
Boid Radius= 10
Boid Frame=
 -0.66083	-0.58399	-0.47144	-5.83993
-0.66661	0.16807	0.72621	1.68074
0.34486	-0.79417	0.50037	-7.94169
0.00000	0.00000	0.00000	1.00000

boidNo = 17
boid Wall No = 1
position = = (-5.8, 7.3, 3.7)
Boid Radius= 10
Boid Frame=
 0.07533	-0.57768	0.81278	-5.77678
-0.40017	0.72907	0.55527	7.29068
0.91334	0.36708	0.17625	3.67082
0.00000	0.00000	0.00000	1.00000

boidNo = 18
boid Wall No = 0
position = = (-0.9, -9.8, -1.8)
Boid Radius= 10
Boid Frame=
 -0.93306	-0.08704	-0.34904	-0.87045
0.01798	-0.98035	0.19643	-9.80353
0.35928	-0.17701	-0.91629	-1.77006
0.00000	0.00000	0.00000	1.00000

boidNo = 19
boid Wall No = 0
position = = (-0.1, -10.0, -0.9)
Boid Radius= 10
Boid Frame=
 -0.99833	-0.01286	-0.05632	-0.12857
0.00757	-0.99562	0.09315	-9.95623
0.05728	-0.09257	-0.99406	-0.92572
0.00000	0.00000	0.00000	1.00000

