Iteration Num of Simuation:0
m_SimulationDeltaT of action plan:0
boidNo = 0
boid Wall No = 0
position = = (-0.4, -9.7, 2.5)
Boid Radius= 10
Boid Frame=
 0.99299	-0.03734	-0.11217	-0.37342
-0.00806	-0.96799	0.25087	-9.67987
0.11795	0.24821	0.96150	2.48207
0.00000	0.00000	0.00000	1.00000

boidNo = 1
boid Wall No = 1
position = = (-2.4, 1.3, 9.6)
Boid Radius= 10
Boid Frame=
 0.65118	-0.24375	0.71872	-2.43754
-0.71200	0.13162	0.68973	1.31619
0.26272	0.96086	0.08785	9.60864
0.00000	0.00000	0.00000	1.00000

boidNo = 2
boid Wall No = 1
position = = (1.3, 9.9, 0.9)
Boid Radius= 10
Boid Frame=
 0.80256	0.12612	-0.58308	1.26123
-0.04927	0.98807	0.14590	9.88071
-0.59453	0.08837	-0.79920	0.88367
0.00000	0.00000	0.00000	1.00000

boidNo = 3
boid Wall No = 0
position = = (0.7, -6.2, 7.8)
Boid Radius= 10
Boid Frame=
 0.90882	0.06904	0.41143	0.69043
-0.28262	-0.62353	0.72893	-6.23532
-0.30687	0.77874	0.54717	7.78743
0.00000	0.00000	0.00000	1.00000

boidNo = 4
boid Wall No = 1
position = = (-0.7, 9.8, 2.0)
Boid Radius= 10
Boid Frame=
 0.80315	-0.07183	0.59143	-0.71827
-0.06129	0.97748	0.20194	9.77479
0.59262	0.19843	-0.78066	1.98432
0.00000	0.00000	0.00000	1.00000

boidNo = 5
boid Wall No = 1
position = = (-4.6, 7.1, -5.3)
Boid Radius= 10
Boid Frame=
 -0.87928	-0.46345	0.10996	-4.63447
-0.29179	0.70656	0.64469	7.06561
0.37647	-0.53478	0.75649	-5.34779
0.00000	0.00000	0.00000	1.00000

boidNo = 6
boid Wall No = 0
position = = (3.4, -2.3, 9.1)
Boid Radius= 10
Boid Frame=
 0.41722	0.34095	0.84243	3.40955
-0.83312	-0.22687	0.50443	-2.26866
-0.36310	0.91229	-0.18940	9.12295
0.00000	0.00000	0.00000	1.00000

boidNo = 7
boid Wall No = 0
position = = (3.8, -9.2, -0.3)
Boid Radius= 10
Boid Frame=
 0.08976	0.38089	0.92025	3.80892
0.06656	-0.92421	0.37604	-9.24211
-0.99374	-0.02749	0.10831	-0.27494
0.00000	0.00000	0.00000	1.00000

boidNo = 8
boid Wall No = 1
position = = (2.6, 9.2, 3.0)
Boid Radius= 10
Boid Frame=
 0.84559	0.26054	-0.46595	2.60536
-0.06610	0.91720	0.39290	9.17204
-0.52973	0.30143	-0.79280	3.01426
0.00000	0.00000	0.00000	1.00000

boidNo = 9
boid Wall No = 0
position = = (0.2, -9.9, -1.5)
Boid Radius= 10
Boid Frame=
 -0.99098	0.02151	0.13229	0.21509
-0.00073	-0.98790	0.15512	-9.87896
-0.13403	-0.15362	-0.97900	-1.53621
0.00000	0.00000	0.00000	1.00000

boidNo = 10
boid Wall No = 1
position = = (-5.6, 2.5, -7.9)
Boid Radius= 10
Boid Frame=
 -0.72390	-0.55582	-0.40870	-5.55818
-0.61540	0.25245	0.74669	2.52449
0.31185	-0.79205	0.52480	-7.92045
0.00000	0.00000	0.00000	1.00000

boidNo = 11
boid Wall No = 1
position = = (-5.9, 5.8, 5.7)
Boid Radius= 10
Boid Frame=
 0.38550	-0.58883	0.71040	-5.88829
-0.41446	0.57737	0.70347	5.77370
0.82439	0.56562	0.02147	5.65619
0.00000	0.00000	0.00000	1.00000

boidNo = 12
boid Wall No = 1
position = = (5.5, 7.8, -2.9)
Boid Radius= 10
Boid Frame=
 0.13699	0.55454	-0.82080	5.54545
-0.42789	0.78045	0.45587	7.80447
-0.89339	-0.28876	-0.34420	-2.88759
0.00000	0.00000	0.00000	1.00000

boidNo = 13
boid Wall No = 0
position = = (9.0, -3.8, 2.1)
Boid Radius= 10
Boid Frame=
 0.00316	0.90187	0.43199	9.01873
-0.47097	-0.37974	0.79623	-3.79738
-0.88214	0.20597	-0.42355	2.05972
0.00000	0.00000	0.00000	1.00000

boidNo = 14
boid Wall No = 1
position = = (1.9, 4.6, 8.7)
Boid Radius= 9.999999
Boid Frame=
 0.86027	0.19370	0.47161	1.93701
-0.50425	0.45977	0.73098	4.59771
0.07524	0.86666	-0.49320	8.66655
0.00000	0.00000	0.00000	1.00000

boidNo = 15
boid Wall No = 0
position = = (2.9, -9.2, -2.4)
Boid Radius= 10
Boid Frame=
 -0.65574	0.29220	0.69615	2.92203
-0.00862	-0.92490	0.38011	-9.24903
-0.75494	-0.24325	-0.60902	-2.43252
0.00000	0.00000	0.00000	1.00000

boidNo = 16
boid Wall No = 1
position = = (5.6, 8.2, -1.6)
Boid Radius= 10
Boid Frame=
 -0.03952	0.55574	-0.83042	5.55740
-0.16423	0.81615	0.55401	8.16151
-0.98563	-0.15827	-0.05902	-1.58273
0.00000	0.00000	0.00000	1.00000

boidNo = 17
boid Wall No = 0
position = = (-3.0, -1.4, -9.4)
Boid Radius= 10
Boid Frame=
 -0.53929	-0.30208	-0.78608	-3.02077
-0.79093	-0.13879	0.59595	-1.38788
0.28912	-0.94313	0.16408	-9.43127
0.00000	0.00000	0.00000	1.00000

boidNo = 18
boid Wall No = 1
position = = (-5.3, 1.6, -8.3)
Boid Radius= 10
Boid Frame=
 -0.68093	-0.53468	-0.50045	-5.34685
-0.66384	0.16204	0.73011	1.62036
0.30929	-0.82937	0.46528	-8.29371
0.00000	0.00000	0.00000	1.00000

boidNo = 19
boid Wall No = 1
position = = (8.9, 1.2, 4.5)
Boid Radius= 10
Boid Frame=
 0.32620	0.88579	0.33010	8.85791
-0.84879	0.12075	0.51475	1.20750
-0.41610	0.44810	-0.79124	4.48101
0.00000	0.00000	0.00000	1.00000

