Iteration Num of Simuation:0
m_SimulationDeltaT of action plan:0
boidNo = 0
boid Wall No = 0
position = = (3.1, -9.3, 2.0)
Boid Radius= 10
Boid Frame=
 0.81621	0.31279	0.48577	3.12788
0.15297	-0.92777	0.34037	-9.27767
-0.55714	0.20350	0.80510	2.03501
0.00000	0.00000	0.00000	1.00000

boidNo = 1
boid Wall No = 0
position = = (3.8, -7.1, 5.9)
Boid Radius= 10
Boid Frame=
 0.58334	0.38027	0.71771	3.80269
-0.31140	-0.71140	0.63003	-7.11400
-0.75016	0.59102	0.29657	5.91021
0.00000	0.00000	0.00000	1.00000

boidNo = 2
boid Wall No = 0
position = = (-5.2, -8.4, 1.6)
Boid Radius= 10
Boid Frame=
 0.39916	-0.52067	-0.75470	-5.20673
-0.06969	-0.83796	0.54126	-8.37964
0.91423	0.16345	0.37077	1.63452
0.00000	0.00000	0.00000	1.00000

boidNo = 3
boid Wall No = 0
position = = (1.2, -0.9, 9.9)
Boid Radius= 10
Boid Frame=
 0.73699	0.11727	0.66565	1.17268
-0.65975	-0.08921	0.74617	-0.89211
-0.14689	0.98909	-0.01162	9.89085
0.00000	0.00000	0.00000	1.00000

boidNo = 4
boid Wall No = 0
position = = (7.8, -1.0, 6.2)
Boid Radius= 10
Boid Frame=
 0.40254	0.77664	0.48456	7.76637
-0.68402	-0.09658	0.72304	-0.96582
-0.60834	0.62250	-0.49236	6.22500
0.00000	0.00000	0.00000	1.00000

boidNo = 5
boid Wall No = 0
position = = (0.7, -9.9, -1.3)
Boid Radius= 10
Boid Frame=
 -0.93047	0.06555	0.36045	0.65549
-0.01441	-0.98965	0.14277	-9.89651
-0.36608	-0.12765	-0.92179	-1.27652
0.00000	0.00000	0.00000	1.00000

boidNo = 6
boid Wall No = 0
position = = (-7.2, -6.3, 2.9)
Boid Radius= 10
Boid Frame=
 0.55360	-0.71772	-0.42239	-7.17715
-0.26032	-0.63092	0.73087	-6.30925
0.79105	0.29465	0.53611	2.94650
0.00000	0.00000	0.00000	1.00000

boidNo = 7
boid Wall No = 0
position = = (5.1, -4.8, -7.1)
Boid Radius= 10
Boid Frame=
 -0.80376	0.51014	-0.30615	5.10144
-0.56151	-0.48031	0.67381	-4.80310
-0.19669	-0.71348	-0.67250	-7.13482
0.00000	0.00000	0.00000	1.00000

boidNo = 8
boid Wall No = 0
position = = (5.6, -7.8, 2.8)
Boid Radius= 9.999999
Boid Frame=
 0.35594	0.55535	0.75159	5.55353
-0.08146	-0.78277	0.61696	-7.82765
-0.93095	0.28082	0.23338	2.80823
0.00000	0.00000	0.00000	1.00000

boidNo = 9
boid Wall No = 0
position = = (2.6, -9.1, -3.1)
Boid Radius= 10
Boid Frame=
 -0.74963	0.26334	0.60721	2.63339
0.01120	-0.91226	0.40946	-9.12258
-0.66176	-0.31375	-0.68091	-3.13749
0.00000	0.00000	0.00000	1.00000

boidNo = 10
boid Wall No = 1
position = = (-2.7, 9.6, 0.6)
Boid Radius= 10
Boid Frame=
 0.06574	-0.27450	0.95934	-2.74500
-0.03941	0.95995	0.27738	9.59952
0.99706	0.05604	-0.05229	0.56043
0.00000	0.00000	0.00000	1.00000

boidNo = 11
boid Wall No = 0
position = = (0.3, -9.4, -3.3)
Boid Radius= 10
Boid Frame=
 -0.90436	0.02707	-0.42591	0.27072
-0.16492	-0.94263	0.29026	-9.42631
0.39362	-0.33274	-0.85694	-3.32736
0.00000	0.00000	0.00000	1.00000

boidNo = 12
boid Wall No = 0
position = = (3.6, -5.2, -7.8)
Boid Radius= 10
Boid Frame=
 -0.42058	0.35939	-0.83304	3.59386
-0.83342	-0.51586	0.19822	-5.15860
0.35849	-0.77764	-0.51648	-7.77644
0.00000	0.00000	0.00000	1.00000

boidNo = 13
boid Wall No = 0
position = = (-5.7, -0.6, -8.2)
Boid Radius= 10
Boid Frame=
 -0.19133	-0.56854	-0.80010	-5.68537
-0.95921	-0.06451	0.27523	-0.64513
0.20809	-0.82012	0.53300	-8.20124
0.00000	0.00000	0.00000	1.00000

boidNo = 14
boid Wall No = 1
position = = (2.9, 9.2, 2.5)
Boid Radius= 10
Boid Frame=
 0.94148	0.29454	-0.16388	2.94544
-0.23516	0.92230	0.30669	9.22301
-0.24148	0.25021	-0.93759	2.50210
0.00000	0.00000	0.00000	1.00000

boidNo = 15
boid Wall No = 0
position = = (7.6, -5.3, -3.8)
Boid Radius= 9.999999
Boid Frame=
 -0.62611	0.76083	0.17066	7.60832
-0.44365	-0.52759	0.72445	-5.27591
-0.64122	-0.37787	-0.66787	-3.77867
0.00000	0.00000	0.00000	1.00000

boidNo = 16
boid Wall No = 0
position = = (8.1, -4.7, -3.5)
Boid Radius= 10
Boid Frame=
 -0.55171	0.81175	0.19151	8.11752
-0.41292	-0.46535	0.78291	-4.65349
-0.72465	-0.35286	-0.59193	-3.52860
0.00000	0.00000	0.00000	1.00000

boidNo = 17
boid Wall No = 0
position = = (0.1, -10.0, -0.1)
Boid Radius= 10
Boid Frame=
 -0.82080	0.01287	0.57107	0.12868
-0.00390	-0.99985	0.01692	-9.99849
-0.57121	-0.01166	-0.82072	-0.11659
0.00000	0.00000	0.00000	1.00000

boidNo = 18
boid Wall No = 1
position = = (6.5, 3.8, 6.6)
Boid Radius= 10
Boid Frame=
 0.72182	0.65059	0.23603	6.50586
-0.57621	0.37604	0.72565	3.76042
-0.38334	0.65980	-0.64631	6.59796
0.00000	0.00000	0.00000	1.00000

boidNo = 19
boid Wall No = 0
position = = (-2.3, -9.6, 1.3)
Boid Radius= 10
Boid Frame=
 0.43369	-0.23123	-0.87088	-2.31234
0.01639	-0.96433	0.26420	-9.64328
0.90091	0.12885	0.41444	1.28854
0.00000	0.00000	0.00000	1.00000

