Iteration Num of Simuation:0
m_SimulationDeltaT of action plan:0
boidNo = 0
boid Wall No = 1
position = = (-9.7, 0.6, -2.5)
Boid Radius= 10
Boid Frame=
 -0.20913	-0.96592	-0.15255	-9.65917
-0.75099	0.05872	0.65770	0.58724
0.62633	-0.25210	0.73767	-2.52103
0.00000	0.00000	0.00000	1.00000

boidNo = 1
boid Wall No = 0
position = = (0.1, -9.7, -2.2)
Boid Radius= 10
Boid Frame=
 -0.99682	0.00745	0.07936	0.07446
0.01043	-0.97488	0.22247	-9.74883
-0.07902	-0.22259	-0.97170	-2.22593
0.00000	0.00000	0.00000	1.00000

boidNo = 2
boid Wall No = 1
position = = (-3.0, 9.3, 2.3)
Boid Radius= 10
Boid Frame=
 0.23625	-0.30496	0.92260	-3.04958
-0.15673	0.92508	0.34591	9.25084
0.95897	0.22632	-0.17076	2.26318
0.00000	0.00000	0.00000	1.00000

boidNo = 3
boid Wall No = 1
position = = (8.5, 3.2, -4.2)
Boid Radius= 10
Boid Frame=
 0.03917	0.85085	-0.52395	8.50847
-0.83086	0.31902	0.45595	3.19025
-0.55510	-0.41747	-0.71943	-4.17471
0.00000	0.00000	0.00000	1.00000

boidNo = 4
boid Wall No = 1
position = = (-2.9, 2.8, 9.1)
Boid Radius= 10
Boid Frame=
 0.26061	-0.28965	0.92097	-2.89645
-0.89633	0.28185	0.34228	2.81853
0.35872	0.91469	0.18616	9.14694
0.00000	0.00000	0.00000	1.00000

boidNo = 5
boid Wall No = 1
position = = (-3.7, 3.0, -8.8)
Boid Radius= 10
Boid Frame=
 -0.72543	-0.36737	-0.58206	-3.67373
-0.68445	0.29565	0.66643	2.95652
0.07274	-0.88183	0.46592	-8.81832
0.00000	0.00000	0.00000	1.00000

boidNo = 6
boid Wall No = 1
position = = (6.9, 6.9, -2.2)
Boid Radius= 10
Boid Frame=
 0.07774	0.69070	-0.71895	6.90700
-0.37510	0.68841	0.62080	6.88410
-0.92372	-0.22142	-0.31260	-2.21416
0.00000	0.00000	0.00000	1.00000

boidNo = 7
boid Wall No = 0
position = = (1.7, -6.3, -7.6)
Boid Radius= 9.999999
Boid Frame=
 -0.96293	0.16784	-0.21116	1.67839
-0.26953	-0.62976	0.72853	-6.29761
0.01071	-0.75844	-0.65166	-7.58440
0.00000	0.00000	0.00000	1.00000

boidNo = 8
boid Wall No = 0
position = = (-9.1, -3.0, -2.9)
Boid Radius= 9.999999
Boid Frame=
 -0.10443	-0.90785	-0.40608	-9.07849
-0.50031	-0.30493	0.81038	-3.04932
0.85953	-0.28779	0.42236	-2.87795
0.00000	0.00000	0.00000	1.00000

boidNo = 9
boid Wall No = 0
position = = (-2.7, -9.6, 0.5)
Boid Radius= 10
Boid Frame=
 -0.08821	-0.27016	-0.95877	-2.70158
0.08122	-0.96126	0.26339	-9.61265
0.99279	0.05464	-0.10674	0.54638
0.00000	0.00000	0.00000	1.00000

boidNo = 10
boid Wall No = 0
position = = (1.0, -9.6, -2.4)
Boid Radius= 10
Boid Frame=
 -0.94799	0.10141	0.30171	1.01405
-0.01908	-0.96429	0.26415	-9.64292
-0.31772	-0.24466	-0.91608	-2.44658
0.00000	0.00000	0.00000	1.00000

boidNo = 11
boid Wall No = 1
position = = (-2.0, 9.8, -0.1)
Boid Radius= 10
Boid Frame=
 0.15388	-0.19621	0.96841	-1.96214
0.04012	0.98052	0.19229	9.80517
0.98728	-0.00927	-0.15875	-0.09266
0.00000	0.00000	0.00000	1.00000

boidNo = 12
boid Wall No = 0
position = = (3.6, -4.8, -8.0)
Boid Radius= 10
Boid Frame=
 -0.87696	0.35764	-0.32101	3.57637
-0.46714	-0.47758	0.74411	-4.77577
-0.11282	-0.80251	-0.58588	-8.02506
0.00000	0.00000	0.00000	1.00000

boidNo = 13
boid Wall No = 1
position = = (-9.7, 1.5, 2.2)
Boid Radius= 10
Boid Frame=
 0.04027	-0.96514	0.25863	-9.65136
-0.73932	0.14534	0.65748	1.45342
0.67215	0.21769	0.70769	2.17691
0.00000	0.00000	0.00000	1.00000

boidNo = 14
boid Wall No = 1
position = = (4.8, 8.4, -2.6)
Boid Radius= 10
Boid Frame=
 -0.27999	0.48017	-0.83129	4.80171
-0.13552	0.83748	0.52939	8.37482
-0.95039	-0.26088	0.16941	-2.60882
0.00000	0.00000	0.00000	1.00000

boidNo = 15
boid Wall No = 1
position = = (7.7, 6.4, -0.6)
Boid Radius= 10
Boid Frame=
 0.22991	0.76736	-0.59858	7.67360
-0.36035	0.63846	0.68008	6.38465
-0.90404	-0.05934	-0.42331	-0.59341
0.00000	0.00000	0.00000	1.00000

boidNo = 16
boid Wall No = 0
position = = (5.2, -7.2, -4.6)
Boid Radius= 10
Boid Frame=
 -0.82778	0.52276	-0.20370	5.22765
-0.55668	-0.72006	0.41427	-7.20063
-0.06989	-0.45632	-0.88707	-4.56318
0.00000	0.00000	0.00000	1.00000

boidNo = 17
boid Wall No = 0
position = = (0.0, -10.0, 0.1)
Boid Radius= 10
Boid Frame=
 0.83722	-0.00039	-0.54686	-0.00388
0.00688	-0.99991	0.01125	-9.99913
0.54682	0.01318	0.83715	0.13180
0.00000	0.00000	0.00000	1.00000

boidNo = 18
boid Wall No = 0
position = = (4.3, -4.0, 8.1)
Boid Radius= 10
Boid Frame=
 0.12773	0.42997	0.89376	4.29972
-0.86067	-0.39978	0.31532	-3.99782
-0.49289	0.80951	-0.31900	8.09505
0.00000	0.00000	0.00000	1.00000

boidNo = 19
boid Wall No = 1
position = = (2.6, 7.1, 6.5)
Boid Radius= 10
Boid Frame=
 0.70296	0.25671	0.66329	2.56713
-0.60145	0.71233	0.36172	7.12330
0.37962	0.65321	-0.65514	6.53211
0.00000	0.00000	0.00000	1.00000

