Iteration Num of Simuation:0
m_SimulationDeltaT of action plan:0
boidNo = 0
boid Wall No = 1
position = = (0.0, 4.0, 9.1)
Boid Radius= 10
Boid Frame=
 0.64875	0.00147	0.76100	0.01466
-0.69668	0.40351	0.59314	4.03509
0.30620	0.91497	-0.26280	9.14975
0.00000	0.00000	0.00000	1.00000

boidNo = 1
boid Wall No = 0
position = = (-3.4, -4.3, 8.3)
Boid Radius= 10
Boid Frame=
 0.74588	-0.33799	0.57395	-3.37986
-0.66462	-0.43466	0.60775	-4.34658
-0.04406	0.83477	0.54884	8.34768
0.00000	0.00000	0.00000	1.00000

boidNo = 2
boid Wall No = 1
position = = (5.3, 6.2, 5.8)
Boid Radius= 10
Boid Frame=
 0.79274	0.52684	0.30659	5.26840
-0.60537	0.62166	0.49706	6.21657
-0.07128	0.57964	-0.81175	5.79640
0.00000	0.00000	0.00000	1.00000

boidNo = 3
boid Wall No = 1
position = = (-9.8, 1.3, -1.5)
Boid Radius= 10
Boid Frame=
 -0.19976	-0.97984	-0.00162	-9.79844
-0.65828	0.13298	0.74094	1.32979
0.72579	-0.14907	0.67157	-1.49070
0.00000	0.00000	0.00000	1.00000

boidNo = 4
boid Wall No = 0
position = = (0.4, -9.2, 3.9)
Boid Radius= 10
Boid Frame=
 0.99090	0.04021	0.12848	0.40211
-0.01380	-0.91899	0.39404	-9.18991
-0.13392	0.39222	0.91007	3.92222
0.00000	0.00000	0.00000	1.00000

boidNo = 5
boid Wall No = 0
position = = (6.8, -2.0, 7.1)
Boid Radius= 10
Boid Frame=
 0.31524	0.67548	0.66660	6.75480
-0.79087	-0.20126	0.57794	-2.01257
-0.52455	0.70938	-0.47077	7.09382
0.00000	0.00000	0.00000	1.00000

boidNo = 6
boid Wall No = 0
position = = (-5.2, -5.2, -6.8)
Boid Radius= 10
Boid Frame=
 -0.27992	-0.52204	-0.80568	-5.22040
-0.64577	-0.51860	0.56039	-5.18599
0.71037	-0.67715	0.19195	-6.77148
0.00000	0.00000	0.00000	1.00000

boidNo = 7
boid Wall No = 0
position = = (0.1, -9.9, -1.1)
Boid Radius= 10
Boid Frame=
 -0.99509	0.00944	-0.09854	0.09441
-0.02052	-0.99350	0.11199	-9.93497
0.09684	-0.11347	-0.98881	-1.13466
0.00000	0.00000	0.00000	1.00000

boidNo = 8
boid Wall No = 1
position = = (3.3, 8.9, -3.1)
Boid Radius= 10
Boid Frame=
 -0.61123	0.33466	-0.71722	3.34664
-0.04374	0.89053	0.45281	8.90534
-0.79024	-0.30814	0.52968	-3.08139
0.00000	0.00000	0.00000	1.00000

boidNo = 9
boid Wall No = 0
position = = (-9.9, -1.1, 0.7)
Boid Radius= 10
Boid Frame=
 0.11957	-0.99179	-0.04543	-9.91786
-0.58254	-0.10714	0.80571	-1.07137
0.80396	0.06988	0.59057	0.69880
0.00000	0.00000	0.00000	1.00000

boidNo = 10
boid Wall No = 1
position = = (4.5, 8.1, -3.8)
Boid Radius= 10
Boid Frame=
 -0.09702	0.44928	-0.88811	4.49276
-0.38281	0.80683	0.44998	8.06832
-0.91872	-0.38363	-0.09371	-3.83631
0.00000	0.00000	0.00000	1.00000

boidNo = 11
boid Wall No = 1
position = = (0.3, 10.0, 0.9)
Boid Radius= 10
Boid Frame=
 0.89464	0.03146	0.44567	0.31456
-0.06696	0.99569	0.06413	9.95692
0.44174	0.08722	-0.89289	0.87219
0.00000	0.00000	0.00000	1.00000

boidNo = 12
boid Wall No = 0
position = = (-1.8, -9.8, -0.9)
Boid Radius= 10
Boid Frame=
 -0.32529	-0.17712	-0.92888	-1.77118
-0.03065	-0.97981	0.19756	-9.79811
0.94512	-0.09274	-0.31329	-0.92737
0.00000	0.00000	0.00000	1.00000

boidNo = 13
boid Wall No = 0
position = = (1.1, -5.8, -8.1)
Boid Radius= 10
Boid Frame=
 -0.83645	0.10515	-0.53786	1.05149
-0.48977	-0.58379	0.64754	-5.83789
0.24591	-0.80507	-0.53981	-8.05068
0.00000	0.00000	0.00000	1.00000

boidNo = 14
boid Wall No = 1
position = = (2.0, 1.3, -9.7)
Boid Radius= 10
Boid Frame=
 -0.37207	0.19751	-0.90695	1.97514
-0.90702	0.13020	0.40045	1.30197
-0.19718	-0.97162	-0.13071	-9.71616
0.00000	0.00000	0.00000	1.00000

boidNo = 15
boid Wall No = 0
position = = (-6.7, -0.6, -7.4)
Boid Radius= 10
Boid Frame=
 -0.55714	-0.66604	-0.49598	-6.66035
-0.62169	-0.06143	0.78085	-0.61428
0.55054	-0.74339	0.37984	-7.43387
0.00000	0.00000	0.00000	1.00000

boidNo = 16
boid Wall No = 1
position = = (2.7, 9.6, 0.3)
Boid Radius= 10
Boid Frame=
 0.70643	0.26749	-0.65529	2.67494
-0.17183	0.96295	0.20784	9.62952
-0.68661	0.03422	-0.72622	0.34225
0.00000	0.00000	0.00000	1.00000

boidNo = 17
boid Wall No = 1
position = = (-0.9, 8.6, -5.0)
Boid Radius= 10
Boid Frame=
 -0.99484	-0.08667	-0.05273	-0.86671
-0.10143	0.85975	0.50055	8.59746
-0.00195	-0.50331	0.86410	-5.03315
0.00000	0.00000	0.00000	1.00000

boidNo = 18
boid Wall No = 1
position = = (7.6, 5.3, -3.8)
Boid Radius= 10
Boid Frame=
 0.01856	0.75912	-0.65069	7.59117
-0.59870	0.52967	0.60084	5.29665
-0.80076	-0.37841	-0.46432	-3.78412
0.00000	0.00000	0.00000	1.00000

boidNo = 19
boid Wall No = 0
position = = (8.9, -1.6, -4.3)
Boid Radius= 10
Boid Frame=
 -0.21287	0.88861	-0.40627	8.88611
-0.97318	-0.15568	0.16939	-1.55684
-0.08727	-0.43143	-0.89791	-4.31432
0.00000	0.00000	0.00000	1.00000

