Iteration Num of Simuation:0
m_SimulationDeltaT of action plan:0
boidNo = 0
boid Wall No = 0
position = = (-1.7, -9.8, 0.8)
Boid Radius= 10
Boid Frame=
 0.50652	-0.17059	-0.84518	-1.70588
-0.01708	-0.98203	0.18797	-9.82026
0.86206	0.08077	0.50033	0.80772
0.00000	0.00000	0.00000	1.00000

boidNo = 1
boid Wall No = 1
position = = (6.4, 7.6, 1.3)
Boid Radius= 10
Boid Frame=
 0.49814	0.64229	-0.58252	6.42286
-0.28030	0.75501	0.59278	7.55012
-0.82054	0.13200	-0.55613	1.32003
0.00000	0.00000	0.00000	1.00000

boidNo = 2
boid Wall No = 0
position = = (-9.2, -1.7, -3.5)
Boid Radius= 9.999999
Boid Frame=
 -0.04496	-0.92071	-0.38765	-9.20709
-0.85252	-0.16692	0.49532	-1.66916
0.52075	-0.35275	0.77742	-3.52753
0.00000	0.00000	0.00000	1.00000

boidNo = 3
boid Wall No = 0
position = = (0.5, -10.0, -0.8)
Boid Radius= 10
Boid Frame=
 -0.91150	0.04621	0.40871	0.46213
-0.01103	-0.99606	0.08803	-9.96057
-0.41116	-0.07573	-0.90841	-0.75729
0.00000	0.00000	0.00000	1.00000

boidNo = 4
boid Wall No = 0
position = = (-5.3, -8.1, 2.6)
Boid Radius= 10
Boid Frame=
 0.45871	-0.53240	-0.71143	-5.32403
-0.01754	-0.80590	0.59179	-8.05900
0.88841	0.25898	0.37901	2.58984
0.00000	0.00000	0.00000	1.00000

boidNo = 5
boid Wall No = 0
position = = (-0.9, -9.2, -3.8)
Boid Radius= 10
Boid Frame=
 -0.95981	-0.08944	0.26600	-0.89438
0.18043	-0.92265	0.34082	-9.22651
-0.21495	-0.37512	-0.90171	-3.75121
0.00000	0.00000	0.00000	1.00000

boidNo = 6
boid Wall No = 0
position = = (-0.2, -9.9, -1.7)
Boid Radius= 10
Boid Frame=
 -0.97636	-0.02093	-0.21513	-0.20928
-0.01570	-0.98581	0.16716	-9.85805
0.21557	-0.16658	-0.96217	-1.66583
0.00000	0.00000	0.00000	1.00000

boidNo = 7
boid Wall No = 1
position = = (-1.2, 0.8, -9.9)
Boid Radius= 10
Boid Frame=
 -0.65574	-0.11694	-0.74588	-1.16938
-0.75479	0.07869	0.65123	0.78691
0.01746	-0.99002	0.13986	-9.90017
0.00000	0.00000	0.00000	1.00000

boidNo = 8
boid Wall No = 1
position = = (-8.4, 5.4, 0.8)
Boid Radius= 10
Boid Frame=
 -0.24885	-0.83993	0.48228	-8.39927
-0.51258	0.53671	0.67023	5.36708
0.82179	0.08042	0.56409	0.80417
0.00000	0.00000	0.00000	1.00000

boidNo = 9
boid Wall No = 0
position = = (-2.5, -9.6, 1.3)
Boid Radius= 10
Boid Frame=
 0.45927	-0.24737	-0.85316	-2.47372
0.00595	-0.95956	0.28142	-9.59565
0.88828	0.13432	0.43922	1.34323
0.00000	0.00000	0.00000	1.00000

boidNo = 10
boid Wall No = 0
position = = (-2.1, -0.3, 9.8)
Boid Radius= 10
Boid Frame=
 0.42996	-0.21393	0.87714	-2.13928
-0.90006	-0.02527	0.43503	-0.25268
0.07090	0.97652	0.20341	9.76523
0.00000	0.00000	0.00000	1.00000

boidNo = 11
boid Wall No = 0
position = = (8.6, -2.7, -4.4)
Boid Radius= 10
Boid Frame=
 -0.49198	0.85747	-0.15064	8.57473
-0.67565	-0.26694	0.68720	-2.66936
-0.54904	-0.43987	-0.71068	-4.39870
0.00000	0.00000	0.00000	1.00000

boidNo = 12
boid Wall No = 0
position = = (5.5, -4.0, 7.3)
Boid Radius= 10
Boid Frame=
 0.03194	0.55014	0.83446	5.50143
-0.86536	-0.40254	0.29851	-4.02538
-0.50013	0.73165	-0.46322	7.31646
0.00000	0.00000	0.00000	1.00000

boidNo = 13
boid Wall No = 0
position = = (6.3, -4.8, -6.1)
Boid Radius= 10
Boid Frame=
 -0.71438	0.63131	-0.30184	6.31309
-0.66485	-0.47782	0.57416	-4.77816
-0.21825	-0.61085	-0.76107	-6.10853
0.00000	0.00000	0.00000	1.00000

boidNo = 14
boid Wall No = 1
position = = (-2.7, 9.0, 3.5)
Boid Radius= 10
Boid Frame=
 0.67458	-0.27345	0.68569	-2.73453
-0.08266	0.89504	0.43826	8.95038
0.73356	0.35232	-0.58117	3.52323
0.00000	0.00000	0.00000	1.00000

boidNo = 15
boid Wall No = 0
position = = (2.6, -4.9, -8.3)
Boid Radius= 10
Boid Frame=
 -0.90970	0.25977	-0.32399	2.59767
-0.41350	-0.49452	0.76450	-4.94524
-0.03837	-0.82944	-0.55728	-8.29438
0.00000	0.00000	0.00000	1.00000

boidNo = 16
boid Wall No = 0
position = = (-0.6, -4.6, -8.9)
Boid Radius= 10
Boid Frame=
 -0.81197	-0.05957	-0.58065	-0.59575
-0.49409	-0.45948	0.73807	-4.59478
0.31077	-0.88619	-0.34365	-8.86189
0.00000	0.00000	0.00000	1.00000

boidNo = 17
boid Wall No = 0
position = = (0.7, -10.0, -0.4)
Boid Radius= 10
Boid Frame=
 -0.47053	0.06948	0.87964	0.69484
0.00066	-0.99687	0.07910	-9.96867
-0.88238	-0.03780	-0.46901	-0.37800
0.00000	0.00000	0.00000	1.00000

boidNo = 18
boid Wall No = 0
position = = (-2.0, -9.2, -3.4)
Boid Radius= 10
Boid Frame=
 -0.76869	-0.19886	-0.60793	-1.98863
-0.06894	-0.91915	0.38784	-9.19147
0.63590	-0.34003	-0.69283	-3.40032
0.00000	0.00000	0.00000	1.00000

boidNo = 19
boid Wall No = 1
position = = (-9.0, 1.7, -4.0)
Boid Radius= 10
Boid Frame=
 -0.40202	-0.89937	-0.17182	-8.99367
-0.68568	0.17134	0.70745	1.71342
0.60681	-0.40222	0.68556	-4.02221
0.00000	0.00000	0.00000	1.00000

