Iteration Num of Simuation:0
m_SimulationDeltaT of action plan:0
boidNo = 0
boid Wall No = 0
position = = (1.4, -9.9, 0.1)
Boid Radius= 10
Boid Frame=
 0.09031	0.14015	0.98600	1.40151
0.00139	-0.99007	0.14060	-9.90066
-0.99591	0.01133	0.08961	0.11329
0.00000	0.00000	0.00000	1.00000

boidNo = 1
boid Wall No = 0
position = = (-1.9, -8.3, 5.2)
Boid Radius= 10
Boid Frame=
 0.92362	-0.18577	-0.33527	-1.85770
0.03296	-0.83297	0.55234	-8.32968
0.38188	0.52120	0.76323	5.21204
0.00000	0.00000	0.00000	1.00000

boidNo = 2
boid Wall No = 1
position = = (-8.0, 2.1, -5.7)
Boid Radius= 10
Boid Frame=
 -0.55312	-0.79667	-0.24367	-7.96671
-0.63366	0.21242	0.74388	2.12420
0.54086	-0.56586	0.62231	-5.65856
0.00000	0.00000	0.00000	1.00000

boidNo = 3
boid Wall No = 0
position = = (1.5, -9.8, -1.1)
Boid Radius= 10
Boid Frame=
 -0.71466	0.14651	0.68396	1.46510
-0.02830	-0.98307	0.18102	-9.83073
-0.69890	-0.11001	-0.70671	-1.10011
0.00000	0.00000	0.00000	1.00000

boidNo = 4
boid Wall No = 1
position = = (-5.8, 4.7, -6.6)
Boid Radius= 10
Boid Frame=
 -0.63929	-0.58257	-0.50191	-5.82571
-0.76877	0.46951	0.43423	4.69507
0.01732	-0.66346	0.74801	-6.63456
0.00000	0.00000	0.00000	1.00000

boidNo = 5
boid Wall No = 1
position = = (-3.5, 3.3, 8.8)
Boid Radius= 10
Boid Frame=
 0.61037	-0.34677	0.71218	-3.46774
-0.63074	0.33111	0.70180	3.31112
0.47918	0.87756	0.01662	8.77561
0.00000	0.00000	0.00000	1.00000

boidNo = 6
boid Wall No = 1
position = = (-1.2, 9.9, 1.1)
Boid Radius= 9.999999
Boid Frame=
 0.55742	-0.12397	0.82092	-1.23972
-0.01963	0.98654	0.16231	9.86544
0.83000	0.10659	-0.54748	1.06590
0.00000	0.00000	0.00000	1.00000

boidNo = 7
boid Wall No = 0
position = = (1.1, -9.6, 2.7)
Boid Radius= 10
Boid Frame=
 0.80740	0.11145	0.57938	1.11448
-0.07050	-0.95674	0.28228	-9.56740
-0.58578	0.26875	0.76462	2.68754
0.00000	0.00000	0.00000	1.00000

boidNo = 8
boid Wall No = 0
position = = (-9.6, -1.2, 2.6)
Boid Radius= 10
Boid Frame=
 0.28597	-0.95689	0.05080	-9.56891
-0.55423	-0.12192	0.82339	-1.21922
0.78170	0.26362	0.56520	2.63618
0.00000	0.00000	0.00000	1.00000

boidNo = 9
boid Wall No = 1
position = = (6.0, 0.6, 8.0)
Boid Radius= 10
Boid Frame=
 0.58503	0.60163	0.54386	6.01633
-0.71235	0.06062	0.69921	0.60623
-0.38770	0.79647	-0.46404	7.96469
0.00000	0.00000	0.00000	1.00000

boidNo = 10
boid Wall No = 0
position = = (-2.0, -0.7, -9.8)
Boid Radius= 10
Boid Frame=
 -0.75495	-0.19956	-0.62469	-1.99564
-0.62476	-0.07065	0.77761	-0.70648
0.19932	-0.97733	0.07135	-9.77335
0.00000	0.00000	0.00000	1.00000

boidNo = 11
boid Wall No = 1
position = = (-1.8, 8.6, -4.8)
Boid Radius= 10
Boid Frame=
 -0.84507	-0.17731	-0.50440	-1.77311
-0.38468	0.85684	0.34329	8.56839
-0.37132	-0.48414	0.79230	-4.84136
0.00000	0.00000	0.00000	1.00000

boidNo = 12
boid Wall No = 0
position = = (1.6, -5.5, 8.2)
Boid Radius= 10
Boid Frame=
 0.63365	0.15567	0.75780	1.55672
-0.58462	-0.54518	0.60083	-5.45182
-0.50667	0.82374	0.25444	8.23737
0.00000	0.00000	0.00000	1.00000

boidNo = 13
boid Wall No = 1
position = = (3.9, 4.7, -7.9)
Boid Radius= 10
Boid Frame=
 -0.56337	0.39430	-0.72604	3.94302
-0.55621	0.46880	0.68619	4.68805
-0.61094	-0.79041	0.04480	-7.90410
0.00000	0.00000	0.00000	1.00000

boidNo = 14
boid Wall No = 1
position = = (8.6, 0.4, 5.0)
Boid Radius= 9.999999
Boid Frame=
 0.41494	0.86299	0.28823	8.62991
-0.62801	0.04244	0.77705	0.42436
-0.65835	0.50343	-0.55958	5.03435
0.00000	0.00000	0.00000	1.00000

boidNo = 15
boid Wall No = 1
position = = (1.7, 7.9, 5.9)
Boid Radius= 10
Boid Frame=
 0.95654	0.17431	0.23376	1.74306
-0.27750	0.79039	0.54615	7.90391
0.08956	0.58728	-0.80441	5.87282
0.00000	0.00000	0.00000	1.00000

boidNo = 16
boid Wall No = 0
position = = (-0.7, -9.9, 1.4)
Boid Radius= 10
Boid Frame=
 0.91997	-0.06759	-0.38613	-0.67591
-0.00837	-0.98818	0.15305	-9.88184
0.39191	0.13757	0.90966	1.37566
0.00000	0.00000	0.00000	1.00000

boidNo = 17
boid Wall No = 0
position = = (5.0, -7.0, -5.0)
Boid Radius= 10
Boid Frame=
 -0.27060	0.50283	-0.82094	5.02832
-0.68064	-0.70299	-0.20624	-7.02992
0.68082	-0.50295	-0.53247	-5.02953
0.00000	0.00000	0.00000	1.00000

boidNo = 18
boid Wall No = 1
position = = (1.0, 8.9, -4.5)
Boid Radius= 10
Boid Frame=
 -0.40574	0.10176	-0.90830	1.01761
-0.37316	0.88874	0.26626	8.88741
-0.83434	-0.44697	0.32263	-4.46972
0.00000	0.00000	0.00000	1.00000

boidNo = 19
boid Wall No = 1
position = = (-1.3, 9.9, 0.0)
Boid Radius= 10
Boid Frame=
 -0.38587	-0.13380	0.91280	-1.33804
-0.05229	0.99101	0.12316	9.91008
0.92107	0.00020	0.38940	0.00203
0.00000	0.00000	0.00000	1.00000

