Iteration Num of Simuation:0
m_SimulationDeltaT of action plan:0
boidNo = 0
boid Wall No = 0
position = = (-1.8, -6.5, 7.4)
Boid Radius= 10
Boid Frame=
 0.95347	-0.17543	0.24518	-1.75430
-0.29907	-0.65289	0.69591	-6.52894
-0.03799	0.73685	0.67498	7.36854
0.00000	0.00000	0.00000	1.00000

boidNo = 1
boid Wall No = 1
position = = (0.7, 2.7, 9.6)
Boid Radius= 10
Boid Frame=
 0.47138	0.06849	0.87927	0.68487
-0.85725	0.26979	0.43856	2.69787
0.20718	0.96048	-0.18588	9.60482
0.00000	0.00000	0.00000	1.00000

boidNo = 2
boid Wall No = 0
position = = (2.0, -5.0, 8.4)
Boid Radius= 10
Boid Frame=
 0.35641	0.20175	0.91229	2.01754
-0.76157	-0.50293	0.40875	-5.02934
-0.54129	0.84045	0.02560	8.40448
0.00000	0.00000	0.00000	1.00000

boidNo = 3
boid Wall No = 0
position = = (5.9, -8.0, 0.1)
Boid Radius= 10
Boid Frame=
 -0.07515	0.59470	0.80042	5.94705
-0.06724	-0.80389	0.59097	-8.03889
-0.99490	0.00941	-0.10040	0.09413
0.00000	0.00000	0.00000	1.00000

boidNo = 4
boid Wall No = 1
position = = (-4.5, 5.7, 6.9)
Boid Radius= 10
Boid Frame=
 0.44687	-0.45181	0.77212	-4.51814
-0.52586	0.56558	0.63529	5.65578
0.72373	0.68992	-0.01515	6.89917
0.00000	0.00000	0.00000	1.00000

boidNo = 5
boid Wall No = 0
position = = (1.7, -9.7, -2.0)
Boid Radius= 10
Boid Frame=
 -0.77771	0.16752	0.60589	1.67520
-0.00694	-0.96607	0.25820	-9.66067
-0.62858	-0.19660	-0.75248	-1.96603
0.00000	0.00000	0.00000	1.00000

boidNo = 6
boid Wall No = 1
position = = (-0.5, 9.9, -1.5)
Boid Radius= 10
Boid Frame=
 -0.97216	-0.04582	-0.22978	-0.45822
-0.07921	0.98722	0.13825	9.87225
-0.22051	-0.15261	0.96337	-1.52605
0.00000	0.00000	0.00000	1.00000

boidNo = 7
boid Wall No = 0
position = = (-4.4, -0.3, 9.0)
Boid Radius= 10
Boid Frame=
 0.73126	-0.43753	0.52329	-4.37529
-0.59219	-0.02653	0.80536	-0.26526
0.33849	0.89881	0.27850	8.98813
0.00000	0.00000	0.00000	1.00000

boidNo = 8
boid Wall No = 0
position = = (9.6, -1.2, -2.6)
Boid Radius= 10
Boid Frame=
 -0.26040	0.95802	-0.12000	9.58015
-0.73825	-0.11746	0.66422	-1.17461
-0.62224	-0.26155	-0.73784	-2.61552
0.00000	0.00000	0.00000	1.00000

boidNo = 9
boid Wall No = 0
position = = (-1.6, -9.5, 2.7)
Boid Radius= 10
Boid Frame=
 0.81207	-0.16046	-0.56106	-1.60460
0.02672	-0.95022	0.31043	-9.50219
0.58294	0.26709	0.76736	2.67088
0.00000	0.00000	0.00000	1.00000

boidNo = 10
boid Wall No = 1
position = = (3.2, 5.3, 7.8)
Boid Radius= 10
Boid Frame=
 0.81882	0.32446	0.47355	3.24463
-0.57212	0.52884	0.62690	5.28845
0.04703	0.78425	-0.61866	7.84249
0.00000	0.00000	0.00000	1.00000

boidNo = 11
boid Wall No = 1
position = = (-3.0, 9.5, -0.8)
Boid Radius= 10
Boid Frame=
 -0.52363	-0.29969	0.79749	-2.99695
-0.09606	0.95088	0.29427	9.50884
0.84651	-0.07748	0.52670	-0.77481
0.00000	0.00000	0.00000	1.00000

boidNo = 12
boid Wall No = 0
position = = (-9.9, -1.6, -0.1)
Boid Radius= 10
Boid Frame=
 0.08502	-0.98685	-0.13749	-9.86848
-0.56200	-0.16144	0.81123	-1.61441
0.82275	-0.00830	0.56834	-0.08296
0.00000	0.00000	0.00000	1.00000

boidNo = 13
boid Wall No = 0
position = = (-4.9, -8.6, -1.7)
Boid Radius= 9.999999
Boid Frame=
 0.16789	-0.48604	-0.85766	-4.86038
-0.27863	-0.85793	0.43165	-8.57931
0.94561	-0.16650	0.27946	-1.66499
0.00000	0.00000	0.00000	1.00000

boidNo = 14
boid Wall No = 1
position = = (-6.7, 4.9, -5.6)
Boid Radius= 10
Boid Frame=
 -0.72362	-0.67450	-0.14635	-6.74501
-0.58477	0.48652	0.64912	4.86515
0.36663	-0.55529	0.74648	-5.55294
0.00000	0.00000	0.00000	1.00000

boidNo = 15
boid Wall No = 0
position = = (-2.4, -2.0, 9.5)
Boid Radius= 9.999999
Boid Frame=
 0.83784	-0.24036	0.49016	-2.40358
-0.53694	-0.20058	0.81943	-2.00583
0.09864	0.94973	0.29711	9.49734
0.00000	0.00000	0.00000	1.00000

boidNo = 16
boid Wall No = 1
position = = (-0.7, 9.6, 2.8)
Boid Radius= 10
Boid Frame=
 0.75343	-0.06898	0.65390	-0.68983
-0.13365	0.95765	0.25502	9.57654
0.64380	0.27954	-0.71230	2.79537
0.00000	0.00000	0.00000	1.00000

boidNo = 17
boid Wall No = 0
position = = (7.1, -7.0, -1.0)
Boid Radius= 10
Boid Frame=
 -0.29793	0.71070	0.63729	7.10703
-0.17324	-0.69678	0.69605	-6.96777
-0.93874	-0.09697	-0.33072	-0.96969
0.00000	0.00000	0.00000	1.00000

boidNo = 18
boid Wall No = 1
position = = (-3.3, 8.1, -4.9)
Boid Radius= 10
Boid Frame=
 -0.92536	-0.32629	0.19299	-3.26288
-0.16625	0.80681	0.56694	8.06811
0.34069	-0.49254	0.80084	-4.92538
0.00000	0.00000	0.00000	1.00000

boidNo = 19
boid Wall No = 1
position = = (5.2, 8.0, -3.1)
Boid Radius= 10
Boid Frame=
 -0.09688	0.51609	-0.85104	5.16091
-0.30079	0.79990	0.51932	7.99896
-0.94876	-0.30630	-0.07775	-3.06296
0.00000	0.00000	0.00000	1.00000

