Iteration Num of Simuation:0
m_SimulationDeltaT of action plan:0
boidNo = 0
boid Wall No = 0
position = = (-2.3, -9.2, -3.2)
Boid Radius= 10
Boid Frame=
 -0.93270	-0.22896	-0.27866	-2.28964
0.11261	-0.91889	0.37810	-9.18891
0.34263	-0.32127	-0.88283	-3.21270
0.00000	0.00000	0.00000	1.00000

boidNo = 1
boid Wall No = 1
position = = (8.9, 4.6, -0.4)
Boid Radius= 10
Boid Frame=
 0.24369	0.88858	-0.38865	8.88576
-0.53832	0.45726	0.70790	4.57258
-0.80674	-0.03671	-0.58977	-0.36706
0.00000	0.00000	0.00000	1.00000

boidNo = 2
boid Wall No = 0
position = = (3.7, -6.6, -6.5)
Boid Radius= 10
Boid Frame=
 -0.10019	0.37087	-0.92326	3.70871
-0.72514	-0.66260	-0.18747	-6.62595
0.68128	-0.65071	-0.33532	-6.50709
0.00000	0.00000	0.00000	1.00000

boidNo = 3
boid Wall No = 1
position = = (0.9, 9.4, 3.3)
Boid Radius= 10
Boid Frame=
 0.99476	0.09327	-0.04194	0.93266
-0.07403	0.93972	0.33383	9.39720
-0.07055	0.32898	-0.94170	3.28980
0.00000	0.00000	0.00000	1.00000

boidNo = 4
boid Wall No = 0
position = = (4.6, -7.4, -4.9)
Boid Radius= 10
Boid Frame=
 -0.79467	0.46382	0.39161	4.63824
-0.10604	-0.74127	0.66277	-7.41274
-0.59770	-0.48516	-0.63826	-4.85160
0.00000	0.00000	0.00000	1.00000

boidNo = 5
boid Wall No = 0
position = = (-0.6, -9.7, -2.3)
Boid Radius= 10
Boid Frame=
 -0.95170	-0.05814	-0.30147	-0.58141
-0.01677	-0.97060	0.24012	-9.70599
0.30656	-0.23357	-0.92275	-2.33573
0.00000	0.00000	0.00000	1.00000

boidNo = 6
boid Wall No = 0
position = = (-1.1, -9.3, 3.6)
Boid Radius= 10
Boid Frame=
 0.93727	-0.10616	-0.33205	-1.06158
0.02649	-0.92807	0.37147	-9.28068
0.34760	0.35696	0.86704	3.56960
0.00000	0.00000	0.00000	1.00000

boidNo = 7
boid Wall No = 0
position = = (-1.1, -9.9, -0.4)
Boid Radius= 10
Boid Frame=
 -0.22607	-0.10577	-0.96835	-1.05767
-0.01577	-0.99356	0.11220	-9.93560
0.97398	-0.04064	-0.22294	-0.40638
0.00000	0.00000	0.00000	1.00000

boidNo = 8
boid Wall No = 0
position = = (9.3, -3.5, -1.0)
Boid Radius= 10
Boid Frame=
 -0.27929	0.93104	0.23485	9.31044
-0.50964	-0.35102	0.78553	-3.51023
-0.81380	-0.09970	-0.57253	-0.99700
0.00000	0.00000	0.00000	1.00000

boidNo = 9
boid Wall No = 1
position = = (-1.7, 8.3, 5.3)
Boid Radius= 10
Boid Frame=
 0.76875	-0.17132	0.61618	-1.71320
-0.22067	0.83323	0.50698	8.33232
0.60027	0.52571	-0.60274	5.25713
0.00000	0.00000	0.00000	1.00000

boidNo = 10
boid Wall No = 0
position = = (-9.0, -3.1, 3.0)
Boid Radius= 10
Boid Frame=
 0.42390	-0.90202	-0.08166	-9.02022
-0.50706	-0.31106	0.80382	-3.11063
0.75047	0.29933	0.58924	2.99327
0.00000	0.00000	0.00000	1.00000

boidNo = 11
boid Wall No = 0
position = = (1.5, -9.9, 0.8)
Boid Radius= 10
Boid Frame=
 0.32646	0.15267	0.93280	1.52674
-0.02301	-0.98529	0.16932	-9.85292
-0.94493	0.07674	0.31814	0.76743
0.00000	0.00000	0.00000	1.00000

boidNo = 12
boid Wall No = 0
position = = (-1.8, -5.3, 8.3)
Boid Radius= 10
Boid Frame=
 0.88750	-0.17508	0.42626	-1.75075
-0.44949	-0.53271	0.71707	-5.32706
-0.10153	0.82799	0.55147	8.27993
0.00000	0.00000	0.00000	1.00000

boidNo = 13
boid Wall No = 0
position = = (5.6, -3.8, -7.3)
Boid Radius= 10
Boid Frame=
 -0.53131	0.56304	-0.63301	5.63042
-0.84668	-0.37848	0.37400	-3.78483
0.02900	-0.73467	-0.67781	-7.34666
0.00000	0.00000	0.00000	1.00000

boidNo = 14
boid Wall No = 0
position = = (-8.3, -5.5, 0.2)
Boid Radius= 10
Boid Frame=
 0.31251	-0.83397	-0.45479	-8.33968
-0.44458	-0.55151	0.70583	-5.51507
0.83946	0.01839	0.54312	0.18387
0.00000	0.00000	0.00000	1.00000

boidNo = 15
boid Wall No = 0
position = = (7.5, -2.2, 6.2)
Boid Radius= 10
Boid Frame=
 0.36067	0.75207	0.55164	7.52072
-0.64876	-0.22264	0.72770	-2.22640
-0.67010	0.62034	-0.40761	6.20338
0.00000	0.00000	0.00000	1.00000

boidNo = 16
boid Wall No = 0
position = = (-7.8, -6.2, 0.7)
Boid Radius= 10
Boid Frame=
 0.60034	-0.77797	-0.18534	-7.77969
-0.70415	-0.62407	0.33869	-6.24068
0.37915	0.07282	0.92247	0.72821
0.00000	0.00000	0.00000	1.00000

boidNo = 17
boid Wall No = 0
position = = (-0.6, -9.9, 1.2)
Boid Radius= 10
Boid Frame=
 0.94280	-0.05852	-0.32818	-0.58517
-0.01446	-0.99073	0.13510	-9.90727
0.33305	0.12262	0.93490	1.22625
0.00000	0.00000	0.00000	1.00000

boidNo = 18
boid Wall No = 0
position = = (0.0, -10.0, 0.0)
Boid Radius= 10
Boid Frame=
 0.48261	-0.00216	-0.87583	-0.02155
-0.00013	-1.00000	0.00239	-9.99997
0.87584	0.00104	0.48261	0.01038
0.00000	0.00000	0.00000	1.00000

boidNo = 19
boid Wall No = 0
position = = (0.0, -10.0, 0.0)
Boid Radius= 10
Boid Frame=
 0.99999	-0.00009	0.00325	-0.00090
-0.00010	-1.00000	0.00295	-9.99996
-0.00325	0.00295	0.99999	0.02952
0.00000	0.00000	0.00000	1.00000

