Iteration Num of Simuation:0
m_SimulationDeltaT of action plan:0
boidNo = 0
boid Wall No = 0
position = = (0.2, -7.6, -6.4)
Boid Radius= 10
Boid Frame=
 -0.99608	0.01924	-0.08634	0.19242
-0.07034	-0.76417	0.64117	-7.64172
0.05364	-0.64473	-0.76253	-6.44726
0.00000	0.00000	0.00000	1.00000

boidNo = 1
boid Wall No = 0
position = = (1.6, -9.4, -2.9)
Boid Radius= 10
Boid Frame=
 -0.90890	0.15968	0.38523	1.59685
-0.02378	-0.94213	0.33441	-9.42127
-0.41634	-0.29478	-0.86010	-2.94785
0.00000	0.00000	0.00000	1.00000

boidNo = 2
boid Wall No = 0
position = = (0.6, -10.0, 0.6)
Boid Radius= 9.999999
Boid Frame=
 0.68067	0.06113	0.73004	0.61130
0.00030	-0.99654	0.08317	-9.96536
-0.73259	0.05639	0.67833	0.56391
0.00000	0.00000	0.00000	1.00000

boidNo = 3
boid Wall No = 1
position = = (-0.5, 8.1, -5.8)
Boid Radius= 10
Boid Frame=
 -0.94532	-0.04903	-0.32245	-0.49027
-0.22506	0.81359	0.53612	8.13587
-0.23605	-0.57937	0.78013	-5.79373
0.00000	0.00000	0.00000	1.00000

boidNo = 4
boid Wall No = 0
position = = (-9.0, -1.7, 3.9)
Boid Radius= 10
Boid Frame=
 0.41206	-0.90261	0.12448	-9.02614
-0.61392	-0.17408	0.76993	-1.74081
0.67328	0.39368	0.62587	3.93679
0.00000	0.00000	0.00000	1.00000

boidNo = 5
boid Wall No = 0
position = = (-4.1, -8.8, -2.4)
Boid Radius= 10
Boid Frame=
 -0.69766	-0.40874	-0.58839	-4.08740
0.13052	-0.88005	0.45659	-8.80052
0.70444	-0.24174	-0.66733	-2.41744
0.00000	0.00000	0.00000	1.00000

boidNo = 6
boid Wall No = 1
position = = (-3.5, 8.7, -3.5)
Boid Radius= 10
Boid Frame=
 -0.90796	-0.34847	0.23275	-3.48470
-0.22008	0.86919	0.44280	8.69190
0.35661	-0.35082	0.86588	-3.50824
0.00000	0.00000	0.00000	1.00000

boidNo = 7
boid Wall No = 1
position = = (1.5, 9.6, -2.5)
Boid Radius= 10
Boid Frame=
 -0.44287	0.14674	-0.88450	1.46743
-0.15870	0.95811	0.23842	9.58109
-0.88243	-0.24595	0.40103	-2.45955
0.00000	0.00000	0.00000	1.00000

boidNo = 8
boid Wall No = 0
position = = (-0.2, -9.6, -2.8)
Boid Radius= 10
Boid Frame=
 -0.99981	-0.01844	0.00655	-0.18443
0.01954	-0.95956	0.28083	-9.59558
-0.00111	-0.28091	-0.95973	-2.80906
0.00000	0.00000	0.00000	1.00000

boidNo = 9
boid Wall No = 1
position = = (2.4, 9.7, 0.4)
Boid Radius= 10
Boid Frame=
 0.76695	0.24084	-0.59479	2.40841
-0.16759	0.96990	0.17663	9.69905
-0.61943	0.03579	-0.78423	0.35790
0.00000	0.00000	0.00000	1.00000

boidNo = 10
boid Wall No = 1
position = = (-7.8, 2.5, 5.7)
Boid Radius= 10
Boid Frame=
 0.32866	-0.78106	0.53097	-7.81057
-0.61774	0.24749	0.74643	2.47488
0.71441	0.57332	0.40115	5.73323
0.00000	0.00000	0.00000	1.00000

boidNo = 11
boid Wall No = 0
position = = (3.8, -4.6, 8.0)
Boid Radius= 10
Boid Frame=
 0.50199	0.38247	0.77571	3.82470
-0.62171	-0.46392	0.63108	-4.63917
-0.60123	0.79906	-0.00490	7.99061
0.00000	0.00000	0.00000	1.00000

boidNo = 12
boid Wall No = 1
position = = (-1.9, 9.1, -3.7)
Boid Radius= 10
Boid Frame=
 -0.97131	-0.18699	0.14696	-1.86992
-0.11505	0.91023	0.39780	9.10229
0.20815	-0.36948	0.90562	-3.69482
0.00000	0.00000	0.00000	1.00000

boidNo = 13
boid Wall No = 1
position = = (-9.6, 0.1, -2.8)
Boid Radius= 10
Boid Frame=
 -0.18143	-0.95910	-0.21729	-9.59098
-0.78341	0.00739	0.62146	0.07394
0.59444	-0.28298	0.75271	-2.82977
0.00000	0.00000	0.00000	1.00000

boidNo = 14
boid Wall No = 0
position = = (-6.7, -6.0, 4.4)
Boid Radius= 9.999999
Boid Frame=
 0.59009	-0.67395	0.44451	-6.73945
-0.78947	-0.59688	0.14307	-5.96880
-0.16889	0.43535	0.88428	4.35353
0.00000	0.00000	0.00000	1.00000

boidNo = 15
boid Wall No = 0
position = = (2.8, -7.1, -6.5)
Boid Radius= 10
Boid Frame=
 -0.95972	0.27643	0.05027	2.76432
-0.16815	-0.70843	0.68546	-7.08432
-0.22510	-0.64939	-0.72638	-6.49392
0.00000	0.00000	0.00000	1.00000

boidNo = 16
boid Wall No = 0
position = = (-1.7, -9.8, 1.0)
Boid Radius= 10
Boid Frame=
 0.59466	-0.17408	-0.78490	-1.74082
-0.02033	-0.97922	0.20178	-9.79221
0.80372	0.10403	0.58584	1.04033
0.00000	0.00000	0.00000	1.00000

boidNo = 17
boid Wall No = 1
position = = (-3.4, 9.3, -1.7)
Boid Radius= 10
Boid Frame=
 -0.42044	-0.33932	0.84148	-3.39317
0.00904	0.92583	0.37784	9.25825
0.90727	-0.16647	0.38619	-1.66468
0.00000	0.00000	0.00000	1.00000

boidNo = 18
boid Wall No = 0
position = = (-6.8, -7.2, -1.1)
Boid Radius= 10
Boid Frame=
 -0.00685	-0.68341	-0.73001	-6.83406
-0.14530	-0.72160	0.67689	-7.21596
0.98936	-0.11070	0.09436	-1.10704
0.00000	0.00000	0.00000	1.00000

boidNo = 19
boid Wall No = 0
position = = (-3.5, -9.0, 2.5)
Boid Radius= 10
Boid Frame=
 0.05976	-0.34815	-0.93553	-3.48145
0.24358	-0.90379	0.35189	-9.03792
0.96804	0.24891	-0.03079	2.48908
0.00000	0.00000	0.00000	1.00000

