Iteration Num of Simuation:0
m_SimulationDeltaT of action plan:0
boidNo = 0
boid Wall No = 1
position = = (-2.3, 9.5, 2.0)
Boid Radius= 9.999999
Boid Frame=
 0.40907	-0.23036	0.88295	-2.30363
-0.09382	0.95186	0.29181	9.51864
0.90767	0.20221	-0.36777	2.02207
0.00000	0.00000	0.00000	1.00000

boidNo = 1
boid Wall No = 1
position = = (8.0, 3.1, 5.2)
Boid Radius= 10
Boid Frame=
 0.59093	0.79792	0.11884	7.97919
-0.57265	0.31114	0.75846	3.11141
-0.56821	0.51625	-0.64079	5.16252
0.00000	0.00000	0.00000	1.00000

boidNo = 2
boid Wall No = 0
position = = (6.4, -7.6, -1.0)
Boid Radius= 10
Boid Frame=
 -0.41341	0.64179	0.64591	6.41791
-0.23477	-0.76051	0.60540	-7.60510
-0.87976	-0.09864	-0.46508	-0.98638
0.00000	0.00000	0.00000	1.00000

boidNo = 3
boid Wall No = 0
position = = (3.0, -9.4, -1.8)
Boid Radius= 10
Boid Frame=
 -0.24208	0.30042	0.92257	3.00421
0.10960	-0.93630	0.33365	-9.36305
-0.96405	-0.18188	-0.19374	-1.81880
0.00000	0.00000	0.00000	1.00000

boidNo = 4
boid Wall No = 0
position = = (2.7, -9.6, 0.9)
Boid Radius= 9.999999
Boid Frame=
 0.26426	0.26513	0.92729	2.65129
-0.01978	-0.95978	0.28006	-9.59780
-0.96425	0.09235	0.24839	0.92352
0.00000	0.00000	0.00000	1.00000

boidNo = 5
boid Wall No = 1
position = = (1.0, 9.9, 1.0)
Boid Radius= 10
Boid Frame=
 0.45219	0.10292	-0.88596	1.02917
0.04247	0.98971	0.13665	9.89709
-0.89091	0.09942	-0.44317	0.99419
0.00000	0.00000	0.00000	1.00000

boidNo = 6
boid Wall No = 0
position = = (-0.9, -9.9, -1.3)
Boid Radius= 10
Boid Frame=
 -0.78462	-0.08702	-0.61384	-0.87018
-0.01544	-0.98705	0.15966	-9.87052
0.61979	-0.13475	-0.77312	-1.34746
0.00000	0.00000	0.00000	1.00000

boidNo = 7
boid Wall No = 1
position = = (5.2, 6.9, 5.0)
Boid Radius= 10
Boid Frame=
 0.84481	0.51743	-0.13623	5.17432
-0.31923	0.69175	0.64775	6.91746
-0.42940	0.50374	-0.74957	5.03737
0.00000	0.00000	0.00000	1.00000

boidNo = 8
boid Wall No = 0
position = = (-6.3, -7.7, -1.5)
Boid Radius= 10
Boid Frame=
 -0.14632	-0.62542	-0.76645	-6.25416
-0.06889	-0.76647	0.63858	-7.66465
0.98684	-0.14624	-0.06907	-1.46238
0.00000	0.00000	0.00000	1.00000

boidNo = 9
boid Wall No = 0
position = = (-2.0, -8.2, -5.3)
Boid Radius= 10
Boid Frame=
 -0.95319	-0.20013	-0.22667	-2.00134
0.03849	-0.82384	0.56551	-8.23839
0.29992	-0.53032	-0.79298	-5.30316
0.00000	0.00000	0.00000	1.00000

boidNo = 10
boid Wall No = 1
position = = (-6.2, 7.7, 1.5)
Boid Radius= 10
Boid Frame=
 -0.22431	-0.61881	0.75283	-6.18813
-0.35675	0.77104	0.52748	7.71035
0.90687	0.15025	0.39372	1.50252
0.00000	0.00000	0.00000	1.00000

boidNo = 11
boid Wall No = 0
position = = (1.9, -6.1, 7.7)
Boid Radius= 10
Boid Frame=
 0.84417	0.18673	0.50251	1.86727
-0.29968	-0.61286	0.73116	-6.12857
-0.44449	0.76781	0.46140	7.67815
0.00000	0.00000	0.00000	1.00000

boidNo = 12
boid Wall No = 0
position = = (0.4, -9.9, 1.3)
Boid Radius= 10
Boid Frame=
 0.95041	0.04480	0.30776	0.44800
0.00150	-0.99022	0.13950	-9.90221
-0.31100	0.13212	0.94118	1.32118
0.00000	0.00000	0.00000	1.00000

boidNo = 13
boid Wall No = 1
position = = (6.5, 4.9, -5.8)
Boid Radius= 10
Boid Frame=
 -0.26977	0.65123	-0.70931	6.51232
-0.56593	0.48875	0.66397	4.88745
-0.77907	-0.58054	-0.23670	-5.80539
0.00000	0.00000	0.00000	1.00000

boidNo = 14
boid Wall No = 0
position = = (-4.0, -6.2, -6.8)
Boid Radius= 10
Boid Frame=
 -0.68929	-0.39736	-0.60579	-3.97361
-0.28393	-0.62111	0.73048	-6.21110
0.66653	-0.67552	-0.31530	-6.75519
0.00000	0.00000	0.00000	1.00000

boidNo = 15
boid Wall No = 1
position = = (-2.3, 8.9, -3.9)
Boid Radius= 10
Boid Frame=
 -0.92326	-0.23077	0.30715	-2.30767
-0.07354	0.89087	0.44827	8.90867
0.37707	-0.39128	0.83947	-3.91284
0.00000	0.00000	0.00000	1.00000

boidNo = 16
boid Wall No = 0
position = = (0.2, -9.6, -2.7)
Boid Radius= 10
Boid Frame=
 -0.99126	0.02085	-0.13024	0.20851
-0.05454	-0.96385	0.26081	-9.63849
0.12009	-0.26563	-0.95657	-2.65632
0.00000	0.00000	0.00000	1.00000

boidNo = 17
boid Wall No = 1
position = = (8.0, 1.6, -5.7)
Boid Radius= 10
Boid Frame=
 -0.36259	0.80482	-0.46988	8.04822
-0.62651	0.16276	0.76223	1.62756
-0.68993	-0.57076	-0.44522	-5.70764
0.00000	0.00000	0.00000	1.00000

boidNo = 18
boid Wall No = 0
position = = (-8.8, 0.0, 4.8)
Boid Radius= 10
Boid Frame=
 0.39476	-0.87630	0.27615	-8.76301
-0.57343	-0.00015	0.81925	-0.00147
0.71787	0.48176	0.50256	4.81765
0.00000	0.00000	0.00000	1.00000

boidNo = 19
boid Wall No = 0
position = = (0.7, -3.1, 9.5)
Boid Radius= 10
Boid Frame=
 0.44605	0.06537	0.89262	0.65367
-0.84200	-0.30750	0.44327	-3.07501
-0.30346	0.94930	0.08212	9.49300
0.00000	0.00000	0.00000	1.00000

