Iteration Num of Simuation:0
m_SimulationDeltaT of action plan:0
boidNo = 0
boid Wall No = 1
position = = (-1.2, 9.8, -1.9)
Boid Radius= 10
Boid Frame=
 -0.71987	-0.11907	0.68382	-1.19070
0.04514	0.97506	0.21730	9.75060
0.69264	-0.18730	0.69654	-1.87296
0.00000	0.00000	0.00000	1.00000

boidNo = 1
boid Wall No = 1
position = = (-1.1, 9.8, -1.6)
Boid Radius= 10
Boid Frame=
 -0.68748	-0.11476	0.71708	-1.14760
0.03905	0.98016	0.19430	9.80164
0.72515	-0.16158	0.66936	-1.61583
0.00000	0.00000	0.00000	1.00000

boidNo = 2
boid Wall No = 0
position = = (0.7, -6.0, 8.0)
Boid Radius= 10
Boid Frame=
 0.90915	0.06948	0.41063	0.69481
-0.29073	-0.60008	0.74524	-6.00081
-0.29819	0.79692	0.52536	7.96916
0.00000	0.00000	0.00000	1.00000

boidNo = 3
boid Wall No = 0
position = = (-1.8, -8.6, 4.7)
Boid Radius= 10
Boid Frame=
 0.88292	-0.17713	-0.43484	-1.77130
0.07323	-0.86283	0.50017	-8.62826
0.46378	0.47345	0.74883	4.73452
0.00000	0.00000	0.00000	1.00000

boidNo = 4
boid Wall No = 1
position = = (9.4, 0.6, 3.3)
Boid Radius= 10
Boid Frame=
 0.24375	0.94284	0.22723	9.42843
-0.78795	0.05591	0.61320	0.55914
-0.56545	0.32851	-0.75654	3.28513
0.00000	0.00000	0.00000	1.00000

boidNo = 5
boid Wall No = 1
position = = (9.1, 2.8, -3.1)
Boid Radius= 10
Boid Frame=
 -0.09024	0.90944	-0.40592	9.09445
-0.58554	0.28125	0.76029	2.81246
-0.80561	-0.30628	-0.50713	-3.06285
0.00000	0.00000	0.00000	1.00000

boidNo = 6
boid Wall No = 0
position = = (-0.6, -9.9, 1.0)
Boid Radius= 10
Boid Frame=
 0.82144	-0.05530	-0.56761	-0.55302
0.01360	-0.99311	0.11643	-9.93106
0.57014	0.10336	0.81502	1.03358
0.00000	0.00000	0.00000	1.00000

boidNo = 7
boid Wall No = 0
position = = (-9.9, -0.4, 1.0)
Boid Radius= 10
Boid Frame=
 0.08272	-0.99455	0.06341	-9.94554
-0.84448	-0.03616	0.53436	-0.36163
0.52916	0.09775	0.84287	0.97753
0.00000	0.00000	0.00000	1.00000

boidNo = 8
boid Wall No = 0
position = = (7.2, -6.9, -0.8)
Boid Radius= 10
Boid Frame=
 -0.67924	0.72285	-0.12697	7.22854
-0.72706	-0.68634	-0.01799	-6.86343
0.10015	-0.08010	-0.99174	-0.80098
0.00000	0.00000	0.00000	1.00000

boidNo = 9
boid Wall No = 1
position = = (-4.3, 8.9, -1.5)
Boid Radius= 10
Boid Frame=
 -0.90377	-0.42529	0.04828	-4.25291
-0.41029	0.89293	0.18529	8.92931
0.12192	-0.14765	0.98150	-1.47653
0.00000	0.00000	0.00000	1.00000

boidNo = 10
boid Wall No = 0
position = = (3.9, -3.5, -8.5)
Boid Radius= 10
Boid Frame=
 -0.80055	0.39125	-0.45392	3.91249
-0.58633	-0.35485	0.72822	-3.54855
-0.12384	-0.84912	-0.51348	-8.49119
0.00000	0.00000	0.00000	1.00000

boidNo = 11
boid Wall No = 1
position = = (-7.5, 6.6, -0.6)
Boid Radius= 10
Boid Frame=
 -0.43525	-0.75210	0.49487	-7.52103
-0.42093	0.65589	0.62660	6.55890
0.79585	-0.06442	0.60206	-0.64421
0.00000	0.00000	0.00000	1.00000

boidNo = 12
boid Wall No = 0
position = = (-4.8, -6.3, -6.1)
Boid Radius= 10
Boid Frame=
 -0.44097	-0.48478	-0.75534	-4.84784
-0.42898	-0.62538	0.65182	-6.25384
0.78837	-0.61146	-0.06781	-6.11457
0.00000	0.00000	0.00000	1.00000

boidNo = 13
boid Wall No = 0
position = = (-7.5, -6.6, -0.3)
Boid Radius= 10
Boid Frame=
 0.36496	-0.75324	-0.54721	-7.53238
-0.45539	-0.65707	0.60073	-6.57066
0.81205	-0.02995	0.58282	-0.29949
0.00000	0.00000	0.00000	1.00000

boidNo = 14
boid Wall No = 0
position = = (0.5, -9.9, -1.4)
Boid Radius= 10
Boid Frame=
 -0.94330	0.05418	0.32749	0.54182
-0.00478	-0.98870	0.14982	-9.88701
-0.33191	-0.13976	-0.93290	-1.39764
0.00000	0.00000	0.00000	1.00000

boidNo = 15
boid Wall No = 1
position = = (-0.3, 6.9, -7.3)
Boid Radius= 10
Boid Frame=
 -0.90540	-0.03003	-0.42350	-0.30025
-0.32676	0.68615	0.64994	6.86148
-0.27107	-0.72684	0.63105	-7.26842
0.00000	0.00000	0.00000	1.00000

boidNo = 16
boid Wall No = 0
position = = (-0.2, -6.7, -7.4)
Boid Radius= 10
Boid Frame=
 -0.94993	-0.02066	-0.31177	-0.20662
-0.21830	-0.67002	0.70952	-6.70017
0.22355	-0.74206	-0.63196	-7.42058
0.00000	0.00000	0.00000	1.00000

boidNo = 17
boid Wall No = 0
position = = (4.0, -3.2, 8.6)
Boid Radius= 10
Boid Frame=
 0.66520	0.40058	0.63011	4.00585
-0.54378	-0.31841	0.77648	-3.18412
-0.51168	0.85915	-0.00602	8.59154
0.00000	0.00000	0.00000	1.00000

boidNo = 18
boid Wall No = 1
position = = (-7.9, 4.4, -4.3)
Boid Radius= 10
Boid Frame=
 -0.61630	-0.78750	-0.00450	-7.87496
-0.56863	0.44105	0.69435	4.41053
0.54482	-0.43049	0.71962	-4.30491
0.00000	0.00000	0.00000	1.00000

boidNo = 19
boid Wall No = 1
position = = (-6.1, 6.3, 4.8)
Boid Radius= 10
Boid Frame=
 0.24581	-0.60739	0.75542	-6.07385
-0.43132	0.62939	0.64640	6.29389
0.86807	0.48472	0.10727	4.84719
0.00000	0.00000	0.00000	1.00000

