Iteration Num of Simuation:0
m_SimulationDeltaT of action plan:0
boidNo = 0
boid Wall No = 1
position = = (1.4, 8.0, 5.9)
Boid Radius= 10
Boid Frame=
 0.93093	0.13641	0.33876	1.36406
-0.30560	0.79882	0.51817	7.98817
0.19992	0.58591	-0.78533	5.85906
0.00000	0.00000	0.00000	1.00000

boidNo = 1
boid Wall No = 0
position = = (0.1, -9.9, 1.2)
Boid Radius= 10
Boid Frame=
 0.99067	0.01137	0.13582	0.11370
-0.00528	-0.99256	0.12162	-9.92563
-0.13619	0.12120	0.98324	1.21201
0.00000	0.00000	0.00000	1.00000

boidNo = 2
boid Wall No = 0
position = = (-2.1, -9.8, 0.1)
Boid Radius= 10
Boid Frame=
 -0.22668	-0.21430	-0.95010	-2.14305
0.06107	-0.97670	0.20573	-9.76701
0.97205	0.01138	-0.23449	0.11384
0.00000	0.00000	0.00000	1.00000

boidNo = 3
boid Wall No = 1
position = = (-7.3, 4.3, 5.4)
Boid Radius= 10
Boid Frame=
 0.15500	-0.72668	0.66926	-7.26676
-0.66213	0.42636	0.61628	4.26358
0.73319	0.53867	0.41506	5.38665
0.00000	0.00000	0.00000	1.00000

boidNo = 4
boid Wall No = 1
position = = (-0.1, 0.2, 10.0)
Boid Radius= 10
Boid Frame=
 0.71834	-0.00834	0.69564	-0.08336
-0.69549	0.01556	0.71837	0.15563
0.01681	0.99984	-0.00538	9.99844
0.00000	0.00000	0.00000	1.00000

boidNo = 5
boid Wall No = 0
position = = (-8.3, -0.5, 5.6)
Boid Radius= 10
Boid Frame=
 0.46105	-0.82885	0.31692	-8.28853
-0.62198	-0.04712	0.78161	-0.47120
0.63291	0.55748	0.53726	5.57479
0.00000	0.00000	0.00000	1.00000

boidNo = 6
boid Wall No = 1
position = = (1.6, 9.9, 0.7)
Boid Radius= 10
Boid Frame=
 0.03696	0.15714	-0.98688	1.57138
0.06151	0.98533	0.15919	9.85329
-0.99742	0.06659	-0.02675	0.66586
0.00000	0.00000	0.00000	1.00000

boidNo = 7
boid Wall No = 1
position = = (-2.8, 9.6, -0.3)
Boid Radius= 10
Boid Frame=
 -0.02706	-0.27576	0.96085	-2.75762
0.02345	0.96076	0.27640	9.60757
0.99936	-0.03001	0.01953	-0.30012
0.00000	0.00000	0.00000	1.00000

boidNo = 8
boid Wall No = 1
position = = (-0.5, 8.5, -5.2)
Boid Radius= 10
Boid Frame=
 -0.99197	-0.04627	-0.11769	-0.46266
-0.10050	0.85329	0.51166	8.53287
-0.07675	-0.51939	0.85109	-5.19386
0.00000	0.00000	0.00000	1.00000

boidNo = 9
boid Wall No = 0
position = = (3.0, -9.5, 0.3)
Boid Radius= 10
Boid Frame=
 -0.17364	0.30271	0.93713	3.02706
-0.08220	-0.95272	0.29251	-9.52723
-0.98137	0.02625	-0.19031	0.26245
0.00000	0.00000	0.00000	1.00000

boidNo = 10
boid Wall No = 0
position = = (-8.1, -5.1, 2.9)
Boid Radius= 10
Boid Frame=
 0.54415	-0.80746	-0.22782	-8.07463
-0.45238	-0.51107	0.73087	-5.11067
0.70658	0.29464	0.64337	2.94643
0.00000	0.00000	0.00000	1.00000

boidNo = 11
boid Wall No = 1
position = = (-0.4, 9.0, 4.4)
Boid Radius= 10
Boid Frame=
 0.92826	-0.04220	0.36952	-0.42205
-0.12771	0.89697	0.42325	8.96967
0.34931	0.44008	-0.82723	4.40079
0.00000	0.00000	0.00000	1.00000

boidNo = 12
boid Wall No = 0
position = = (-3.5, -8.3, 4.3)
Boid Radius= 10
Boid Frame=
 0.75571	-0.35292	-0.55169	-3.52915
0.01752	-0.83119	0.55571	-8.31190
0.65468	0.42962	0.62195	4.29621
0.00000	0.00000	0.00000	1.00000

boidNo = 13
boid Wall No = 1
position = = (-5.0, 0.8, -8.6)
Boid Radius= 10
Boid Frame=
 -0.62040	-0.49652	-0.60710	-4.96521
-0.73076	0.08491	0.67733	0.84910
0.28476	-0.86386	0.41552	-8.63862
0.00000	0.00000	0.00000	1.00000

boidNo = 14
boid Wall No = 0
position = = (2.7, -9.6, -0.3)
Boid Radius= 10
Boid Frame=
 -0.37379	0.26643	0.88843	2.66427
-0.07055	-0.96325	0.25918	-9.63248
-0.92483	-0.03420	-0.37884	-0.34205
0.00000	0.00000	0.00000	1.00000

boidNo = 15
boid Wall No = 0
position = = (1.8, -7.7, 6.1)
Boid Radius= 10
Boid Frame=
 0.81298	0.17683	0.55479	1.76827
-0.23367	-0.77362	0.58899	-7.73619
-0.53335	0.60848	0.58762	6.08479
0.00000	0.00000	0.00000	1.00000

boidNo = 16
boid Wall No = 1
position = = (1.1, 9.9, 0.7)
Boid Radius= 10
Boid Frame=
 0.10769	0.11348	-0.98769	1.13484
0.05286	0.99140	0.11968	9.91405
-0.99278	0.06510	-0.10077	0.65101
0.00000	0.00000	0.00000	1.00000

boidNo = 17
boid Wall No = 0
position = = (7.6, -3.9, 5.1)
Boid Radius= 10
Boid Frame=
 0.26394	0.76486	0.58764	7.64858
-0.53648	-0.38990	0.74844	-3.89902
-0.80158	0.51280	-0.30742	5.12804
0.00000	0.00000	0.00000	1.00000

boidNo = 18
boid Wall No = 1
position = = (-3.8, 9.1, -1.8)
Boid Radius= 10
Boid Frame=
 -0.47111	-0.38184	0.79514	-3.81838
-0.02465	0.90680	0.42085	9.06796
0.88173	-0.17866	0.43662	-1.78664
0.00000	0.00000	0.00000	1.00000

boidNo = 19
boid Wall No = 0
position = = (-2.8, -8.3, -4.9)
Boid Radius= 10
Boid Frame=
 0.45484	-0.27750	-0.84624	-2.77501
-0.56282	-0.82597	-0.03165	-8.25972
0.69018	-0.49068	0.53187	-4.90676
0.00000	0.00000	0.00000	1.00000

boidNo = 20
boid Wall No = 1
position = = (5.1, 7.9, 3.4)
Boid Radius= 10
Boid Frame=
 0.74098	0.51392	-0.43224	5.13917
-0.20907	0.78823	0.57877	7.88234
-0.63815	0.33849	-0.69151	3.38492
0.00000	0.00000	0.00000	1.00000

boidNo = 21
boid Wall No = 1
position = = (-2.2, 1.1, -9.7)
Boid Radius= 10
Boid Frame=
 -0.64343	-0.21750	-0.73395	-2.17497
-0.76324	0.10870	0.63690	1.08703
0.05874	-0.96999	0.23595	-9.69989
0.00000	0.00000	0.00000	1.00000

boidNo = 22
boid Wall No = 1
position = = (2.8, 9.2, 2.6)
Boid Radius= 10
Boid Frame=
 0.67112	0.27771	-0.68736	2.77710
0.00940	0.92392	0.38246	9.23924
-0.74129	0.26314	-0.61746	2.63138
0.00000	0.00000	0.00000	1.00000

boidNo = 23
boid Wall No = 1
position = = (-1.6, 9.9, 0.3)
Boid Radius= 9.999999
Boid Frame=
 0.49814	-0.16088	0.85204	-1.60876
0.05857	0.98664	0.15205	9.86636
0.86512	0.02584	-0.50090	0.25838
0.00000	0.00000	0.00000	1.00000

boidNo = 24
boid Wall No = 0
position = = (-7.9, -5.0, -3.5)
Boid Radius= 10
Boid Frame=
 -0.11869	-0.78982	-0.60174	-7.89820
-0.43167	-0.50472	0.74761	-5.04717
0.89419	-0.34849	0.28103	-3.48490
0.00000	0.00000	0.00000	1.00000

boidNo = 25
boid Wall No = 0
position = = (4.2, -6.8, -6.0)
Boid Radius= 10
Boid Frame=
 -0.88958	0.41527	-0.19026	4.15272
-0.44240	-0.67959	0.58519	-6.79587
-0.11371	-0.60474	-0.78826	-6.04740
0.00000	0.00000	0.00000	1.00000

boidNo = 26
boid Wall No = 0
position = = (-5.9, -8.0, -1.5)
Boid Radius= 10
Boid Frame=
 -0.11572	-0.58668	-0.80151	-5.86681
-0.09951	-0.79602	0.59703	-7.96020
0.98828	-0.14885	-0.03373	-1.48851
0.00000	0.00000	0.00000	1.00000

boidNo = 27
boid Wall No = 0
position = = (-4.0, -8.4, -3.6)
Boid Radius= 10
Boid Frame=
 -0.77051	-0.39982	-0.49644	-3.99825
0.09738	-0.84351	0.52821	-8.43512
0.62994	-0.35865	-0.68887	-3.58649
0.00000	0.00000	0.00000	1.00000

boidNo = 28
boid Wall No = 0
position = = (9.9, -1.4, -0.3)
Boid Radius= 10
Boid Frame=
 -0.10711	0.99031	0.08842	9.90307
-0.60014	-0.13530	0.78837	-1.35303
-0.79269	-0.03138	-0.60882	-0.31379
0.00000	0.00000	0.00000	1.00000

boidNo = 29
boid Wall No = 0
position = = (-1.0, -9.8, -2.0)
Boid Radius= 10
Boid Frame=
 -0.94443	-0.09530	-0.31460	-0.95301
0.02573	-0.97555	0.21828	-9.75547
0.32771	-0.19805	-0.92379	-1.98054
0.00000	0.00000	0.00000	1.00000

