Iteration Num of Simuation:0
m_SimulationDeltaT of action plan:0
boidNo = 0
boid Wall No = 0
position = = (-2.5, -8.6, -4.5)
Boid Radius= 10
Boid Frame=
 -0.84016	-0.24894	-0.48182	-2.48945
-0.03791	-0.85929	0.51008	-8.59293
0.54101	-0.44681	-0.71251	-4.46814
0.00000	0.00000	0.00000	1.00000

boidNo = 1
boid Wall No = 1
position = = (-6.5, 2.1, -7.3)
Boid Radius= 10
Boid Frame=
 -0.66620	-0.64574	-0.37309	-6.45737
-0.62604	0.21237	0.75031	2.12373
0.40527	-0.73343	0.54574	-7.33431
0.00000	0.00000	0.00000	1.00000

boidNo = 2
boid Wall No = 1
position = = (7.1, 5.3, 4.6)
Boid Radius= 10
Boid Frame=
 0.70047	0.71316	0.02733	7.13157
-0.56463	0.53036	0.63238	5.30357
-0.43649	0.45840	-0.77417	4.58399
0.00000	0.00000	0.00000	1.00000

boidNo = 3
boid Wall No = 0
position = = (-6.9, -6.1, -3.8)
Boid Radius= 10
Boid Frame=
 -0.25495	-0.69193	-0.67545	-6.91928
-0.28647	-0.61313	0.73621	-6.13131
0.92355	-0.38119	0.04190	-3.81189
0.00000	0.00000	0.00000	1.00000

boidNo = 4
boid Wall No = 1
position = = (6.8, 1.2, -7.2)
Boid Radius= 9.999999
Boid Frame=
 -0.30652	0.68074	-0.66531	6.80742
-0.85168	0.11598	0.51106	1.15983
-0.42506	-0.72328	-0.54423	-7.23283
0.00000	0.00000	0.00000	1.00000

boidNo = 5
boid Wall No = 0
position = = (1.5, -8.0, -5.8)
Boid Radius= 10
Boid Frame=
 -0.98810	0.15294	0.01653	1.52943
-0.11366	-0.79824	0.59151	-7.98244
-0.10366	-0.58259	-0.80613	-5.82593
0.00000	0.00000	0.00000	1.00000

boidNo = 6
boid Wall No = 1
position = = (3.5, 7.5, -5.7)
Boid Radius= 10
Boid Frame=
 -0.38191	0.34574	-0.85709	3.45741
-0.44022	0.74737	0.49764	7.47369
-0.81262	-0.56737	0.13323	-5.67365
0.00000	0.00000	0.00000	1.00000

boidNo = 7
boid Wall No = 1
position = = (-2.1, 6.1, 7.6)
Boid Radius= 10
Boid Frame=
 0.52323	-0.21001	0.82591	-2.10014
-0.58742	0.61324	0.52809	6.13238
0.61738	0.76147	-0.19750	7.61468
0.00000	0.00000	0.00000	1.00000

boidNo = 8
boid Wall No = 1
position = = (-8.1, 4.2, 4.1)
Boid Radius= 10
Boid Frame=
 0.12956	-0.80805	0.57469	-8.08051
-0.55587	0.42075	0.71692	4.20753
0.82111	0.41234	0.39466	4.12335
0.00000	0.00000	0.00000	1.00000

boidNo = 9
boid Wall No = 0
position = = (2.0, -5.3, -8.3)
Boid Radius= 10
Boid Frame=
 -0.84870	0.19517	-0.49154	1.95172
-0.51305	-0.52944	0.67562	-5.29442
0.12838	-0.82559	-0.54947	-8.25590
0.00000	0.00000	0.00000	1.00000

boidNo = 10
boid Wall No = 0
position = = (0.0, -10.0, -0.2)
Boid Radius= 10
Boid Frame=
 -1.00000	0.00030	0.00189	0.00297
-0.00026	-0.99982	0.01923	-9.99815
-0.00190	-0.01923	-0.99981	-0.19233
0.00000	0.00000	0.00000	1.00000

boidNo = 11
boid Wall No = 1
position = = (-5.2, 4.0, 7.6)
Boid Radius= 10
Boid Frame=
 0.43749	-0.51576	0.73661	-5.15760
-0.63890	0.39815	0.65824	3.98153
0.63278	0.75859	0.15533	7.58595
0.00000	0.00000	0.00000	1.00000

boidNo = 12
boid Wall No = 0
position = = (4.6, -8.5, 2.4)
Boid Radius= 10
Boid Frame=
 0.47656	0.46242	0.74770	4.62425
0.01059	-0.85344	0.52108	-8.53444
-0.87908	0.24041	0.41162	2.40410
0.00000	0.00000	0.00000	1.00000

boidNo = 13
boid Wall No = 1
position = = (4.3, 3.5, -8.3)
Boid Radius= 10
Boid Frame=
 -0.58838	0.42690	-0.68671	4.26903
-0.58963	0.35462	0.72566	3.54622
-0.55331	-0.83186	-0.04306	-8.31864
0.00000	0.00000	0.00000	1.00000

boidNo = 14
boid Wall No = 0
position = = (6.4, -7.4, 2.2)
Boid Radius= 9.999999
Boid Frame=
 -0.04062	0.63683	0.76993	6.36831
-0.31653	-0.73908	0.59461	-7.39082
-0.94771	0.21955	-0.23160	2.19553
0.00000	0.00000	0.00000	1.00000

boidNo = 15
boid Wall No = 0
position = = (-7.7, -3.4, 5.5)
Boid Radius= 10
Boid Frame=
 0.42659	-0.76518	0.48220	-7.65181
-0.90361	-0.33771	0.26352	-3.37705
0.03880	0.54814	0.83549	5.48137
0.00000	0.00000	0.00000	1.00000

boidNo = 16
boid Wall No = 1
position = = (-0.6, 8.9, 4.5)
Boid Radius= 10
Boid Frame=
 0.77106	-0.05770	0.63415	-0.57696
-0.24521	0.89218	0.37933	8.92178
0.58766	0.44798	-0.67377	4.47983
0.00000	0.00000	0.00000	1.00000

boidNo = 17
boid Wall No = 0
position = = (-0.8, -9.9, -0.9)
Boid Radius= 10
Boid Frame=
 -0.64785	-0.08375	-0.75715	-0.83751
-0.01716	-0.99208	0.12442	-9.92082
0.76157	-0.09359	-0.64129	-0.93594
0.00000	0.00000	0.00000	1.00000

boidNo = 18
boid Wall No = 0
position = = (0.2, -5.6, -8.3)
Boid Radius= 10
Boid Frame=
 -0.85835	0.02226	-0.51259	0.22260
-0.43420	-0.56376	0.70260	-5.63758
0.27334	-0.82564	-0.49356	-8.25640
0.00000	0.00000	0.00000	1.00000

boidNo = 19
boid Wall No = 1
position = = (-3.6, 2.0, 9.1)
Boid Radius= 10
Boid Frame=
 0.55253	-0.36067	0.75142	-3.60673
-0.74108	0.20002	0.64093	2.00015
0.38146	0.91099	0.15677	9.10994
0.00000	0.00000	0.00000	1.00000

