Iteration Num of Simuation:0
m_SimulationDeltaT of action plan:0
boidNo = 0
boid Wall No = 0
position = = (-4.2, -0.7, 9.0)
Boid Radius= 10
Boid Frame=
 0.56282	-0.42181	0.71085	-4.21812
-0.80169	-0.06913	0.59373	-0.69132
0.20130	0.90404	0.37707	9.04044
0.00000	0.00000	0.00000	1.00000

boidNo = 1
boid Wall No = 0
position = = (8.5, -5.0, -1.9)
Boid Radius= 9.999999
Boid Frame=
 -0.50241	0.84747	0.17141	8.47471
-0.63773	-0.49708	0.58840	-4.97076
-0.58385	-0.18630	-0.79019	-1.86304
0.00000	0.00000	0.00000	1.00000

boidNo = 2
boid Wall No = 0
position = = (-7.4, -6.3, 2.4)
Boid Radius= 10
Boid Frame=
 0.49318	-0.74133	-0.45519	-7.41335
-0.26815	-0.62732	0.73114	-6.27322
0.82757	0.23852	0.50817	2.38517
0.00000	0.00000	0.00000	1.00000

boidNo = 3
boid Wall No = 0
position = = (-3.7, -0.3, -9.3)
Boid Radius= 10
Boid Frame=
 -0.60660	-0.36958	-0.70388	-3.69576
-0.74892	-0.03145	0.66192	-0.31452
0.26677	-0.92867	0.25770	-9.28668
0.00000	0.00000	0.00000	1.00000

boidNo = 4
boid Wall No = 1
position = = (-8.5, 5.0, -1.7)
Boid Radius= 10
Boid Frame=
 -0.47364	-0.84824	0.23697	-8.48240
-0.57237	0.50096	0.64918	5.00959
0.66937	-0.17184	0.72278	-1.71837
0.00000	0.00000	0.00000	1.00000

boidNo = 5
boid Wall No = 0
position = = (-9.8, -1.6, 1.5)
Boid Radius= 10
Boid Frame=
 0.20888	-0.97685	-0.04625	-9.76848
-0.55070	-0.15657	0.81989	-1.56572
0.80815	0.14579	0.57065	1.45787
0.00000	0.00000	0.00000	1.00000

boidNo = 6
boid Wall No = 1
position = = (9.1, 3.9, 1.5)
Boid Radius= 10
Boid Frame=
 0.37547	0.90929	-0.17946	9.09292
-0.61038	0.38831	0.69040	3.88307
-0.69746	0.14968	-0.70082	1.49684
0.00000	0.00000	0.00000	1.00000

boidNo = 7
boid Wall No = 1
position = = (5.6, 0.4, -8.3)
Boid Radius= 10
Boid Frame=
 -0.28846	0.56345	-0.77416	5.63449
-0.92757	0.03611	0.37190	0.36106
-0.23750	-0.82536	-0.51222	-8.25361
0.00000	0.00000	0.00000	1.00000

boidNo = 8
boid Wall No = 0
position = = (-0.9, -5.4, -8.4)
Boid Radius= 10
Boid Frame=
 -0.87791	-0.09479	-0.46935	-0.94787
-0.35203	-0.53667	0.76685	-5.36668
0.32457	-0.83845	-0.43778	-8.38453
0.00000	0.00000	0.00000	1.00000

boidNo = 9
boid Wall No = 0
position = = (-3.8, -8.5, -3.7)
Boid Radius= 9.999999
Boid Frame=
 -0.70354	-0.37716	-0.60231	-3.77158
0.00170	-0.84844	0.52929	-8.48439
0.71065	-0.37135	-0.59756	-3.71353
0.00000	0.00000	0.00000	1.00000

boidNo = 10
boid Wall No = 1
position = = (-0.1, 4.8, 8.8)
Boid Radius= 10
Boid Frame=
 0.43075	-0.00786	0.90244	-0.07861
-0.79180	0.47651	0.38209	4.76510
0.43302	0.87913	-0.19903	8.79134
0.00000	0.00000	0.00000	1.00000

boidNo = 11
boid Wall No = 1
position = = (4.7, 6.6, 5.9)
Boid Radius= 10
Boid Frame=
 0.75232	0.46539	0.46629	4.65392
-0.64515	0.66378	0.37840	6.63775
0.13341	0.58550	-0.79962	5.85502
0.00000	0.00000	0.00000	1.00000

boidNo = 12
boid Wall No = 1
position = = (4.1, 9.0, 1.7)
Boid Radius= 10
Boid Frame=
 0.91021	0.41233	0.03875	4.12326
-0.41281	0.89583	0.16456	8.95826
-0.03314	0.16578	-0.98561	1.65784
0.00000	0.00000	0.00000	1.00000

boidNo = 13
boid Wall No = 0
position = = (-0.3, -8.6, 5.0)
Boid Radius= 10
Boid Frame=
 0.97916	-0.03272	0.20046	-0.32722
-0.12836	-0.86456	0.48585	-8.64563
-0.15741	0.50146	0.85074	5.01457
0.00000	0.00000	0.00000	1.00000

boidNo = 14
boid Wall No = 1
position = = (-3.5, 2.1, -9.1)
Boid Radius= 10
Boid Frame=
 -0.69900	-0.35375	-0.62150	-3.53748
-0.70637	0.20597	0.67722	2.05969
0.11155	-0.91238	0.39385	-9.12381
0.00000	0.00000	0.00000	1.00000

boidNo = 15
boid Wall No = 1
position = = (4.3, 8.8, -2.1)
Boid Radius= 10
Boid Frame=
 -0.20531	0.43134	-0.87852	4.31338
-0.13637	0.87628	0.46211	8.76276
-0.96915	-0.21468	0.12109	-2.14681
0.00000	0.00000	0.00000	1.00000

boidNo = 16
boid Wall No = 1
position = = (-4.3, 7.3, -5.2)
Boid Radius= 10
Boid Frame=
 -0.89089	-0.43338	0.13600	-4.33380
-0.26148	0.73416	0.62661	7.34159
0.37141	-0.52268	0.76737	-5.22679
0.00000	0.00000	0.00000	1.00000

boidNo = 17
boid Wall No = 0
position = = (1.3, -9.5, 2.9)
Boid Radius= 10
Boid Frame=
 0.94341	0.12540	-0.30699	1.25401
0.20549	-0.94766	0.24438	-9.47656
0.26028	0.29364	0.91980	2.93636
0.00000	0.00000	0.00000	1.00000

boidNo = 18
boid Wall No = 1
position = = (4.0, 3.0, -8.6)
Boid Radius= 10
Boid Frame=
 -0.53166	0.40338	-0.74473	4.03384
-0.69107	0.30174	0.65679	3.01737
-0.48965	-0.86385	-0.11835	-8.63850
0.00000	0.00000	0.00000	1.00000

boidNo = 19
boid Wall No = 0
position = = (6.7, -7.1, -2.1)
Boid Radius= 10
Boid Frame=
 -0.45997	0.66838	0.58454	6.68383
-0.17361	-0.71331	0.67901	-7.13308
-0.87080	-0.21084	-0.44414	-2.10844
0.00000	0.00000	0.00000	1.00000

