Iteration Num of Simuation:0
m_SimulationDeltaT of action plan:0
boidNo = 0
boid Wall No = 0
position = = (3.5, -3.3, -8.7)
Boid Radius= 10
Boid Frame=
 -0.81352	0.35029	-0.46420	3.50290
-0.57155	-0.33431	0.74938	-3.34310
-0.10731	-0.87495	-0.47218	-8.74948
0.00000	0.00000	0.00000	1.00000

boidNo = 1
boid Wall No = 1
position = = (9.6, 0.3, 2.8)
Boid Radius= 9.999999
Boid Frame=
 0.22360	0.95896	0.17435	9.58960
-0.70058	0.03376	0.71278	0.33764
-0.67764	0.28152	-0.67937	2.81525
0.00000	0.00000	0.00000	1.00000

boidNo = 2
boid Wall No = 0
position = = (7.8, -2.3, -5.8)
Boid Radius= 10
Boid Frame=
 -0.54955	0.77960	-0.30037	7.79597
-0.69812	-0.23101	0.67769	-2.31012
-0.45894	-0.58212	-0.67120	-5.82119
0.00000	0.00000	0.00000	1.00000

boidNo = 3
boid Wall No = 0
position = = (0.5, -10.0, -0.2)
Boid Radius= 10
Boid Frame=
 -0.24700	0.04590	0.96793	0.45903
0.00407	-0.99882	0.04841	-9.98819
-0.96901	-0.01590	-0.24652	-0.15898
0.00000	0.00000	0.00000	1.00000

boidNo = 4
boid Wall No = 0
position = = (-3.8, -3.2, 8.7)
Boid Radius= 10
Boid Frame=
 0.82787	-0.38055	0.41209	-3.80549
-0.53635	-0.32201	0.78015	-3.22009
0.16419	0.86689	0.47069	8.66887
0.00000	0.00000	0.00000	1.00000

boidNo = 5
boid Wall No = 1
position = = (-6.6, 7.3, -1.9)
Boid Radius= 9.999999
Boid Frame=
 -0.56455	-0.65639	0.50043	-6.56393
-0.30408	0.72905	0.61321	7.29045
0.76735	-0.19401	0.61118	-1.94012
0.00000	0.00000	0.00000	1.00000

boidNo = 6
boid Wall No = 1
position = = (-1.8, 9.8, -1.3)
Boid Radius= 10
Boid Frame=
 -0.34581	-0.17519	0.92181	-1.75188
0.06441	0.97567	0.20959	9.75667
0.93609	-0.13185	0.32611	-1.31847
0.00000	0.00000	0.00000	1.00000

boidNo = 7
boid Wall No = 1
position = = (-0.5, 9.9, -1.3)
Boid Radius= 10
Boid Frame=
 -0.63510	-0.05484	0.77048	-0.54836
0.06404	0.99031	0.12327	9.90305
0.76977	-0.12763	0.62543	-1.27626
0.00000	0.00000	0.00000	1.00000

boidNo = 8
boid Wall No = 0
position = = (-0.4, -6.5, -7.6)
Boid Radius= 9.999999
Boid Frame=
 0.14741	-0.03577	-0.98843	-0.35766
-0.75184	-0.65338	-0.08849	-6.53376
0.64265	-0.75619	0.12320	-7.56188
0.00000	0.00000	0.00000	1.00000

boidNo = 9
boid Wall No = 1
position = = (2.8, 7.4, 6.1)
Boid Radius= 10
Boid Frame=
 0.95805	0.27733	0.07234	2.77333
-0.26136	0.74178	0.61762	7.41779
-0.11763	0.61061	-0.78314	6.10614
0.00000	0.00000	0.00000	1.00000

boidNo = 10
boid Wall No = 1
position = = (-0.3, 8.3, 5.6)
Boid Radius= 10
Boid Frame=
 0.94558	-0.03357	0.32366	-0.33571
-0.15412	0.82981	0.53635	8.29807
0.28658	0.55704	-0.77947	5.57040
0.00000	0.00000	0.00000	1.00000

boidNo = 11
boid Wall No = 1
position = = (-3.3, 3.8, -8.6)
Boid Radius= 10
Boid Frame=
 -0.76043	-0.32623	-0.56153	-3.26228
-0.64942	0.38245	0.65726	3.82449
-0.00034	-0.86447	0.50268	-8.64470
0.00000	0.00000	0.00000	1.00000

boidNo = 12
boid Wall No = 1
position = = (6.5, 0.6, 7.6)
Boid Radius= 10
Boid Frame=
 0.49260	0.64744	0.58151	6.47445
-0.79405	0.06095	0.60479	0.60947
-0.35613	0.75967	-0.54413	7.59671
0.00000	0.00000	0.00000	1.00000

boidNo = 13
boid Wall No = 0
position = = (4.7, -3.9, -7.9)
Boid Radius= 10
Boid Frame=
 -0.70782	0.46580	-0.53106	4.65798
-0.70308	-0.39178	0.59346	-3.91775
-0.06837	-0.79344	-0.60480	-7.93438
0.00000	0.00000	0.00000	1.00000

boidNo = 14
boid Wall No = 1
position = = (1.4, 8.7, -4.7)
Boid Radius= 10
Boid Frame=
 -0.72968	0.13801	-0.66972	1.38005
-0.23195	0.87140	0.43228	8.71397
-0.64325	-0.47077	0.60383	-4.70767
0.00000	0.00000	0.00000	1.00000

boidNo = 15
boid Wall No = 0
position = = (0.4, -9.9, 1.3)
Boid Radius= 10
Boid Frame=
 0.92447	0.03745	0.37940	0.37446
-0.01373	-0.99125	0.13129	-9.91249
-0.38100	0.12658	0.91587	1.26584
0.00000	0.00000	0.00000	1.00000

boidNo = 16
boid Wall No = 1
position = = (-8.8, 3.3, -3.4)
Boid Radius= 10
Boid Frame=
 -0.47083	-0.88217	-0.00936	-8.82172
-0.62596	0.32658	0.70819	3.26575
0.62169	-0.33930	0.70596	-3.39296
0.00000	0.00000	0.00000	1.00000

boidNo = 17
boid Wall No = 0
position = = (2.8, -4.5, 8.5)
Boid Radius= 10
Boid Frame=
 0.08342	0.27557	0.95765	2.75572
-0.87101	-0.44672	0.20442	-4.46719
-0.48413	0.85118	-0.20276	8.51177
0.00000	0.00000	0.00000	1.00000

boidNo = 18
boid Wall No = 1
position = = (-0.4, 9.9, 1.3)
Boid Radius= 10
Boid Frame=
 0.97444	-0.03556	-0.22183	-0.35561
0.06317	0.99092	0.11865	9.90924
-0.21559	0.12963	-0.96784	1.29634
0.00000	0.00000	0.00000	1.00000

boidNo = 19
boid Wall No = 0
position = = (-8.5, -5.0, -1.3)
Boid Radius= 10
Boid Frame=
 0.15971	-0.85316	-0.49660	-8.53161
-0.49605	-0.50429	0.70684	-5.04291
0.85348	-0.13344	0.50375	-1.33444
0.00000	0.00000	0.00000	1.00000

