Iteration Num of Simuation:0
m_SimulationDeltaT of action plan:0
boidNo = 0
boid Wall No = 1
position = = (-0.3, 0.8, 10.0)
Boid Radius= 10
Boid Frame=
 0.75136	-0.03467	0.65898	-0.34671
-0.65522	0.07940	0.75126	0.79401
0.07837	0.99624	-0.03694	9.96240
0.00000	0.00000	0.00000	1.00000

boidNo = 1
boid Wall No = 0
position = = (6.2, -7.3, 3.0)
Boid Radius= 10
Boid Frame=
 0.28979	0.61664	0.73196	6.16645
-0.14301	-0.72830	0.67017	-7.28298
-0.94635	0.29888	0.12287	2.98885
0.00000	0.00000	0.00000	1.00000

boidNo = 2
boid Wall No = 1
position = = (-5.5, 6.0, 5.8)
Boid Radius= 10
Boid Frame=
 0.21958	-0.55248	0.80408	-5.52485
-0.56015	0.60340	0.56757	6.03405
0.79876	0.57503	0.17698	5.75034
0.00000	0.00000	0.00000	1.00000

boidNo = 3
boid Wall No = 0
position = = (2.2, -9.4, -2.5)
Boid Radius= 10
Boid Frame=
 -0.74241	0.22469	0.63114	2.24693
0.00305	-0.94093	0.33857	-9.40935
-0.66994	-0.25329	-0.69787	-2.53288
0.00000	0.00000	0.00000	1.00000

boidNo = 4
boid Wall No = 1
position = = (-3.8, 9.1, -1.7)
Boid Radius= 9.999999
Boid Frame=
 -0.90235	-0.38044	0.20257	-3.80437
-0.32376	0.90854	0.26409	9.08535
0.28451	-0.17272	0.94299	-1.72718
0.00000	0.00000	0.00000	1.00000

boidNo = 5
boid Wall No = 1
position = = (0.9, 5.7, -8.2)
Boid Radius= 9.999999
Boid Frame=
 -0.59555	0.09289	-0.79793	0.92893
-0.62723	0.56681	0.53414	5.66813
-0.50189	-0.81859	0.27930	-8.18593
0.00000	0.00000	0.00000	1.00000

boidNo = 6
boid Wall No = 0
position = = (5.5, -2.0, -8.1)
Boid Radius= 10
Boid Frame=
 -0.71383	0.55304	-0.42965	5.53036
-0.61474	-0.20093	0.76271	-2.00931
-0.33548	-0.80857	-0.48340	-8.08565
0.00000	0.00000	0.00000	1.00000

boidNo = 7
boid Wall No = 0
position = = (2.7, -7.6, -6.0)
Boid Radius= 10
Boid Frame=
 -0.95084	0.26578	0.15898	2.65776
-0.10370	-0.75693	0.64521	-7.56934
-0.29182	-0.59700	-0.74728	-5.97005
0.00000	0.00000	0.00000	1.00000

boidNo = 8
boid Wall No = 0
position = = (-5.0, -2.2, 8.4)
Boid Radius= 10
Boid Frame=
 0.75627	-0.49642	0.42617	-4.96423
-0.58310	-0.21599	0.78316	-2.15994
0.29673	0.84078	0.45281	8.40780
0.00000	0.00000	0.00000	1.00000

boidNo = 9
boid Wall No = 1
position = = (0.9, 9.9, -1.5)
Boid Radius= 10
Boid Frame=
 -0.95466	0.08856	-0.28423	0.88561
0.04211	0.98530	0.16556	9.85300
-0.29471	-0.14608	0.94435	-1.46084
0.00000	0.00000	0.00000	1.00000

boidNo = 10
boid Wall No = 1
position = = (-8.8, 1.2, 4.5)
Boid Radius= 9.999999
Boid Frame=
 0.24679	-0.88305	0.39913	-8.83054
-0.69716	0.12429	0.70606	1.24292
0.67310	0.45251	0.58496	4.52513
0.00000	0.00000	0.00000	1.00000

boidNo = 11
boid Wall No = 1
position = = (9.9, 1.3, 0.6)
Boid Radius= 9.999999
Boid Frame=
 0.13217	0.98943	-0.05968	9.89429
-0.66204	0.13292	0.73759	1.32925
-0.73772	0.05797	-0.67261	0.57971
0.00000	0.00000	0.00000	1.00000

boidNo = 12
boid Wall No = 1
position = = (2.3, 3.6, -9.1)
Boid Radius= 10
Boid Frame=
 -0.71973	0.22840	-0.65560	2.28403
-0.56423	0.35779	0.74407	3.57787
-0.40451	-0.90544	0.12864	-9.05440
0.00000	0.00000	0.00000	1.00000

boidNo = 13
boid Wall No = 1
position = = (0.9, 10.0, -0.1)
Boid Radius= 10
Boid Frame=
 -0.59823	0.08955	-0.79630	0.89553
0.04412	0.99591	0.07885	9.95909
-0.80011	-0.01204	0.59974	-0.12039
0.00000	0.00000	0.00000	1.00000

boidNo = 14
boid Wall No = 0
position = = (8.4, -5.1, 1.7)
Boid Radius= 10
Boid Frame=
 -0.12668	0.84284	0.52304	8.42839
-0.50266	-0.50912	0.69866	-5.09122
-0.85515	0.17441	-0.48816	1.74407
0.00000	0.00000	0.00000	1.00000

boidNo = 15
boid Wall No = 0
position = = (-3.3, -9.3, 1.6)
Boid Radius= 10
Boid Frame=
 0.16974	-0.32958	-0.92874	-3.29584
0.10781	-0.93055	0.34993	-9.30552
0.97957	0.15952	0.12242	1.59522
0.00000	0.00000	0.00000	1.00000

boidNo = 16
boid Wall No = 1
position = = (5.6, 1.0, -8.2)
Boid Radius= 10
Boid Frame=
 -0.60570	0.55878	-0.56647	5.58780
-0.62626	0.10438	0.77260	1.04384
-0.49084	-0.82272	-0.28671	-8.22720
0.00000	0.00000	0.00000	1.00000

boidNo = 17
boid Wall No = 1
position = = (-1.1, 7.8, 6.2)
Boid Radius= 10
Boid Frame=
 0.69976	-0.11206	0.70553	-1.12061
-0.37961	0.77831	0.50013	7.78310
0.60517	0.61780	-0.50209	6.17800
0.00000	0.00000	0.00000	1.00000

boidNo = 18
boid Wall No = 0
position = = (-6.5, -7.4, 1.6)
Boid Radius= 10
Boid Frame=
 0.39156	-0.65075	-0.65054	-6.50752
-0.14246	-0.74134	0.65584	-7.41339
0.90906	0.16413	0.38299	1.64129
0.00000	0.00000	0.00000	1.00000

boidNo = 19
boid Wall No = 1
position = = (-1.4, 9.8, -1.5)
Boid Radius= 10
Boid Frame=
 -0.98677	-0.14441	0.07374	-1.44409
-0.13099	0.97800	0.16236	9.77997
0.09556	-0.15056	0.98397	-1.50557
0.00000	0.00000	0.00000	1.00000

