Iteration Num of Simuation:0
m_SimulationDeltaT of action plan:0
boidNo = 0
boid Wall No = 0
position = = (-0.5, -9.9, 1.4)
Boid Radius= 9.999999
Boid Frame=
 0.98182	-0.05422	-0.18193	-0.54217
-0.02801	-0.98923	0.14364	-9.89234
0.18776	0.13593	0.97276	1.35928
0.00000	0.00000	0.00000	1.00000

boidNo = 1
boid Wall No = 1
position = = (3.1, 8.5, 4.2)
Boid Radius= 10
Boid Frame=
 0.93210	0.31019	-0.18700	3.10193
-0.18464	0.85110	0.49147	8.51100
-0.31161	0.42357	-0.85058	4.23568
0.00000	0.00000	0.00000	1.00000

boidNo = 2
boid Wall No = 0
position = = (4.2, -2.7, 8.7)
Boid Radius= 9.999999
Boid Frame=
 0.60439	0.41763	0.67845	4.17632
-0.63074	-0.26941	0.72773	-2.69415
-0.48671	0.86776	-0.10059	8.67755
0.00000	0.00000	0.00000	1.00000

boidNo = 3
boid Wall No = 1
position = = (-2.3, 9.6, 1.5)
Boid Radius= 10
Boid Frame=
 0.68724	-0.23169	0.68849	-2.31694
0.05169	0.96097	0.27179	9.60966
0.72459	0.15120	-0.67239	1.51201
0.00000	0.00000	0.00000	1.00000

boidNo = 4
boid Wall No = 1
position = = (4.9, 1.2, -8.7)
Boid Radius= 9.999999
Boid Frame=
 -0.47566	0.48669	-0.73273	4.86686
-0.79401	0.12091	0.59575	1.20914
-0.37854	-0.86517	-0.32892	-8.65169
0.00000	0.00000	0.00000	1.00000

boidNo = 5
boid Wall No = 0
position = = (4.0, -5.9, 7.0)
Boid Radius= 10
Boid Frame=
 -0.34628	0.40085	0.84818	4.00852
-0.80296	-0.59418	-0.04701	-5.94179
-0.48513	0.69733	-0.52762	6.97330
0.00000	0.00000	0.00000	1.00000

boidNo = 6
boid Wall No = 0
position = = (-1.8, -9.8, -0.6)
Boid Radius= 10
Boid Frame=
 -0.29417	-0.18376	-0.93792	-1.83759
-0.00534	-0.98101	0.19388	-9.81011
0.95574	-0.06204	-0.28760	-0.62045
0.00000	0.00000	0.00000	1.00000

boidNo = 7
boid Wall No = 0
position = = (-3.2, -4.7, -8.2)
Boid Radius= 10
Boid Frame=
 -0.72089	-0.32438	-0.61244	-3.24384
-0.44064	-0.46755	0.76631	-4.67550
0.53493	-0.82230	-0.19412	-8.22296
0.00000	0.00000	0.00000	1.00000

boidNo = 8
boid Wall No = 0
position = = (-0.3, -9.4, -3.3)
Boid Radius= 10
Boid Frame=
 -0.93272	-0.02742	0.35956	-0.27422
0.14256	-0.94392	0.29781	-9.43920
-0.33123	-0.32903	-0.88432	-3.29034
0.00000	0.00000	0.00000	1.00000

boidNo = 9
boid Wall No = 0
position = = (-5.0, -7.4, -4.6)
Boid Radius= 10
Boid Frame=
 0.73437	-0.50139	-0.45751	-5.01386
-0.64017	-0.73565	-0.22136	-7.35653
0.22558	-0.45544	0.86121	-4.55443
0.00000	0.00000	0.00000	1.00000

boidNo = 10
boid Wall No = 0
position = = (7.0, -4.4, -5.7)
Boid Radius= 10
Boid Frame=
 -0.48299	0.69836	-0.52821	6.98363
-0.87189	-0.43924	0.21653	-4.39235
0.08079	-0.56512	-0.82104	-5.65121
0.00000	0.00000	0.00000	1.00000

boidNo = 11
boid Wall No = 0
position = = (-2.7, -6.9, -6.7)
Boid Radius= 10
Boid Frame=
 -0.83451	-0.26581	-0.48264	-2.65806
-0.18126	-0.69476	0.69603	-6.94756
0.52032	-0.66833	-0.53160	-6.68327
0.00000	0.00000	0.00000	1.00000

boidNo = 12
boid Wall No = 0
position = = (0.6, -2.6, -9.6)
Boid Radius= 10
Boid Frame=
 -0.85006	0.05505	-0.52380	0.55052
-0.51894	-0.25745	0.81512	-2.57449
0.08998	-0.96472	-0.24742	-9.64722
0.00000	0.00000	0.00000	1.00000

boidNo = 13
boid Wall No = 1
position = = (3.6, 9.3, -0.3)
Boid Radius= 10
Boid Frame=
 -0.01569	0.36012	-0.93277	3.60119
-0.02283	0.93252	0.36040	9.32517
-0.99962	-0.02695	0.00641	-0.26951
0.00000	0.00000	0.00000	1.00000

boidNo = 14
boid Wall No = 0
position = = (-2.3, -8.1, 5.4)
Boid Radius= 9.999999
Boid Frame=
 0.92043	-0.23159	-0.31492	-2.31593
-0.00230	-0.80881	0.58807	-8.08809
0.39090	0.54055	0.74498	5.40548
0.00000	0.00000	0.00000	1.00000

boidNo = 15
boid Wall No = 0
position = = (-6.8, -6.8, 2.8)
Boid Radius= 10
Boid Frame=
 0.57369	-0.67606	-0.46240	-6.76063
-0.24449	-0.68015	0.69110	-6.80155
0.78173	0.28342	0.55549	2.83423
0.00000	0.00000	0.00000	1.00000

boidNo = 16
boid Wall No = 1
position = = (-6.3, 7.6, -1.7)
Boid Radius= 9.999999
Boid Frame=
 -0.55681	-0.63105	0.54013	-6.31053
-0.28668	0.75629	0.58808	7.56293
0.77960	-0.17261	0.60202	-1.72607
0.00000	0.00000	0.00000	1.00000

boidNo = 17
boid Wall No = 0
position = = (-1.3, -0.4, -9.9)
Boid Radius= 10
Boid Frame=
 -0.51098	-0.12999	-0.84971	-1.29994
-0.85342	-0.04150	0.51956	-0.41500
0.10280	-0.99065	0.08973	-9.90646
0.00000	0.00000	0.00000	1.00000

boidNo = 18
boid Wall No = 1
position = = (6.9, 4.6, 5.5)
Boid Radius= 10
Boid Frame=
 0.71247	0.69473	0.09868	6.94727
-0.54483	0.45907	0.70173	4.59066
-0.44221	0.55373	-0.70558	5.53727
0.00000	0.00000	0.00000	1.00000

boidNo = 19
boid Wall No = 0
position = = (0.4, -9.9, 1.7)
Boid Radius= 10
Boid Frame=
 0.96640	0.04230	0.25356	0.42299
-0.00170	-0.98530	0.17084	-9.85297
-0.25706	0.16553	0.95211	1.65530
0.00000	0.00000	0.00000	1.00000

