Iteration Num of Simuation:0
m_SimulationDeltaT of action plan:0
boidNo = 0
boid Wall No = 1
position = = (2.2, 7.6, -6.1)
Boid Radius= 10
Boid Frame=
 -0.65566	0.22017	-0.72224	2.20167
-0.34798	0.76079	0.54782	7.60789
-0.67009	-0.61051	0.42221	-6.10513
0.00000	0.00000	0.00000	1.00000

boidNo = 1
boid Wall No = 1
position = = (-3.4, 0.6, -9.4)
Boid Radius= 10
Boid Frame=
 -0.65612	-0.33914	-0.67416	-3.39143
-0.73122	0.06483	0.67905	0.64826
0.18659	-0.93850	0.29052	-9.38499
0.00000	0.00000	0.00000	1.00000

boidNo = 2
boid Wall No = 0
position = = (-3.4, -8.6, -3.8)
Boid Radius= 10
Boid Frame=
 -0.75880	-0.33901	-0.55614	-3.39012
0.01344	-0.86183	0.50701	-8.61834
0.65119	-0.37725	-0.65852	-3.77245
0.00000	0.00000	0.00000	1.00000

boidNo = 3
boid Wall No = 0
position = = (1.0, -8.4, 5.3)
Boid Radius= 10
Boid Frame=
 0.95597	0.09810	0.27657	0.98098
-0.06971	-0.83958	0.53875	-8.39577
-0.28505	0.53431	0.79578	5.34310
0.00000	0.00000	0.00000	1.00000

boidNo = 4
boid Wall No = 0
position = = (-1.4, -9.5, -2.7)
Boid Radius= 10
Boid Frame=
 -0.98952	-0.14219	0.02504	-1.42195
0.14370	-0.95310	0.26637	-9.53098
0.01401	-0.26718	-0.96355	-2.67179
0.00000	0.00000	0.00000	1.00000

boidNo = 5
boid Wall No = 0
position = = (5.0, -7.5, 4.4)
Boid Radius= 10
Boid Frame=
 0.48801	0.49850	0.71648	4.98502
-0.17725	-0.74716	0.64058	-7.47157
-0.85465	0.43960	0.27626	4.39605
0.00000	0.00000	0.00000	1.00000

boidNo = 6
boid Wall No = 0
position = = (-0.7, -9.2, -4.0)
Boid Radius= 10
Boid Frame=
 -0.99626	-0.06598	-0.05576	-0.65982
0.03835	-0.91615	0.39899	-9.16152
0.07741	-0.39536	-0.91526	-3.95362
0.00000	0.00000	0.00000	1.00000

boidNo = 7
boid Wall No = 0
position = = (-1.5, -9.6, 2.4)
Boid Radius= 10
Boid Frame=
 0.90800	-0.14979	-0.39127	-1.49792
-0.03711	-0.95898	0.28102	-9.58984
0.41731	0.24065	0.87632	2.40648
0.00000	0.00000	0.00000	1.00000

boidNo = 8
boid Wall No = 1
position = = (-6.3, 7.0, 3.4)
Boid Radius= 10
Boid Frame=
 -0.25071	-0.62570	0.73867	-6.25705
-0.59557	0.70124	0.39186	7.01243
0.76318	0.34169	0.54846	3.41689
0.00000	0.00000	0.00000	1.00000

boidNo = 9
boid Wall No = 1
position = = (-0.4, 7.5, -6.6)
Boid Radius= 10
Boid Frame=
 -0.73692	-0.03700	-0.67497	-0.36999
-0.46527	0.75212	0.46674	7.52119
-0.49039	-0.65799	0.57146	-6.57988
0.00000	0.00000	0.00000	1.00000

boidNo = 10
boid Wall No = 0
position = = (7.6, -1.5, 6.3)
Boid Radius= 10
Boid Frame=
 0.46228	0.76296	0.45187	7.62963
-0.54807	-0.15475	0.82199	-1.54751
-0.69708	0.62765	-0.34662	6.27646
0.00000	0.00000	0.00000	1.00000

boidNo = 11
boid Wall No = 1
position = = (-3.6, 9.3, 0.3)
Boid Radius= 10
Boid Frame=
 -0.18491	-0.35836	0.91509	-3.58362
-0.10289	0.93309	0.34462	9.33087
0.97735	0.03043	0.20941	0.30430
0.00000	0.00000	0.00000	1.00000

boidNo = 12
boid Wall No = 1
position = = (-6.7, 7.3, 1.1)
Boid Radius= 10
Boid Frame=
 -0.33570	-0.67230	0.65979	-6.72298
-0.43442	0.73200	0.52484	7.31996
0.83582	0.11044	0.53779	1.10438
0.00000	0.00000	0.00000	1.00000

boidNo = 13
boid Wall No = 0
position = = (0.9, -9.9, -1.4)
Boid Radius= 10
Boid Frame=
 -0.96233	0.08518	0.25818	0.85180
-0.04408	-0.98597	0.16101	-9.85968
-0.26827	-0.14357	-0.95259	-1.43568
0.00000	0.00000	0.00000	1.00000

boidNo = 14
boid Wall No = 1
position = = (-0.2, 9.9, -1.5)
Boid Radius= 10
Boid Frame=
 -0.79537	-0.02447	-0.60564	-0.24472
-0.11208	0.98789	0.10728	9.87891
-0.59568	-0.15321	0.78848	-1.53207
0.00000	0.00000	0.00000	1.00000

boidNo = 15
boid Wall No = 0
position = = (0.3, -10.0, -0.1)
Boid Radius= 10
Boid Frame=
 -0.62328	0.03433	0.78125	0.34335
-0.01015	-0.99931	0.03582	-9.99307
-0.78194	-0.01439	-0.62319	-0.14394
0.00000	0.00000	0.00000	1.00000

boidNo = 16
boid Wall No = 0
position = = (-6.3, -1.4, -7.6)
Boid Radius= 10
Boid Frame=
 0.07921	-0.63247	-0.77052	-6.32472
-0.98995	-0.14074	0.01375	-1.40735
0.11714	-0.76169	0.63727	-7.61691
0.00000	0.00000	0.00000	1.00000

boidNo = 17
boid Wall No = 0
position = = (2.4, -7.2, 6.6)
Boid Radius= 10
Boid Frame=
 0.85539	0.23588	0.46116	2.35882
-0.16789	-0.71597	0.67764	-7.15975
-0.49002	0.65707	0.57284	6.57069
0.00000	0.00000	0.00000	1.00000

boidNo = 18
boid Wall No = 1
position = = (-3.5, 8.7, 3.3)
Boid Radius= 10
Boid Frame=
 0.57429	-0.35250	0.73888	-3.52500
-0.07965	0.87421	0.47897	8.74209
0.81477	0.33392	-0.47397	3.33921
0.00000	0.00000	0.00000	1.00000

boidNo = 19
boid Wall No = 0
position = = (3.7, -7.7, -5.2)
Boid Radius= 10
Boid Frame=
 -0.92281	0.37500	-0.08832	3.74997
-0.36267	-0.76824	0.52752	-7.68238
-0.12997	-0.51883	-0.84494	-5.18833
0.00000	0.00000	0.00000	1.00000

