Iteration Num of Simuation:0
m_SimulationDeltaT of action plan:0
boidNo = 0
boid Wall No = 0
position = = (-9.6, -0.1, -2.9)
Boid Radius= 9.999999
Boid Frame=
 -0.23404	-0.95593	-0.17729	-9.55925
-0.57184	-0.01213	0.82028	-0.12131
0.78627	-0.29336	0.54379	-2.93359
0.00000	0.00000	0.00000	1.00000

boidNo = 1
boid Wall No = 0
position = = (-0.9, -9.9, -1.1)
Boid Radius= 10
Boid Frame=
 -0.81888	-0.08747	-0.56726	-0.87469
0.00804	-0.98997	0.14104	-9.89971
0.57391	-0.11093	-0.81137	-1.10933
0.00000	0.00000	0.00000	1.00000

boidNo = 2
boid Wall No = 1
position = = (-0.3, 9.9, 1.5)
Boid Radius= 10
Boid Frame=
 0.98434	-0.03222	-0.17331	-0.32218
0.05705	0.98847	0.14025	9.88472
-0.16679	0.14794	-0.97483	1.47938
0.00000	0.00000	0.00000	1.00000

boidNo = 3
boid Wall No = 0
position = = (-4.1, -4.6, -7.9)
Boid Radius= 10
Boid Frame=
 -0.39777	-0.40825	-0.82165	-4.08247
-0.69141	-0.45531	0.56094	-4.55306
0.60311	-0.79122	0.10116	-7.91221
0.00000	0.00000	0.00000	1.00000

boidNo = 4
boid Wall No = 1
position = = (1.0, 9.5, -2.8)
Boid Radius= 10
Boid Frame=
 -0.96462	0.09622	-0.24545	0.96221
0.01963	0.95465	0.29708	9.54651
-0.26291	-0.28175	0.92277	-2.81751
0.00000	0.00000	0.00000	1.00000

boidNo = 5
boid Wall No = 0
position = = (-8.1, -1.6, 5.6)
Boid Radius= 10
Boid Frame=
 0.39357	-0.81205	0.43091	-8.12048
-0.86072	-0.16085	0.48301	-1.60855
0.32291	0.56098	0.76225	5.60985
0.00000	0.00000	0.00000	1.00000

boidNo = 6
boid Wall No = 0
position = = (-0.9, -10.0, -0.5)
Boid Radius= 9.999999
Boid Frame=
 -0.58234	-0.08514	-0.80848	-0.85135
0.00832	-0.99507	0.09879	-9.95074
0.81290	-0.05080	-0.58018	-0.50799
0.00000	0.00000	0.00000	1.00000

boidNo = 7
boid Wall No = 1
position = = (-4.1, 0.7, -9.1)
Boid Radius= 10
Boid Frame=
 -0.62046	-0.40803	-0.66973	-4.08026
-0.75287	0.07080	0.65435	0.70805
0.21957	-0.91022	0.35112	-9.10221
0.00000	0.00000	0.00000	1.00000

boidNo = 8
boid Wall No = 1
position = = (4.5, 2.0, 8.7)
Boid Radius= 10
Boid Frame=
 0.65512	0.44876	0.60782	4.48757
-0.73606	0.19765	0.64741	1.97655
-0.17039	0.87152	-0.45980	8.71522
0.00000	0.00000	0.00000	1.00000

boidNo = 9
boid Wall No = 1
position = = (-0.7, 5.1, -8.6)
Boid Radius= 10
Boid Frame=
 -0.39141	-0.06765	-0.91773	-0.67654
-0.80347	0.51130	0.30499	5.11295
-0.44860	-0.85674	0.25448	-8.56738
0.00000	0.00000	0.00000	1.00000

boidNo = 10
boid Wall No = 0
position = = (-0.4, -9.5, -3.0)
Boid Radius= 9.999999
Boid Frame=
 -0.82945	-0.03997	-0.55714	-0.39971
-0.13579	-0.95309	0.27053	-9.53087
0.54182	-0.30005	-0.78511	-3.00047
0.00000	0.00000	0.00000	1.00000

boidNo = 11
boid Wall No = 0
position = = (-8.2, -3.6, -4.5)
Boid Radius= 10
Boid Frame=
 -0.13669	-0.81904	-0.55721	-8.19041
-0.63771	-0.35768	0.68219	-3.57681
0.75805	-0.44859	0.47342	-4.48594
0.00000	0.00000	0.00000	1.00000

boidNo = 12
boid Wall No = 1
position = = (-4.6, 7.5, 4.8)
Boid Radius= 10
Boid Frame=
 0.38834	-0.45588	0.80085	-4.55882
-0.31967	0.74845	0.58107	7.48446
0.86429	0.48166	-0.14492	4.81663
0.00000	0.00000	0.00000	1.00000

boidNo = 13
boid Wall No = 0
position = = (-8.3, -0.7, -5.5)
Boid Radius= 10
Boid Frame=
 -0.27235	-0.83323	-0.48120	-8.33229
-0.81524	-0.06582	0.57537	-0.65816
0.51109	-0.54900	0.66136	-5.48997
0.00000	0.00000	0.00000	1.00000

boidNo = 14
boid Wall No = 1
position = = (5.3, 0.4, -8.5)
Boid Radius= 10
Boid Frame=
 -0.57768	0.53141	-0.61959	5.31411
-0.71381	0.03930	0.69924	0.39297
-0.39593	-0.84620	-0.35663	-8.46202
0.00000	0.00000	0.00000	1.00000

boidNo = 15
boid Wall No = 0
position = = (-3.4, -6.3, -7.0)
Boid Radius= 10
Boid Frame=
 -0.73300	-0.33836	-0.59011	-3.38358
-0.28570	-0.63416	0.71848	-6.34159
0.61733	-0.69524	-0.36817	-6.95238
0.00000	0.00000	0.00000	1.00000

boidNo = 16
boid Wall No = 0
position = = (-3.8, -3.7, -8.5)
Boid Radius= 10
Boid Frame=
 -0.71133	-0.38016	-0.59117	-3.80163
-0.46717	-0.37269	0.80179	-3.72688
0.52513	-0.84651	-0.08751	-8.46510
0.00000	0.00000	0.00000	1.00000

boidNo = 17
boid Wall No = 0
position = = (-3.9, -9.2, -0.1)
Boid Radius= 10
Boid Frame=
 -0.48539	-0.38763	-0.78367	-3.87628
0.19862	-0.92180	0.33293	-9.21797
0.85144	-0.00594	-0.52443	-0.05945
0.00000	0.00000	0.00000	1.00000

boidNo = 18
boid Wall No = 1
position = = (-0.4, 9.4, -3.3)
Boid Radius= 10
Boid Frame=
 -0.97242	-0.04417	-0.22902	-0.44165
-0.11677	0.94219	0.31408	9.42187
-0.20191	-0.33216	0.92136	-3.32164
0.00000	0.00000	0.00000	1.00000

boidNo = 19
boid Wall No = 1
position = = (3.2, 9.4, -0.7)
Boid Radius= 10
Boid Frame=
 0.73328	0.32488	-0.59729	3.24877
-0.29709	0.94326	0.14833	9.43259
-0.61159	-0.06868	-0.78819	-0.68683
0.00000	0.00000	0.00000	1.00000

