Iteration Num of Simuation:0
m_SimulationDeltaT of action plan:0
boidNo = 0
boid Wall No = 0
position = = (-4.1, -9.0, -1.5)
Boid Radius= 10
Boid Frame=
 -0.05798	-0.40810	-0.91109	-4.08101
-0.13728	-0.90070	0.41218	-9.00700
0.98883	-0.14897	0.00381	-1.48973
0.00000	0.00000	0.00000	1.00000

boidNo = 1
boid Wall No = 1
position = = (0.0, 9.6, -2.7)
Boid Radius= 10
Boid Frame=
 -0.46567	0.00185	-0.88496	0.01847
-0.24037	0.96214	0.12849	9.62138
-0.85169	-0.27256	0.44759	-2.72555
0.00000	0.00000	0.00000	1.00000

boidNo = 2
boid Wall No = 1
position = = (8.4, 3.1, 4.5)
Boid Radius= 9.999999
Boid Frame=
 0.53977	0.83636	0.09561	8.36364
-0.60675	0.30781	0.73287	3.07807
-0.58352	0.45360	-0.67361	4.53596
0.00000	0.00000	0.00000	1.00000

boidNo = 3
boid Wall No = 0
position = = (-3.6, -7.5, -5.6)
Boid Radius= 10
Boid Frame=
 -0.69338	-0.36104	-0.62360	-3.61036
-0.18683	-0.74575	0.63949	-7.45751
0.69593	-0.55992	-0.44963	-5.59919
0.00000	0.00000	0.00000	1.00000

boidNo = 4
boid Wall No = 0
position = = (-5.6, -5.9, -5.9)
Boid Radius= 10
Boid Frame=
 -0.50298	-0.55709	-0.66080	-5.57090
-0.32591	-0.58587	0.74198	-5.85869
0.80050	-0.58857	-0.11312	-5.88565
0.00000	0.00000	0.00000	1.00000

boidNo = 5
boid Wall No = 0
position = = (-0.1, -10.0, 0.0)
Boid Radius= 10
Boid Frame=
 -0.88887	-0.00571	-0.45812	-0.05712
0.00346	-0.99998	0.00575	-9.99978
0.45815	-0.00353	-0.88887	-0.03528
0.00000	0.00000	0.00000	1.00000

boidNo = 6
boid Wall No = 0
position = = (0.0, -10.0, -0.3)
Boid Radius= 10
Boid Frame=
 -0.97838	-0.00104	0.20681	-0.01035
0.00703	-0.99958	0.02825	-9.99576
-0.20670	-0.02909	-0.97797	-0.29090
0.00000	0.00000	0.00000	1.00000

boidNo = 7
boid Wall No = 1
position = = (5.9, 8.1, -0.2)
Boid Radius= 10
Boid Frame=
 0.19534	0.58864	-0.78444	5.88637
-0.16684	0.80814	0.56487	8.08137
-0.96644	-0.02054	-0.25607	-0.20535
0.00000	0.00000	0.00000	1.00000

boidNo = 8
boid Wall No = 1
position = = (-6.0, 7.7, 2.2)
Boid Radius= 10
Boid Frame=
 -0.18188	-0.59953	0.77941	-5.99527
-0.39362	0.77075	0.50101	7.70750
0.90110	0.21567	0.37617	2.15667
0.00000	0.00000	0.00000	1.00000

boidNo = 9
boid Wall No = 1
position = = (-1.4, 6.0, 7.9)
Boid Radius= 10
Boid Frame=
 0.74656	-0.13785	0.65089	-1.37846
-0.45849	0.60233	0.65344	6.02334
0.48213	0.78625	-0.38648	7.86252
0.00000	0.00000	0.00000	1.00000

boidNo = 10
boid Wall No = 1
position = = (2.0, 7.6, -6.2)
Boid Radius= 10
Boid Frame=
 -0.51757	0.20155	-0.83157	2.01545
-0.45116	0.76151	0.46537	7.61507
-0.72704	-0.61602	0.30320	-6.16025
0.00000	0.00000	0.00000	1.00000

boidNo = 11
boid Wall No = 0
position = = (-1.8, -9.0, 3.9)
Boid Radius= 10
Boid Frame=
 0.59413	-0.18056	-0.78384	-1.80560
0.21907	-0.90132	0.37367	-9.01321
0.77396	0.39372	0.49595	3.93724
0.00000	0.00000	0.00000	1.00000

boidNo = 12
boid Wall No = 1
position = = (9.3, 3.5, -1.2)
Boid Radius= 10
Boid Frame=
 0.17525	0.92772	-0.32957	9.27722
-0.69103	0.35435	0.63001	3.54351
-0.70126	-0.11734	-0.70319	-1.17336
0.00000	0.00000	0.00000	1.00000

boidNo = 13
boid Wall No = 1
position = = (-3.1, 9.2, -2.3)
Boid Radius= 10
Boid Frame=
 -0.82212	-0.31044	0.47722	-3.10437
-0.14161	0.92341	0.35673	9.23413
0.55142	-0.22569	0.80312	-2.25693
0.00000	0.00000	0.00000	1.00000

boidNo = 14
boid Wall No = 0
position = = (-5.3, -4.0, -7.5)
Boid Radius= 10
Boid Frame=
 0.05039	-0.53457	-0.84362	-5.34574
-0.89647	-0.39655	0.19773	-3.96545
0.44023	-0.74631	0.49921	-7.46312
0.00000	0.00000	0.00000	1.00000

boidNo = 15
boid Wall No = 0
position = = (-3.5, -8.2, 4.6)
Boid Radius= 10
Boid Frame=
 0.91131	-0.34780	-0.22033	-3.47796
-0.17806	-0.81546	0.55075	-8.15456
0.37122	0.46268	0.80506	4.62678
0.00000	0.00000	0.00000	1.00000

boidNo = 16
boid Wall No = 1
position = = (6.1, 7.9, -0.7)
Boid Radius= 10
Boid Frame=
 0.13953	0.61316	-0.77754	6.13159
-0.19342	0.78697	0.58589	7.86972
-0.97114	-0.06864	-0.22840	-0.68644
0.00000	0.00000	0.00000	1.00000

boidNo = 17
boid Wall No = 1
position = = (-4.5, 1.6, 8.8)
Boid Radius= 10
Boid Frame=
 0.63049	-0.45333	0.63006	-4.53330
-0.63744	0.16075	0.75354	1.60751
0.44289	0.87673	0.18762	8.76727
0.00000	0.00000	0.00000	1.00000

boidNo = 18
boid Wall No = 1
position = = (4.4, 3.8, -8.1)
Boid Radius= 10
Boid Frame=
 -0.51818	0.44253	-0.73189	4.42530
-0.63375	0.37597	0.67602	3.75973
-0.57433	-0.81413	-0.08563	-8.14132
0.00000	0.00000	0.00000	1.00000

boidNo = 19
boid Wall No = 1
position = = (-4.8, 0.7, -8.7)
Boid Radius= 9.999999
Boid Frame=
 -0.69142	-0.48263	-0.53759	-4.82631
-0.64307	0.07203	0.76241	0.72030
0.32924	-0.87286	0.36017	-8.72857
0.00000	0.00000	0.00000	1.00000

