Iteration Num of Simuation:0
m_SimulationDeltaT of action plan:0
boidNo = 0
boid Wall No = 0
position = = (0.1, -10.0, 0.2)
Boid Radius= 10
Boid Frame=
 0.87674	0.01114	0.48083	0.11136
-0.00016	-0.99973	0.02344	-9.99725
-0.48096	0.02063	0.87650	0.20627
0.00000	0.00000	0.00000	1.00000

boidNo = 1
boid Wall No = 1
position = = (8.1, 3.3, 4.9)
Boid Radius= 10
Boid Frame=
 0.53568	0.80730	0.24763	8.07298
-0.75747	0.32978	0.56346	3.29780
-0.37322	0.48940	-0.78816	4.89404
0.00000	0.00000	0.00000	1.00000

boidNo = 2
boid Wall No = 0
position = = (-7.1, -7.1, -0.4)
Boid Radius= 10
Boid Frame=
 0.17905	-0.70573	-0.68549	-7.05727
-0.23432	-0.70728	0.66696	-7.07285
0.95553	-0.04121	0.29201	-0.41206
0.00000	0.00000	0.00000	1.00000

boidNo = 3
boid Wall No = 1
position = = (1.4, 8.7, 4.8)
Boid Radius= 10
Boid Frame=
 0.89529	0.14471	0.42132	1.44705
-0.32094	0.86543	0.38475	8.65430
0.30895	0.47968	-0.82125	4.79678
0.00000	0.00000	0.00000	1.00000

boidNo = 4
boid Wall No = 1
position = = (7.7, 5.6, -3.0)
Boid Radius= 10
Boid Frame=
 0.24907	0.77496	-0.58086	7.74963
-0.70122	0.55799	0.44377	5.57988
-0.66802	-0.29679	-0.68240	-2.96785
0.00000	0.00000	0.00000	1.00000

boidNo = 5
boid Wall No = 0
position = = (-3.2, -9.3, -1.9)
Boid Radius= 10
Boid Frame=
 -0.66919	-0.32307	-0.66919	-3.23072
0.07881	-0.92632	0.36840	-9.26320
0.73891	-0.19379	-0.64534	-1.93791
0.00000	0.00000	0.00000	1.00000

boidNo = 6
boid Wall No = 0
position = = (7.4, -0.5, 6.8)
Boid Radius= 10
Boid Frame=
 0.08017	0.73587	0.67236	7.35867
-0.98323	-0.05246	0.17466	-0.52464
-0.16380	0.67509	-0.71932	6.75091
0.00000	0.00000	0.00000	1.00000

boidNo = 7
boid Wall No = 0
position = = (0.5, -5.7, -8.2)
Boid Radius= 10
Boid Frame=
 -0.91237	0.05412	-0.40577	0.54122
-0.36162	-0.57109	0.73694	-5.71089
0.19184	-0.81910	-0.54062	-8.19102
0.00000	0.00000	0.00000	1.00000

boidNo = 8
boid Wall No = 0
position = = (-1.6, -6.8, 7.1)
Boid Radius= 10
Boid Frame=
 0.97939	-0.15918	0.12430	-1.59176
-0.20015	-0.68267	0.70278	-6.82670
0.02701	0.71318	0.70046	7.13179
0.00000	0.00000	0.00000	1.00000

boidNo = 9
boid Wall No = 0
position = = (-0.6, -10.0, -0.6)
Boid Radius= 10
Boid Frame=
 -0.63241	-0.06326	-0.77204	-0.63258
-0.00861	-0.99602	0.08866	-9.96024
0.77458	-0.06272	-0.62935	-0.62722
0.00000	0.00000	0.00000	1.00000

boidNo = 10
boid Wall No = 0
position = = (0.0, -9.7, 2.4)
Boid Radius= 10
Boid Frame=
 0.95909	-0.00422	-0.28307	-0.04221
0.06474	-0.97012	0.23382	-9.70121
0.27560	0.24258	0.93016	2.42584
0.00000	0.00000	0.00000	1.00000

boidNo = 11
boid Wall No = 0
position = = (-5.6, -4.7, -6.8)
Boid Radius= 10
Boid Frame=
 -0.54572	-0.55884	-0.62441	-5.58845
-0.40853	-0.47316	0.78053	-4.73161
0.73164	-0.68104	-0.02991	-6.81037
0.00000	0.00000	0.00000	1.00000

boidNo = 12
boid Wall No = 0
position = = (0.6, -9.8, -1.7)
Boid Radius= 10
Boid Frame=
 -0.99580	0.06083	0.06842	0.60834
-0.04849	-0.98435	0.16944	-9.84348
-0.07766	-0.16541	-0.98316	-1.65406
0.00000	0.00000	0.00000	1.00000

boidNo = 13
boid Wall No = 1
position = = (-5.0, 4.3, -7.5)
Boid Radius= 10
Boid Frame=
 -0.46042	-0.50313	-0.73135	-5.03127
-0.86850	0.42572	0.25389	4.25723
-0.18361	-0.75208	0.63298	-7.52079
0.00000	0.00000	0.00000	1.00000

boidNo = 14
boid Wall No = 0
position = = (5.5, -1.3, 8.2)
Boid Radius= 10
Boid Frame=
 0.61417	0.55416	0.56187	5.54158
-0.60245	-0.13066	0.78739	-1.30656
-0.50975	0.82209	-0.25361	8.22094
0.00000	0.00000	0.00000	1.00000

boidNo = 15
boid Wall No = 0
position = = (-3.9, -7.7, 5.1)
Boid Radius= 10
Boid Frame=
 0.86567	-0.38980	-0.31411	-3.89799
-0.11652	-0.76712	0.63084	-7.67117
0.48686	0.50950	0.70949	5.09498
0.00000	0.00000	0.00000	1.00000

boidNo = 16
boid Wall No = 0
position = = (-0.5, -8.8, -4.8)
Boid Radius= 10
Boid Frame=
 -0.90288	-0.05392	-0.42649	-0.53923
-0.16047	-0.87812	0.45073	-8.78118
0.39882	-0.47540	-0.78418	-4.75396
0.00000	0.00000	0.00000	1.00000

boidNo = 17
boid Wall No = 0
position = = (-5.2, -7.7, 3.7)
Boid Radius= 10
Boid Frame=
 0.64153	-0.52295	-0.56122	-5.22954
-0.06614	-0.76659	0.63872	-7.66588
0.76425	0.37264	0.52637	3.72642
0.00000	0.00000	0.00000	1.00000

boidNo = 18
boid Wall No = 1
position = = (2.9, 9.2, 2.6)
Boid Radius= 10
Boid Frame=
 0.65580	0.28912	-0.69738	2.89120
0.00554	0.92189	0.38741	9.21891
-0.75492	0.25793	-0.60297	2.57927
0.00000	0.00000	0.00000	1.00000

boidNo = 19
boid Wall No = 0
position = = (-6.7, -0.2, -7.4)
Boid Radius= 10
Boid Frame=
 -0.37954	-0.66777	-0.64034	-6.67768
-0.84889	-0.02387	0.52803	-0.23867
0.36789	-0.74399	0.55780	-7.43987
0.00000	0.00000	0.00000	1.00000

