Iteration Num of Simuation:0
m_SimulationDeltaT of action plan:0
boidNo = 0
boid Wall No = 0
position = = (-5.6, -4.7, -6.9)
Boid Radius= 10
Boid Frame=
 -0.53263	-0.55822	-0.63616	-5.58218
-0.43266	-0.46643	0.77152	-4.66431
0.72740	-0.68617	-0.00692	-6.86174
0.00000	0.00000	0.00000	1.00000

boidNo = 1
boid Wall No = 1
position = = (-3.0, 9.5, 0.2)
Boid Radius= 10
Boid Frame=
 -0.08577	-0.29642	0.95120	-2.96422
-0.04276	0.95493	0.29373	9.54932
0.99540	0.01548	0.09457	0.15479
0.00000	0.00000	0.00000	1.00000

boidNo = 2
boid Wall No = 0
position = = (0.0, -9.9, 1.6)
Boid Radius= 10
Boid Frame=
 0.99660	0.00173	0.08238	0.01731
-0.01160	-0.98687	0.16112	-9.86867
-0.08158	0.16153	0.98349	1.61525
0.00000	0.00000	0.00000	1.00000

boidNo = 3
boid Wall No = 1
position = = (-2.5, 8.1, -5.3)
Boid Radius= 10
Boid Frame=
 -0.96660	-0.25442	0.03094	-2.54422
-0.19457	0.80700	0.55758	8.07000
0.16683	-0.53294	0.82955	-5.32936
0.00000	0.00000	0.00000	1.00000

boidNo = 4
boid Wall No = 0
position = = (-3.0, -6.2, -7.3)
Boid Radius= 10
Boid Frame=
 -0.78258	-0.30397	-0.54330	-3.03970
-0.27248	-0.61743	0.73793	-6.17432
0.55976	-0.72552	-0.40036	-7.25521
0.00000	0.00000	0.00000	1.00000

boidNo = 5
boid Wall No = 1
position = = (-2.1, 9.0, -3.8)
Boid Radius= 9.999999
Boid Frame=
 -0.95341	-0.20660	0.21983	-2.06605
-0.09732	0.90036	0.42412	9.00363
0.28555	-0.38296	0.87852	-3.82963
0.00000	0.00000	0.00000	1.00000

boidNo = 6
boid Wall No = 1
position = = (4.9, 4.1, -7.7)
Boid Radius= 10
Boid Frame=
 -0.56115	0.48609	-0.66995	4.86088
-0.53380	0.40606	0.74174	4.06057
-0.63259	-0.77385	-0.03162	-7.73845
0.00000	0.00000	0.00000	1.00000

boidNo = 7
boid Wall No = 1
position = = (9.6, 0.8, -2.6)
Boid Radius= 10
Boid Frame=
 -0.15811	0.96177	-0.22361	9.61769
-0.62581	0.07757	0.77611	0.77568
-0.76378	-0.26265	-0.58962	-2.62647
0.00000	0.00000	0.00000	1.00000

boidNo = 8
boid Wall No = 0
position = = (-8.7, -3.5, -3.5)
Boid Radius= 10
Boid Frame=
 -0.15531	-0.87052	-0.46699	-8.70517
-0.48334	-0.34532	0.80445	-3.45318
0.86155	-0.35065	0.36712	-3.50651
0.00000	0.00000	0.00000	1.00000

boidNo = 9
boid Wall No = 0
position = = (1.4, -9.9, -0.5)
Boid Radius= 10
Boid Frame=
 -0.29990	0.14225	0.94331	1.42248
0.00295	-0.98868	0.15003	-9.88677
-0.95397	-0.04777	-0.29609	-0.47775
0.00000	0.00000	0.00000	1.00000

