Iteration Num of Simuation:0
m_SimulationDeltaT of action plan:0
boidNo = 0
boid Wall No = 0
position = = (0.1, -9.6, -2.7)
Boid Radius= 10
Boid Frame=
 -0.99486	0.01388	-0.10035	0.13875
-0.04082	-0.96151	0.27173	-9.61507
0.09271	-0.27443	-0.95713	-2.74431
0.00000	0.00000	0.00000	1.00000

boidNo = 1
boid Wall No = 1
position = = (1.3, 8.9, 4.5)
Boid Radius= 10
Boid Frame=
 0.98102	0.12986	-0.14398	1.29855
-0.04959	0.88593	0.46117	8.85926
-0.18744	0.44528	-0.87555	4.45278
0.00000	0.00000	0.00000	1.00000

boidNo = 2
boid Wall No = 1
position = = (-4.9, 6.1, 6.2)
Boid Radius= 10
Boid Frame=
 0.49572	-0.48821	0.71827	-4.88209
-0.39115	0.61291	0.68655	6.12907
0.77541	0.62129	-0.11287	6.21287
0.00000	0.00000	0.00000	1.00000

boidNo = 3
boid Wall No = 0
position = = (5.1, -0.7, 8.6)
Boid Radius= 9.999999
Boid Frame=
 0.68702	0.50722	0.52032	5.07223
-0.56651	-0.07455	0.82068	-0.74551
-0.45506	0.85858	-0.23613	8.58584
0.00000	0.00000	0.00000	1.00000

boidNo = 4
boid Wall No = 0
position = = (7.4, -5.0, 4.5)
Boid Radius= 10
Boid Frame=
 0.27722	0.73697	0.61646	7.36971
-0.38799	-0.50110	0.77354	-5.01100
-0.87898	0.45362	-0.14703	4.53622
0.00000	0.00000	0.00000	1.00000

boidNo = 5
boid Wall No = 1
position = = (-5.4, 8.1, 2.3)
Boid Radius= 10
Boid Frame=
 0.15120	-0.53663	0.83016	-5.36625
-0.17812	0.81128	0.55686	8.11282
0.97232	0.23207	-0.02709	2.32067
0.00000	0.00000	0.00000	1.00000

boidNo = 6
boid Wall No = 0
position = = (2.3, -8.9, -4.0)
Boid Radius= 10
Boid Frame=
 -0.74346	0.22881	0.62843	2.28806
0.10759	-0.88650	0.45005	-8.86497
-0.66007	-0.40221	-0.63446	-4.02208
0.00000	0.00000	0.00000	1.00000

boidNo = 7
boid Wall No = 0
position = = (-2.6, -8.9, -3.7)
Boid Radius= 10
Boid Frame=
 -0.89764	-0.26375	-0.35311	-2.63751
0.08505	-0.88978	0.44840	-8.89778
0.43245	-0.37247	-0.82113	-3.72467
0.00000	0.00000	0.00000	1.00000

boidNo = 8
boid Wall No = 1
position = = (4.0, 4.1, -8.2)
Boid Radius= 10
Boid Frame=
 -0.41683	0.40198	-0.81527	4.01978
-0.71098	0.41465	0.56795	4.14646
-0.56635	-0.81638	-0.11296	-8.16383
0.00000	0.00000	0.00000	1.00000

boidNo = 9
boid Wall No = 0
position = = (-2.6, -5.4, 8.0)
Boid Radius= 10
Boid Frame=
 0.88327	-0.26079	0.38965	-2.60785
-0.46797	-0.54160	0.69833	-5.41603
-0.02892	0.79916	0.60042	7.99161
0.00000	0.00000	0.00000	1.00000

boidNo = 10
boid Wall No = 0
position = = (9.5, -1.7, -2.5)
Boid Radius= 10
Boid Frame=
 -0.29236	0.95205	-0.09016	9.52050
-0.75240	-0.17080	0.63618	-1.70802
-0.59028	-0.25383	-0.76625	-2.53828
0.00000	0.00000	0.00000	1.00000

boidNo = 11
boid Wall No = 0
position = = (1.5, -9.7, 1.9)
Boid Radius= 10
Boid Frame=
 0.69606	0.14974	0.70219	1.49741
-0.03620	-0.96945	0.24262	-9.69447
-0.71707	0.19430	0.66937	1.94296
0.00000	0.00000	0.00000	1.00000

boidNo = 12
boid Wall No = 0
position = = (7.4, -3.0, 6.0)
Boid Radius= 10
Boid Frame=
 0.30281	0.73735	0.60384	7.37346
-0.65018	-0.30343	0.69656	-3.03430
-0.69683	0.60353	-0.38753	6.03533
0.00000	0.00000	0.00000	1.00000

boidNo = 13
boid Wall No = 1
position = = (3.3, 1.7, 9.3)
Boid Radius= 10
Boid Frame=
 0.69953	0.32568	0.63607	3.25681
-0.70473	0.16696	0.68955	1.66963
-0.11837	0.93062	-0.34631	9.30621
0.00000	0.00000	0.00000	1.00000

boidNo = 14
boid Wall No = 0
position = = (-1.7, -9.2, -3.6)
Boid Radius= 10
Boid Frame=
 -0.57520	-0.16825	0.80053	-1.68248
0.38419	-0.91953	0.08279	-9.19534
-0.72218	-0.35518	-0.59355	-3.55177
0.00000	0.00000	0.00000	1.00000

boidNo = 15
boid Wall No = 1
position = = (1.1, 0.3, -9.9)
Boid Radius= 10
Boid Frame=
 -0.50104	0.11269	-0.85806	1.12693
-0.86131	0.03170	0.50710	0.31696
-0.08434	-0.99312	-0.08118	-9.93124
0.00000	0.00000	0.00000	1.00000

boidNo = 16
boid Wall No = 0
position = = (-4.1, -0.2, -9.1)
Boid Radius= 10
Boid Frame=
 -0.36751	-0.40929	-0.83512	-4.09285
-0.91161	-0.01926	0.41061	-0.19261
0.18414	-0.91220	0.36603	-9.12203
0.00000	0.00000	0.00000	1.00000

boidNo = 17
boid Wall No = 0
position = = (8.5, -5.1, -0.9)
Boid Radius= 9.999999
Boid Frame=
 -0.39780	0.85477	0.33337	8.54766
-0.53939	-0.51181	0.66867	-5.11808
-0.74217	-0.08618	-0.66464	-0.86179
0.00000	0.00000	0.00000	1.00000

boidNo = 18
boid Wall No = 0
position = = (-7.8, -2.8, 5.6)
Boid Radius= 10
Boid Frame=
 0.56763	-0.78077	0.26113	-7.80772
-0.68825	-0.27597	0.67093	-2.75971
0.45178	0.56057	0.69402	5.60567
0.00000	0.00000	0.00000	1.00000

boidNo = 19
boid Wall No = 0
position = = (4.9, -0.1, 8.7)
Boid Radius= 10
Boid Frame=
 0.71051	0.49350	0.50163	4.93496
-0.57157	-0.01108	0.82048	-0.11078
-0.41046	0.86968	-0.27420	8.69677
0.00000	0.00000	0.00000	1.00000

