Iteration Num of Simuation:0
m_SimulationDeltaT of action plan:0
boidNo = 0
boid Wall No = 1
position = = (-0.7, 9.9, 1.0)
Boid Radius= 10
Boid Frame=
 0.98733	-0.06645	0.14413	-0.66452
0.05059	0.99252	0.11107	9.92524
0.15043	0.10237	-0.98331	1.02374
0.00000	0.00000	0.00000	1.00000

boidNo = 1
boid Wall No = 0
position = = (0.1, -7.3, 6.9)
Boid Radius= 10
Boid Frame=
 0.76308	0.01437	0.64615	0.14372
-0.43598	-0.72659	0.53103	-7.26589
-0.47712	0.68692	0.54818	6.86923
0.00000	0.00000	0.00000	1.00000

boidNo = 2
boid Wall No = 0
position = = (2.2, -6.4, 7.3)
Boid Radius= 10
Boid Frame=
 0.84769	0.21979	0.48282	2.19795
-0.24613	-0.64330	0.72497	-6.43305
-0.46995	0.73338	0.49122	7.33382
0.00000	0.00000	0.00000	1.00000

boidNo = 3
boid Wall No = 0
position = = (-0.9, -9.9, -0.6)
Boid Radius= 10
Boid Frame=
 -0.60394	-0.08911	-0.79203	-0.89114
0.00548	-0.99417	0.10768	-9.94171
0.79701	-0.06069	-0.60091	-0.60685
0.00000	0.00000	0.00000	1.00000

boidNo = 4
boid Wall No = 1
position = = (0.5, 9.8, 1.8)
Boid Radius= 10
Boid Frame=
 0.90332	0.05082	0.42594	0.50823
-0.12369	0.98164	0.14520	9.81641
0.41074	0.18384	-0.89303	1.83844
0.00000	0.00000	0.00000	1.00000

boidNo = 5
boid Wall No = 0
position = = (6.4, -6.6, 4.0)
Boid Radius= 10
Boid Frame=
 0.08471	0.63674	0.76641	6.36738
-0.45280	-0.66057	0.59885	-6.60568
-0.88758	0.39776	-0.23236	3.97761
0.00000	0.00000	0.00000	1.00000

boidNo = 6
boid Wall No = 0
position = = (-6.4, -7.1, -2.9)
Boid Radius= 10
Boid Frame=
 0.29992	-0.63626	-0.71079	-6.36258
-0.57982	-0.71325	0.39380	-7.13249
0.75753	-0.29403	0.58283	-2.94027
0.00000	0.00000	0.00000	1.00000

boidNo = 7
boid Wall No = 1
position = = (4.4, 6.4, -6.3)
Boid Radius= 10
Boid Frame=
 -0.46941	0.44404	-0.76321	4.44040
-0.43348	0.63714	0.63730	6.37139
-0.76926	-0.62999	0.10660	-6.29987
0.00000	0.00000	0.00000	1.00000

boidNo = 8
boid Wall No = 1
position = = (9.7, 1.8, -1.4)
Boid Radius= 10
Boid Frame=
 0.02634	0.97324	-0.22826	9.73244
-0.69412	0.18212	0.69644	1.82124
-0.71938	-0.14009	-0.68034	-1.40095
0.00000	0.00000	0.00000	1.00000

boidNo = 9
boid Wall No = 1
position = = (-8.6, 4.3, 2.8)
Boid Radius= 10
Boid Frame=
 -0.02233	-0.85695	0.51491	-8.56952
-0.56846	0.43456	0.69857	4.34561
0.82241	0.27711	0.49685	2.77110
0.00000	0.00000	0.00000	1.00000

boidNo = 10
boid Wall No = 1
position = = (6.5, 6.7, -3.6)
Boid Radius= 10
Boid Frame=
 0.01191	0.65225	-0.75791	6.52248
-0.48529	0.66649	0.56594	6.66487
-0.87427	-0.36107	-0.32447	-3.61065
0.00000	0.00000	0.00000	1.00000

boidNo = 11
boid Wall No = 0
position = = (-1.1, -9.9, 0.9)
Boid Radius= 10
Boid Frame=
 0.70124	-0.10969	-0.70444	-1.09690
-0.01403	-0.99003	0.14019	-9.90025
0.71279	0.08842	0.69578	0.88421
0.00000	0.00000	0.00000	1.00000

boidNo = 12
boid Wall No = 0
position = = (-1.8, -9.4, -2.9)
Boid Radius= 10
Boid Frame=
 -0.85090	-0.17788	-0.49430	-1.77878
-0.00313	-0.93920	0.34336	-9.39197
0.52533	-0.29371	-0.79860	-2.93715
0.00000	0.00000	0.00000	1.00000

boidNo = 13
boid Wall No = 0
position = = (-6.3, -7.1, -3.0)
Boid Radius= 10
Boid Frame=
 -0.12958	-0.63361	-0.76272	-6.33611
-0.28124	-0.71414	0.64103	-7.14135
0.95085	-0.29757	0.08566	-2.97571
0.00000	0.00000	0.00000	1.00000

boidNo = 14
boid Wall No = 0
position = = (-4.6, -8.5, 2.6)
Boid Radius= 10
Boid Frame=
 0.50308	-0.45917	-0.73217	-4.59170
-0.00387	-0.84837	0.52939	-8.48371
0.86423	0.26350	0.42858	2.63496
0.00000	0.00000	0.00000	1.00000

boidNo = 15
boid Wall No = 0
position = = (-0.1, -9.8, 1.8)
Boid Radius= 10
Boid Frame=
 0.99747	-0.01378	0.06981	-0.13780
-0.02636	-0.98282	0.18266	-9.82823
-0.06609	0.18404	0.98070	1.84035
0.00000	0.00000	0.00000	1.00000

boidNo = 16
boid Wall No = 0
position = = (7.3, -1.4, 6.7)
Boid Radius= 10
Boid Frame=
 0.43798	0.72894	0.52614	7.28937
-0.65911	-0.13763	0.73935	-1.37631
-0.61135	0.67060	-0.42017	6.70603
0.00000	0.00000	0.00000	1.00000

boidNo = 17
boid Wall No = 1
position = = (-9.7, 2.3, 0.9)
Boid Radius= 10
Boid Frame=
 -0.16023	-0.96984	0.18369	-9.69836
-0.86652	0.22733	0.44436	2.27330
0.47272	0.08797	0.87681	0.87971
0.00000	0.00000	0.00000	1.00000

boidNo = 18
boid Wall No = 0
position = = (5.2, -0.4, -8.5)
Boid Radius= 10
Boid Frame=
 -0.67503	0.52217	-0.52122	5.22167
-0.62899	-0.03806	0.77648	-0.38057
-0.38562	-0.85199	-0.35413	-8.51994
0.00000	0.00000	0.00000	1.00000

boidNo = 19
boid Wall No = 1
position = = (-6.5, 7.0, 3.0)
Boid Radius= 10
Boid Frame=
 0.00210	-0.64519	0.76402	-6.45186
-0.38449	0.70477	0.59621	7.04772
0.92313	0.29501	0.24659	2.95011
0.00000	0.00000	0.00000	1.00000

