Iteration Num of Simuation:0
m_SimulationDeltaT of action plan:0
boidNo = 0
boid Wall No = 0
position = = (4.0, -8.6, -3.3)
Boid Radius= 10
Boid Frame=
 -0.66046	0.40021	0.63532	4.00209
-0.02203	-0.85608	0.51637	-8.56080
-0.75054	-0.32705	-0.57422	-3.27047
0.00000	0.00000	0.00000	1.00000

boidNo = 1
boid Wall No = 0
position = = (-1.1, -9.9, -1.2)
Boid Radius= 10
Boid Frame=
 -0.68038	-0.11315	-0.72407	-1.13149
-0.01192	-0.98617	0.16531	-9.86170
0.73276	-0.12110	-0.66962	-1.21100
0.00000	0.00000	0.00000	1.00000

boidNo = 2
boid Wall No = 1
position = = (-3.0, 8.8, -3.6)
Boid Radius= 10
Boid Frame=
 -0.84682	-0.29855	0.44019	-2.98547
-0.06957	0.88267	0.46481	8.82671
0.52731	-0.36299	0.76823	-3.62990
0.00000	0.00000	0.00000	1.00000

boidNo = 3
boid Wall No = 0
position = = (2.8, -8.3, 4.8)
Boid Radius= 9.999999
Boid Frame=
 0.89566	0.28127	0.34449	2.81273
0.04914	-0.83244	0.55193	-8.32444
-0.44201	0.47741	0.75941	4.77413
0.00000	0.00000	0.00000	1.00000

boidNo = 4
boid Wall No = 0
position = = (3.5, -9.0, -2.6)
Boid Radius= 10
Boid Frame=
 -0.51657	0.34954	0.78165	3.49536
0.04569	-0.90033	0.43280	-9.00331
-0.85503	-0.25929	-0.44911	-2.59285
0.00000	0.00000	0.00000	1.00000

boidNo = 5
boid Wall No = 0
position = = (-1.4, -9.9, -0.1)
Boid Radius= 10
Boid Frame=
 0.08597	-0.14291	-0.98599	-1.42915
-0.02311	-0.98968	0.14143	-9.89678
0.99603	-0.01063	0.08838	-0.10629
0.00000	0.00000	0.00000	1.00000

boidNo = 6
boid Wall No = 0
position = = (5.7, -5.7, -5.9)
Boid Radius= 10
Boid Frame=
 -0.82253	0.56871	-0.00486	5.68705
-0.40035	-0.57291	0.71519	-5.72910
-0.40395	-0.59021	-0.69891	-5.90211
0.00000	0.00000	0.00000	1.00000

boidNo = 7
boid Wall No = 1
position = = (-0.2, 6.7, 7.4)
Boid Radius= 10
Boid Frame=
 0.86756	-0.02377	0.49676	-0.23773
-0.35428	0.67146	0.65087	6.71457
0.34903	0.74066	-0.57411	7.40662
0.00000	0.00000	0.00000	1.00000

boidNo = 8
boid Wall No = 1
position = = (2.9, 8.9, -3.6)
Boid Radius= 9.999999
Boid Frame=
 -0.62556	0.28553	-0.72605	2.85531
-0.10904	0.88949	0.44375	8.89492
-0.77252	-0.35676	0.52529	-3.56756
0.00000	0.00000	0.00000	1.00000

boidNo = 9
boid Wall No = 0
position = = (-2.0, -2.0, 9.6)
Boid Radius= 10
Boid Frame=
 0.30347	-0.19624	0.93241	-1.96242
-0.94371	-0.19703	0.26568	-1.97035
-0.13158	0.96056	0.24499	9.60555
0.00000	0.00000	0.00000	1.00000

boidNo = 10
boid Wall No = 0
position = = (-0.6, -3.2, -9.5)
Boid Radius= 10
Boid Frame=
 -0.84157	-0.05588	-0.53724	-0.55884
-0.49478	-0.31923	0.80826	-3.19235
0.21668	-0.94603	-0.24101	-9.46027
0.00000	0.00000	0.00000	1.00000

boidNo = 11
boid Wall No = 0
position = = (7.7, -5.3, -3.4)
Boid Radius= 10
Boid Frame=
 -0.57588	0.77473	0.26106	7.74733
-0.37453	-0.53385	0.75811	-5.33854
-0.72670	-0.33880	-0.59760	-3.38805
0.00000	0.00000	0.00000	1.00000

boidNo = 12
boid Wall No = 1
position = = (-9.8, 0.5, 2.2)
Boid Radius= 10
Boid Frame=
 0.11691	-0.97531	0.18737	-9.75307
-0.71623	0.04790	0.69622	0.47901
0.68800	0.21560	0.69294	2.15597
0.00000	0.00000	0.00000	1.00000

boidNo = 13
boid Wall No = 0
position = = (2.4, -9.2, -3.0)
Boid Radius= 10
Boid Frame=
 -0.80013	0.23560	0.55162	2.35599
-0.00719	-0.92333	0.38393	-9.23332
-0.59978	-0.30323	-0.74048	-3.03233
0.00000	0.00000	0.00000	1.00000

boidNo = 14
boid Wall No = 1
position = = (3.4, 4.0, -8.5)
Boid Radius= 10
Boid Frame=
 -0.65051	0.33761	-0.68034	3.37611
-0.55280	0.40379	0.72895	4.03790
-0.52081	-0.85028	0.07604	-8.50278
0.00000	0.00000	0.00000	1.00000

boidNo = 15
boid Wall No = 1
position = = (3.0, 2.4, -9.2)
Boid Radius= 10
Boid Frame=
 -0.48748	0.30162	-0.81939	3.01618
-0.79258	0.24086	0.56019	2.40856
-0.36632	-0.92250	-0.12164	-9.22505
0.00000	0.00000	0.00000	1.00000

boidNo = 16
boid Wall No = 1
position = = (4.1, 9.1, 0.0)
Boid Radius= 9.999999
Boid Frame=
 0.10366	0.41066	-0.90588	4.10656
-0.04727	0.91179	0.40793	9.11790
-0.99349	-0.00054	-0.11393	-0.00540
0.00000	0.00000	0.00000	1.00000

boidNo = 17
boid Wall No = 0
position = = (-2.6, -9.6, -0.5)
Boid Radius= 10
Boid Frame=
 -0.12176	-0.26242	-0.95724	-2.62420
-0.01330	-0.96390	0.26594	-9.63899
0.99247	-0.04511	-0.11387	-0.45109
0.00000	0.00000	0.00000	1.00000

boidNo = 18
boid Wall No = 0
position = = (-0.2, -10.0, -0.3)
Boid Radius= 10
Boid Frame=
 -0.68343	-0.02121	-0.72971	-0.21214
-0.00877	-0.99927	0.03726	-9.99267
0.72997	-0.03186	-0.68274	-0.31865
0.00000	0.00000	0.00000	1.00000

boidNo = 19
boid Wall No = 0
position = = (-0.2, -10.0, -0.4)
Boid Radius= 10
Boid Frame=
 -0.87346	-0.01901	-0.48652	-0.19011
-0.00389	-0.99893	0.04602	-9.98933
0.48688	-0.04209	-0.87245	-0.42089
0.00000	0.00000	0.00000	1.00000

boidNo = 20
boid Wall No = 0
position = = (-5.3, -8.2, -2.2)
Boid Radius= 10
Boid Frame=
 -0.25735	-0.53232	-0.80648	-5.32316
-0.09373	-0.81691	0.56910	-8.16906
0.96176	-0.22205	-0.16033	-2.22046
0.00000	0.00000	0.00000	1.00000

boidNo = 21
boid Wall No = 0
position = = (-8.3, -1.7, -5.4)
Boid Radius= 9.999999
Boid Frame=
 -0.31726	-0.82521	-0.46730	-8.25213
-0.64946	-0.17001	0.74115	-1.70009
0.69105	-0.53863	0.48201	-5.38628
0.00000	0.00000	0.00000	1.00000

boidNo = 22
boid Wall No = 0
position = = (3.6, -9.3, 0.2)
Boid Radius= 10
Boid Frame=
 0.33543	0.35776	0.87149	3.57756
0.11200	-0.93367	0.34017	-9.33669
-0.93538	0.01650	0.35325	0.16500
0.00000	0.00000	0.00000	1.00000

boidNo = 23
boid Wall No = 0
position = = (3.7, -2.0, 9.1)
Boid Radius= 10
Boid Frame=
 0.72295	0.37098	0.58285	3.70983
-0.54966	-0.20228	0.81053	-2.02280
-0.41859	0.90634	-0.05768	9.06341
0.00000	0.00000	0.00000	1.00000

boidNo = 24
boid Wall No = 0
position = = (-9.8, -1.5, 0.9)
Boid Radius= 10
Boid Frame=
 0.14164	-0.98400	0.10812	-9.83996
-0.98328	-0.15248	-0.09958	-1.52478
-0.11447	0.09221	0.98914	0.92208
0.00000	0.00000	0.00000	1.00000

boidNo = 25
boid Wall No = 0
position = = (-3.0, -8.0, -5.2)
Boid Radius= 10
Boid Frame=
 -0.85798	-0.30136	-0.41600	-3.01364
-0.00931	-0.80057	0.59917	-8.00569
0.51360	-0.51795	-0.68407	-5.17947
0.00000	0.00000	0.00000	1.00000

boidNo = 26
boid Wall No = 0
position = = (6.9, -4.6, 5.6)
Boid Radius= 10
Boid Frame=
 0.07650	0.69169	0.71814	6.91686
-0.71786	-0.46164	0.52111	-4.61644
-0.69197	0.55539	-0.46122	5.55387
0.00000	0.00000	0.00000	1.00000

boidNo = 27
boid Wall No = 1
position = = (-1.1, 8.7, 4.8)
Boid Radius= 10
Boid Frame=
 0.92452	-0.10628	0.36602	-1.06284
-0.08996	0.87235	0.48053	8.72350
0.37037	0.47719	-0.79694	4.77189
0.00000	0.00000	0.00000	1.00000

boidNo = 28
boid Wall No = 0
position = = (4.2, -6.8, -6.0)
Boid Radius= 10
Boid Frame=
 -0.89494	0.41784	0.15647	4.17844
-0.19540	-0.68231	0.70446	-6.82311
-0.40112	-0.59988	-0.69228	-5.99881
0.00000	0.00000	0.00000	1.00000

boidNo = 29
boid Wall No = 0
position = = (-2.0, -9.7, -1.3)
Boid Radius= 10
Boid Frame=
 -0.54339	-0.19592	-0.81630	-1.95925
-0.00203	-0.97207	0.23466	-9.72075
0.83948	-0.12917	-0.52782	-1.29168
0.00000	0.00000	0.00000	1.00000

boidNo = 30
boid Wall No = 0
position = = (-4.8, -5.4, 6.9)
Boid Radius= 10
Boid Frame=
 0.83457	-0.47583	0.27762	-4.75833
-0.52713	-0.54330	0.65342	-5.43302
0.16009	0.69167	0.70425	6.91669
0.00000	0.00000	0.00000	1.00000

boidNo = 31
boid Wall No = 1
position = = (-8.1, 5.7, -1.4)
Boid Radius= 10
Boid Frame=
 -0.43653	-0.80941	0.39281	-8.09407
-0.42940	0.57111	0.69960	5.71110
0.79060	-0.13673	0.59687	-1.36725
0.00000	0.00000	0.00000	1.00000

boidNo = 32
boid Wall No = 1
position = = (0.9, 9.3, 3.5)
Boid Radius= 10
Boid Frame=
 0.99163	0.08552	0.09670	0.85521
-0.11349	0.93450	0.33738	9.34500
0.06151	0.34554	-0.93639	3.45536
0.00000	0.00000	0.00000	1.00000

boidNo = 33
boid Wall No = 0
position = = (0.6, -9.8, -1.8)
Boid Radius= 10
Boid Frame=
 -0.99190	0.05526	0.11436	0.55263
-0.03298	-0.98157	0.18826	-9.81566
-0.12266	-0.18296	-0.97544	-1.82961
0.00000	0.00000	0.00000	1.00000

boidNo = 34
boid Wall No = 1
position = = (1.2, 4.8, 8.7)
Boid Radius= 10
Boid Frame=
 0.86293	0.11895	0.49112	1.18952
-0.48225	0.48420	0.73006	4.84196
0.15096	0.86684	-0.47519	8.66836
0.00000	0.00000	0.00000	1.00000

boidNo = 35
boid Wall No = 0
position = = (-3.0, -2.4, -9.2)
Boid Radius= 9.999999
Boid Frame=
 -0.48401	-0.29815	-0.82271	-2.98146
-0.79496	-0.24317	0.55580	-2.43166
0.36576	-0.92303	0.11932	-9.23027
0.00000	0.00000	0.00000	1.00000

boidNo = 36
boid Wall No = 0
position = = (1.8, -6.8, 7.1)
Boid Radius= 10
Boid Frame=
 0.86676	0.18420	0.46346	1.84199
-0.22701	-0.68171	0.69551	-6.81714
-0.44406	0.70805	0.54907	7.08051
0.00000	0.00000	0.00000	1.00000

boidNo = 37
boid Wall No = 0
position = = (-2.3, -9.0, 3.8)
Boid Radius= 10
Boid Frame=
 0.87898	-0.22547	-0.42018	-2.25471
-0.01927	-0.89723	0.44115	-8.97229
0.47646	0.37966	0.79299	3.79663
0.00000	0.00000	0.00000	1.00000

boidNo = 38
boid Wall No = 0
position = = (0.9, -9.9, 1.3)
Boid Radius= 10
Boid Frame=
 0.80606	0.09331	0.58444	0.93306
-0.00333	-0.98676	0.16214	-9.86762
-0.59183	0.13264	0.79508	1.32642
0.00000	0.00000	0.00000	1.00000

boidNo = 39
boid Wall No = 1
position = = (3.5, 9.3, -0.7)
Boid Radius= 10
Boid Frame=
 0.70880	0.35429	-0.60998	3.54291
-0.31998	0.93212	0.16958	9.32124
-0.62866	-0.07498	-0.77406	-0.74980
0.00000	0.00000	0.00000	1.00000

boidNo = 40
boid Wall No = 0
position = = (3.6, -9.3, -1.1)
Boid Radius= 10
Boid Frame=
 -0.01155	0.35640	0.93426	3.56395
0.11218	-0.92797	0.35538	-9.27966
-0.99362	-0.10891	0.02927	-1.08910
0.00000	0.00000	0.00000	1.00000

boidNo = 41
boid Wall No = 1
position = = (7.4, 5.7, -3.7)
Boid Radius= 10
Boid Frame=
 -0.05905	0.73647	-0.67389	7.36472
-0.49253	0.56568	0.66138	5.65680
-0.86829	-0.37097	-0.32933	-3.70967
0.00000	0.00000	0.00000	1.00000

boidNo = 42
boid Wall No = 0
position = = (0.8, -9.3, 3.5)
Boid Radius= 10
Boid Frame=
 0.99652	0.08020	-0.02266	0.80200
0.08303	-0.93212	0.35249	-9.32124
-0.00715	0.35315	0.93554	3.53148
0.00000	0.00000	0.00000	1.00000

boidNo = 43
boid Wall No = 0
position = = (-4.1, -4.9, 7.7)
Boid Radius= 10
Boid Frame=
 0.88334	-0.40603	0.23418	-4.06033
-0.42548	-0.48500	0.76403	-4.85002
0.19664	0.77454	0.60118	7.74539
0.00000	0.00000	0.00000	1.00000

boidNo = 44
boid Wall No = 1
position = = (6.6, 7.1, -2.4)
Boid Radius= 10
Boid Frame=
 -0.03255	0.65876	-0.75165	6.58760
-0.28668	0.71429	0.63844	7.14294
-0.95747	-0.23626	-0.16560	-2.36260
0.00000	0.00000	0.00000	1.00000

boidNo = 45
boid Wall No = 0
position = = (-0.1, -10.0, -0.4)
Boid Radius= 10
Boid Frame=
 -0.96923	-0.00862	-0.24599	-0.08622
-0.00249	-0.99899	0.04483	-9.98991
0.24613	-0.04407	-0.96824	-0.44068
0.00000	0.00000	0.00000	1.00000

boidNo = 46
boid Wall No = 1
position = = (-0.1, 10.0, -0.6)
Boid Radius= 9.999999
Boid Frame=
 -0.95671	-0.00982	-0.29086	-0.09823
-0.02781	0.99794	0.05776	9.97943
-0.28970	-0.06335	0.95502	-0.63348
0.00000	0.00000	0.00000	1.00000

boidNo = 47
boid Wall No = 1
position = = (-5.2, 5.4, -6.6)
Boid Radius= 10
Boid Frame=
 -0.83403	-0.51833	-0.18902	-5.18326
-0.49165	0.54279	0.68093	5.42786
0.25035	-0.66085	0.70753	-6.60849
0.00000	0.00000	0.00000	1.00000

boidNo = 48
boid Wall No = 1
position = = (2.8, 9.6, 0.3)
Boid Radius= 10
Boid Frame=
 0.54974	0.28485	-0.78527	2.84851
-0.14006	0.95819	0.24953	9.58186
-0.82351	0.02719	-0.56665	0.27194
0.00000	0.00000	0.00000	1.00000

boidNo = 49
boid Wall No = 1
position = = (0.6, 5.8, 8.2)
Boid Radius= 10
Boid Frame=
 0.87241	0.05885	0.48523	0.58845
-0.42692	0.57514	0.69782	5.75141
0.23801	0.81593	-0.52688	8.15935
0.00000	0.00000	0.00000	1.00000

