Iteration Num of Simuation:0
m_SimulationDeltaT of action plan:0
boidNo = 0
boid Wall No = 0
position = = (-7.3, -6.7, -0.8)
Boid Radius= 10
Boid Frame=
 0.09350	-0.73469	-0.67193	-7.34689
-0.22339	-0.67316	0.70495	-6.73160
0.97023	-0.08419	0.22706	-0.84189
0.00000	0.00000	0.00000	1.00000

boidNo = 1
boid Wall No = 1
position = = (1.4, 8.4, 5.3)
Boid Radius= 10
Boid Frame=
 0.91807	0.14466	0.36907	1.44664
-0.31273	0.83645	0.45006	8.36447
0.24360	0.52861	-0.81316	5.28610
0.00000	0.00000	0.00000	1.00000

boidNo = 2
boid Wall No = 1
position = = (-8.4, 0.7, 5.4)
Boid Radius= 10
Boid Frame=
 0.35758	-0.84058	0.40689	-8.40581
-0.67738	0.06649	0.73262	0.66486
0.64288	0.53759	0.54562	5.37591
0.00000	0.00000	0.00000	1.00000

boidNo = 3
boid Wall No = 1
position = = (-9.3, 2.8, 2.4)
Boid Radius= 9.999999
Boid Frame=
 0.00137	-0.92966	0.36842	-9.29658
-0.63660	0.28331	0.71727	2.83313
0.77120	0.23552	0.59143	2.35520
0.00000	0.00000	0.00000	1.00000

boidNo = 4
boid Wall No = 1
position = = (-0.9, 9.2, 3.8)
Boid Radius= 10
Boid Frame=
 0.73062	-0.09367	0.67633	-0.93667
-0.19223	0.92226	0.33539	9.22257
0.65516	0.37506	-0.65581	3.75057
0.00000	0.00000	0.00000	1.00000

boidNo = 5
boid Wall No = 1
position = = (-8.9, 2.4, 4.0)
Boid Radius= 10
Boid Frame=
 0.19065	-0.88594	0.42280	-8.85943
-0.60005	0.23569	0.76445	2.35690
0.77691	0.39944	0.48668	3.99445
0.00000	0.00000	0.00000	1.00000

boidNo = 6
boid Wall No = 1
position = = (-2.0, 5.4, 8.2)
Boid Radius= 10
Boid Frame=
 0.74413	-0.19687	0.63837	-1.96875
-0.46189	0.53875	0.70456	5.38748
0.48263	0.81914	-0.30996	8.19141
0.00000	0.00000	0.00000	1.00000

boidNo = 7
boid Wall No = 1
position = = (5.4, 8.4, 0.6)
Boid Radius= 10
Boid Frame=
 0.29429	0.54213	-0.78707	5.42133
-0.12201	0.83812	0.53167	8.38117
-0.94790	0.06044	-0.31280	0.60439
0.00000	0.00000	0.00000	1.00000

boidNo = 8
boid Wall No = 1
position = = (5.2, 6.9, -5.0)
Boid Radius= 10
Boid Frame=
 -0.23608	0.52012	-0.82082	5.20122
-0.44660	0.69212	0.56702	6.92125
-0.86303	-0.50044	-0.06889	-5.00436
0.00000	0.00000	0.00000	1.00000

boidNo = 9
boid Wall No = 1
position = = (3.6, 9.3, 0.2)
Boid Radius= 10
Boid Frame=
 0.60439	0.35635	-0.71255	3.56351
-0.21590	0.93418	0.28406	9.34182
-0.76688	0.01784	-0.64155	0.17838
0.00000	0.00000	0.00000	1.00000

boidNo = 10
boid Wall No = 1
position = = (-0.1, 9.9, -1.1)
Boid Radius= 10
Boid Frame=
 -0.99870	-0.00982	0.05010	-0.09820
-0.00408	0.99354	0.11338	9.93544
0.05089	-0.11302	0.99229	-1.13024
0.00000	0.00000	0.00000	1.00000

boidNo = 11
boid Wall No = 1
position = = (-0.9, 9.8, 1.7)
Boid Radius= 10
Boid Frame=
 0.25327	-0.09273	0.96294	-0.92729
-0.14414	0.98067	0.13235	9.80668
0.95660	0.17231	-0.23501	1.72314
0.00000	0.00000	0.00000	1.00000

boidNo = 12
boid Wall No = 1
position = = (-5.0, 7.8, -3.6)
Boid Radius= 10
Boid Frame=
 -0.75949	-0.50335	0.41208	-5.03347
-0.20213	0.78471	0.58598	7.84714
0.61832	-0.36175	0.69772	-3.61753
0.00000	0.00000	0.00000	1.00000

boidNo = 13
boid Wall No = 0
position = = (2.0, -9.8, -0.5)
Boid Radius= 10
Boid Frame=
 -0.37804	0.19502	0.90502	1.95019
-0.02344	-0.97926	0.20123	-9.79264
-0.92549	-0.05486	-0.37477	-0.54860
0.00000	0.00000	0.00000	1.00000

boidNo = 14
boid Wall No = 0
position = = (-0.4, -0.1, 10.0)
Boid Radius= 10
Boid Frame=
 0.79500	-0.04100	0.60522	-0.40995
-0.60589	-0.00517	0.79553	-0.05169
0.02948	0.99915	0.02895	9.99146
0.00000	0.00000	0.00000	1.00000

boidNo = 15
boid Wall No = 1
position = = (1.7, 4.5, -8.8)
Boid Radius= 10
Boid Frame=
 -0.76117	0.17175	-0.62539	1.71754
-0.50448	0.44919	0.73738	4.49189
-0.40757	-0.87677	0.25526	-8.76772
0.00000	0.00000	0.00000	1.00000

boidNo = 16
boid Wall No = 1
position = = (-1.3, 2.4, 9.6)
Boid Radius= 10
Boid Frame=
 0.35852	-0.13022	0.92439	-1.30219
-0.89417	0.23656	0.38013	2.36561
0.26818	0.96285	0.03163	9.62851
0.00000	0.00000	0.00000	1.00000

boidNo = 17
boid Wall No = 0
position = = (-9.4, -1.7, 3.1)
Boid Radius= 10
Boid Frame=
 0.34863	-0.93505	0.06427	-9.35054
-0.59705	-0.16871	0.78426	-1.68707
0.72248	0.31179	0.61709	3.11788
0.00000	0.00000	0.00000	1.00000

boidNo = 18
boid Wall No = 1
position = = (-0.2, 5.2, -8.5)
Boid Radius= 10
Boid Frame=
 -0.65899	-0.01824	-0.75193	-0.18245
-0.64816	0.52097	0.55541	5.20967
-0.38160	-0.85338	0.35514	-8.53382
0.00000	0.00000	0.00000	1.00000

boidNo = 19
boid Wall No = 0
position = = (0.3, -10.0, 0.7)
Boid Radius= 10
Boid Frame=
 0.87609	0.03250	0.48106	0.32498
-0.00766	-0.99666	0.08128	-9.96662
-0.48209	0.07489	0.87291	0.74894
0.00000	0.00000	0.00000	1.00000

