Iteration Num of Simuation:0
m_SimulationDeltaT of action plan:0
boidNo = 0
boid Wall No = 1
position = = (2.6, 8.4, 4.9)
Boid Radius= 10
Boid Frame=
 0.96488	0.25803	-0.04925	2.58030
-0.19727	0.83554	0.51280	8.35538
-0.17347	0.48507	-0.85710	4.85074
0.00000	0.00000	0.00000	1.00000

boidNo = 1
boid Wall No = 1
position = = (0.4, 4.1, -9.1)
Boid Radius= 10
Boid Frame=
 -0.79550	0.03896	-0.60469	0.38958
-0.53960	0.40847	0.73619	4.08474
-0.27568	-0.91194	0.30392	-9.11938
0.00000	0.00000	0.00000	1.00000

boidNo = 2
boid Wall No = 0
position = = (10.0, -0.7, -0.6)
Boid Radius= 10
Boid Frame=
 -0.09340	0.99540	0.02132	9.95400
-0.56481	-0.07061	0.82219	-0.70610
-0.81992	-0.06475	-0.56881	-0.64749
0.00000	0.00000	0.00000	1.00000

boidNo = 3
boid Wall No = 0
position = = (-0.9, -8.6, 5.0)
Boid Radius= 10
Boid Frame=
 0.93806	-0.09477	-0.33325	-0.94766
0.09148	-0.85998	0.50207	-8.59978
0.33416	0.50146	0.79804	5.01456
0.00000	0.00000	0.00000	1.00000

boidNo = 4
boid Wall No = 1
position = = (0.1, 7.3, -6.8)
Boid Radius= 10
Boid Frame=
 -0.78353	0.01479	-0.62118	0.14789
-0.41612	0.72994	0.54225	7.29939
-0.46144	-0.68335	0.56577	-6.83353
0.00000	0.00000	0.00000	1.00000

boidNo = 5
boid Wall No = 0
position = = (-1.7, -9.3, 3.4)
Boid Radius= 10
Boid Frame=
 0.56640	-0.17396	-0.80556	-1.73955
0.18656	-0.92503	0.33093	-9.25032
0.80274	0.33772	0.49149	3.37720
0.00000	0.00000	0.00000	1.00000

boidNo = 6
boid Wall No = 1
position = = (-1.2, 9.9, 0.9)
Boid Radius= 10
Boid Frame=
 0.58788	-0.12193	0.79971	-1.21927
0.00225	0.98882	0.14910	9.88819
0.80895	0.08586	-0.58158	0.85856
0.00000	0.00000	0.00000	1.00000

boidNo = 7
boid Wall No = 1
position = = (-9.7, 2.1, 1.0)
Boid Radius= 10
Boid Frame=
 -0.06263	-0.97215	0.22584	-9.72149
-0.64481	0.21213	0.73432	2.12132
0.76177	0.09963	0.64014	0.99631
0.00000	0.00000	0.00000	1.00000

boidNo = 8
boid Wall No = 1
position = = (-1.8, 9.8, -1.2)
Boid Radius= 10
Boid Frame=
 -0.96355	-0.17783	0.19985	-1.77835
-0.14834	0.97686	0.15407	9.76862
0.22262	-0.11881	0.96764	-1.18807
0.00000	0.00000	0.00000	1.00000

boidNo = 9
boid Wall No = 0
position = = (0.4, -10.0, 0.5)
Boid Radius= 10
Boid Frame=
 0.87442	0.04115	0.48342	0.41146
0.01173	-0.99790	0.06372	-9.97899
-0.48503	0.05005	0.87306	0.50052
0.00000	0.00000	0.00000	1.00000

boidNo = 10
boid Wall No = 1
position = = (-0.1, 8.7, -4.9)
Boid Radius= 10
Boid Frame=
 -0.86112	-0.01202	-0.50826	-0.12023
-0.25990	0.86962	0.41977	8.69623
-0.43695	-0.49357	0.75197	-4.93570
0.00000	0.00000	0.00000	1.00000

boidNo = 11
boid Wall No = 0
position = = (-4.8, -7.5, -4.5)
Boid Radius= 10
Boid Frame=
 0.73651	-0.48425	-0.47229	-4.84246
-0.62887	-0.74736	-0.21442	-7.47355
0.24913	-0.45494	0.85497	-4.54935
0.00000	0.00000	0.00000	1.00000

boidNo = 12
boid Wall No = 0
position = = (-3.8, -3.5, 8.6)
Boid Radius= 10
Boid Frame=
 0.84689	-0.38239	0.36954	-3.82390
-0.50279	-0.34952	0.79059	-3.49520
0.17315	0.85534	0.48827	8.55344
0.00000	0.00000	0.00000	1.00000

boidNo = 13
boid Wall No = 1
position = = (-0.8, 8.6, 5.0)
Boid Radius= 10
Boid Frame=
 0.93270	-0.08431	0.35067	-0.84306
-0.10800	0.86239	0.49459	8.62388
0.34411	0.49918	-0.79524	4.99180
0.00000	0.00000	0.00000	1.00000

boidNo = 14
boid Wall No = 0
position = = (-3.1, -5.8, 7.5)
Boid Radius= 10
Boid Frame=
 0.92335	-0.31477	0.21989	-3.14766
-0.37007	-0.57690	0.72817	-5.76896
0.10235	0.75373	0.64916	7.53733
0.00000	0.00000	0.00000	1.00000

boidNo = 15
boid Wall No = 0
position = = (-2.4, -9.5, -2.1)
Boid Radius= 10
Boid Frame=
 -0.80787	-0.23702	-0.53959	-2.37021
0.07060	-0.94789	0.31067	-9.47892
0.58511	-0.21289	-0.78251	-2.12888
0.00000	0.00000	0.00000	1.00000

boidNo = 16
boid Wall No = 1
position = = (-4.9, 6.7, 5.6)
Boid Radius= 10
Boid Frame=
 0.07391	-0.48847	0.86944	-4.88473
-0.61197	0.66616	0.42628	6.66160
0.78742	0.56358	0.24970	5.63583
0.00000	0.00000	0.00000	1.00000

boidNo = 17
boid Wall No = 0
position = = (-3.3, -5.1, -7.9)
Boid Radius= 10
Boid Frame=
 -0.44722	-0.33359	-0.82988	-3.33592
-0.65668	-0.50749	0.55788	-5.07486
0.60726	-0.79446	-0.00790	-7.94465
0.00000	0.00000	0.00000	1.00000

boidNo = 18
boid Wall No = 0
position = = (-1.3, -7.4, 6.5)
Boid Radius= 10
Boid Frame=
 0.98147	-0.13385	0.13709	-1.33849
-0.19089	-0.74448	0.63977	-7.44485
-0.01643	0.65409	0.75624	6.54085
0.00000	0.00000	0.00000	1.00000

boidNo = 19
boid Wall No = 1
position = = (3.4, 8.9, 2.9)
Boid Radius= 9.999999
Boid Frame=
 0.70990	0.34308	-0.61509	3.43084
-0.04566	0.89391	0.44591	8.93913
-0.70282	0.28847	-0.65025	2.88466
0.00000	0.00000	0.00000	1.00000

