Iteration Num of Simuation:0
m_SimulationDeltaT of action plan:0
boidNo = 0
boid Wall No = 0
position = = (-6.8, -6.7, -3.1)
Boid Radius= 10
Boid Frame=
 0.28828	-0.67757	-0.67660	-6.77574
-0.62532	-0.66834	0.40287	-6.68337
0.72517	-0.30695	0.61637	-3.06953
0.00000	0.00000	0.00000	1.00000

boidNo = 1
boid Wall No = 1
position = = (-4.1, 8.6, 3.0)
Boid Radius= 10
Boid Frame=
 0.46050	-0.40828	0.78819	-4.08282
-0.08990	0.86192	0.49900	8.61925
0.88310	0.30065	-0.36021	3.00651
0.00000	0.00000	0.00000	1.00000

boidNo = 2
boid Wall No = 1
position = = (6.1, 3.7, -7.0)
Boid Radius= 10
Boid Frame=
 -0.46770	0.61109	-0.63861	6.11088
-0.54864	0.36576	0.75180	3.65761
-0.69300	-0.70199	-0.16420	-7.01991
0.00000	0.00000	0.00000	1.00000

boidNo = 3
boid Wall No = 1
position = = (-0.2, 7.6, 6.5)
Boid Radius= 10
Boid Frame=
 0.91358	-0.01633	0.40633	-0.16328
-0.25333	0.75879	0.60006	7.58786
0.31812	0.65114	-0.68908	6.51135
0.00000	0.00000	0.00000	1.00000

boidNo = 4
boid Wall No = 0
position = = (-1.9, -9.6, 2.1)
Boid Radius= 10
Boid Frame=
 0.37704	-0.18769	-0.90698	-1.87693
0.12264	-0.96051	0.24975	-9.60513
0.91804	0.20539	0.33913	2.05394
0.00000	0.00000	0.00000	1.00000

boidNo = 5
boid Wall No = 0
position = = (0.8, -5.5, 8.3)
Boid Radius= 10
Boid Frame=
 0.87647	0.07503	0.47558	0.75033
-0.36242	-0.54744	0.75429	-5.47441
-0.31695	0.83347	0.45262	8.33474
0.00000	0.00000	0.00000	1.00000

boidNo = 6
boid Wall No = 1
position = = (-3.5, 7.2, -6.0)
Boid Radius= 10
Boid Frame=
 -0.92467	-0.34533	-0.16038	-3.45335
-0.37136	0.72494	0.58013	7.24943
0.08407	-0.59599	0.79858	-5.95988
0.00000	0.00000	0.00000	1.00000

boidNo = 7
boid Wall No = 1
position = = (-0.5, 8.7, 4.9)
Boid Radius= 10
Boid Frame=
 0.93219	-0.05491	0.35777	-0.54912
-0.13155	0.86945	0.47619	8.69447
0.33721	0.49097	-0.80327	4.90965
0.00000	0.00000	0.00000	1.00000

boidNo = 8
boid Wall No = 1
position = = (-0.3, 9.6, -2.7)
Boid Radius= 10
Boid Frame=
 -0.95183	-0.02517	0.30561	-0.25172
0.05882	0.96313	0.26252	9.63133
0.30095	-0.26785	0.91525	-2.67846
0.00000	0.00000	0.00000	1.00000

boidNo = 9
boid Wall No = 0
position = = (-2.6, -6.4, -7.2)
Boid Radius= 10
Boid Frame=
 -0.79599	-0.25811	-0.54751	-2.58115
-0.28369	-0.63995	0.71413	-6.39947
0.53471	-0.72377	-0.43617	-7.23771
0.00000	0.00000	0.00000	1.00000

boidNo = 10
boid Wall No = 1
position = = (7.1, 5.8, 4.1)
Boid Radius= 10
Boid Frame=
 0.70836	0.70554	-0.02081	7.05544
-0.55930	0.57902	0.59323	5.79022
-0.43060	0.40858	-0.80476	4.08585
0.00000	0.00000	0.00000	1.00000

boidNo = 11
boid Wall No = 0
position = = (1.3, -9.8, -1.6)
Boid Radius= 10
Boid Frame=
 -0.82856	0.12994	0.54461	1.29939
-0.02010	-0.97897	0.20300	-9.78972
-0.55953	-0.15726	-0.81375	-1.57257
0.00000	0.00000	0.00000	1.00000

boidNo = 12
boid Wall No = 0
position = = (-3.9, -8.6, 3.3)
Boid Radius= 10
Boid Frame=
 0.67034	-0.39148	-0.63038	-3.91480
-0.02185	-0.85956	0.51057	-8.59559
0.74173	0.32848	0.58475	3.28484
0.00000	0.00000	0.00000	1.00000

boidNo = 13
boid Wall No = 0
position = = (-1.8, -9.8, -1.2)
Boid Radius= 10
Boid Frame=
 -0.63439	-0.18079	-0.75158	-1.80788
0.02382	-0.97638	0.21475	-9.76378
0.77265	-0.11833	-0.62371	-1.18332
0.00000	0.00000	0.00000	1.00000

boidNo = 14
boid Wall No = 0
position = = (9.7, -1.9, -1.5)
Boid Radius= 9.999999
Boid Frame=
 -0.24065	0.97000	0.03443	9.70002
-0.65187	-0.18780	0.73471	-1.87799
-0.71914	-0.15436	-0.67750	-1.54361
0.00000	0.00000	0.00000	1.00000

boidNo = 15
boid Wall No = 0
position = = (-9.6, -2.3, -1.5)
Boid Radius= 10
Boid Frame=
 0.00919	-0.96267	-0.27054	-9.62666
-0.57036	-0.22727	0.78933	-2.27268
0.82134	-0.14705	0.55116	-1.47049
0.00000	0.00000	0.00000	1.00000

boidNo = 16
boid Wall No = 1
position = = (-2.2, 0.3, 9.8)
Boid Radius= 10
Boid Frame=
 0.52504	-0.21726	0.82288	-2.17264
-0.83972	0.02522	0.54244	0.25216
0.13860	0.97579	0.16920	9.75787
0.00000	0.00000	0.00000	1.00000

boidNo = 17
boid Wall No = 1
position = = (-3.6, 9.2, 1.5)
Boid Radius= 9.999999
Boid Frame=
 0.32113	-0.35562	0.87773	-3.55619
-0.03196	0.92222	0.38534	9.22222
0.94650	0.15179	-0.28479	1.51793
0.00000	0.00000	0.00000	1.00000

boidNo = 18
boid Wall No = 0
position = = (6.0, -0.3, 8.0)
Boid Radius= 10
Boid Frame=
 0.57846	0.60370	0.54858	6.03696
-0.66888	-0.03387	0.74260	-0.33874
-0.46688	0.79649	-0.38421	7.96495
0.00000	0.00000	0.00000	1.00000

boidNo = 19
boid Wall No = 1
position = = (-3.0, 5.6, 7.7)
Boid Radius= 10
Boid Frame=
 0.58555	-0.29640	0.75450	-2.96398
-0.53484	0.55817	0.63435	5.58166
0.60916	0.77498	-0.16831	7.74984
0.00000	0.00000	0.00000	1.00000

