Iteration Num of Simuation:0
m_SimulationDeltaT of action plan:0
boidNo = 0
boid Wall No = 1
position = = (-2.4, 9.6, 1.4)
Boid Radius= 10
Boid Frame=
 -0.11200	-0.23778	0.96484	-2.37783
-0.16739	0.96159	0.21755	9.61588
0.97951	0.13714	0.14750	1.37142
0.00000	0.00000	0.00000	1.00000

boidNo = 1
boid Wall No = 0
position = = (-1.2, -9.0, -4.2)
Boid Radius= 10
Boid Frame=
 -0.92139	-0.11703	0.37061	-1.17032
0.25501	-0.90165	0.34928	-9.01651
-0.29328	-0.41633	-0.86061	-4.16327
0.00000	0.00000	0.00000	1.00000

boidNo = 2
boid Wall No = 0
position = = (-1.8, -9.8, -1.3)
Boid Radius= 10
Boid Frame=
 -0.57579	-0.17552	-0.79854	-1.75522
-0.00171	-0.97642	0.21585	-9.76425
0.81760	-0.12565	-0.56192	-1.25647
0.00000	0.00000	0.00000	1.00000

boidNo = 3
boid Wall No = 0
position = = (2.1, -3.3, 9.2)
Boid Radius= 10
Boid Frame=
 0.73881	0.21173	0.63979	2.11725
-0.56372	-0.32607	0.75888	-3.26073
-0.36929	0.92133	0.12155	9.21330
0.00000	0.00000	0.00000	1.00000

boidNo = 4
boid Wall No = 0
position = = (-9.3, -0.1, 3.6)
Boid Radius= 10
Boid Frame=
 0.24559	-0.93125	0.26916	-9.31255
-0.75664	-0.01059	0.65374	-0.10588
0.60595	0.36422	0.70723	3.64215
0.00000	0.00000	0.00000	1.00000

boidNo = 5
boid Wall No = 0
position = = (-6.4, -3.2, -7.0)
Boid Radius= 10
Boid Frame=
 -0.42886	-0.63892	-0.63864	-6.38918
-0.60607	-0.32075	0.72787	-3.20745
0.66989	-0.69922	0.24968	-6.99218
0.00000	0.00000	0.00000	1.00000

boidNo = 6
boid Wall No = 0
position = = (-9.7, -2.3, 0.6)
Boid Radius= 10
Boid Frame=
 0.22219	-0.97140	-0.08377	-9.71398
-0.79105	-0.22983	0.56693	-2.29833
0.56997	0.05970	0.81950	0.59697
0.00000	0.00000	0.00000	1.00000

boidNo = 7
boid Wall No = 1
position = = (5.3, 7.2, -4.6)
Boid Radius= 10
Boid Frame=
 -0.34984	0.52527	-0.77569	5.25273
-0.30882	0.71707	0.62486	7.17069
-0.88444	-0.45815	0.08865	-4.58148
0.00000	0.00000	0.00000	1.00000

boidNo = 8
boid Wall No = 1
position = = (-2.4, 9.3, 2.8)
Boid Radius= 10
Boid Frame=
 0.78924	-0.23778	0.56618	-2.37778
0.01745	0.93031	0.36637	9.30306
0.61384	0.27927	-0.73838	2.79270
0.00000	0.00000	0.00000	1.00000

boidNo = 9
boid Wall No = 1
position = = (-1.0, 9.1, 4.1)
Boid Radius= 10
Boid Frame=
 0.96191	-0.10127	0.25393	-1.01266
-0.01571	0.90684	0.42117	9.06844
0.27292	0.40912	-0.87071	4.09121
0.00000	0.00000	0.00000	1.00000

boidNo = 10
boid Wall No = 1
position = = (4.3, 6.9, 5.8)
Boid Radius= 10
Boid Frame=
 0.90160	0.43225	-0.01661	4.32247
-0.31708	0.68652	0.65433	6.86524
-0.29424	0.58468	-0.75603	5.84678
0.00000	0.00000	0.00000	1.00000

boidNo = 11
boid Wall No = 1
position = = (5.5, 7.3, 4.0)
Boid Radius= 10
Boid Frame=
 0.81280	0.54791	-0.19787	5.47914
-0.35177	0.73237	0.58301	7.32365
-0.46435	0.40427	-0.78800	4.04267
0.00000	0.00000	0.00000	1.00000

boidNo = 12
boid Wall No = 1
position = = (0.5, 9.6, 2.8)
Boid Radius= 10
Boid Frame=
 0.95913	0.04507	0.27934	0.45068
-0.12099	0.95775	0.26092	9.57748
0.25578	0.28406	-0.92406	2.84056
0.00000	0.00000	0.00000	1.00000

boidNo = 13
boid Wall No = 0
position = = (-0.2, -6.7, -7.4)
Boid Radius= 10
Boid Frame=
 -0.95300	-0.01676	-0.30251	-0.16759
-0.21260	-0.67438	0.70711	-6.74385
0.21586	-0.73819	-0.63913	-7.38190
0.00000	0.00000	0.00000	1.00000

boidNo = 14
boid Wall No = 0
position = = (7.4, -3.7, -5.6)
Boid Radius= 10
Boid Frame=
 -0.66713	0.74319	-0.05106	7.43190
-0.47123	-0.36792	0.80161	-3.67922
-0.57696	-0.55884	-0.59566	-5.58840
0.00000	0.00000	0.00000	1.00000

boidNo = 15
boid Wall No = 0
position = = (-2.7, -9.6, -0.5)
Boid Radius= 10
Boid Frame=
 0.02367	-0.27206	-0.96199	-2.72056
-0.05933	-0.96095	0.27030	-9.60946
0.99796	-0.05068	0.03889	-0.50675
0.00000	0.00000	0.00000	1.00000

boidNo = 16
boid Wall No = 1
position = = (5.1, 6.4, -5.8)
Boid Radius= 10
Boid Frame=
 -0.46746	0.50646	-0.72455	5.06460
-0.35869	0.64045	0.67909	6.40447
-0.80797	-0.57734	0.11772	-5.77344
0.00000	0.00000	0.00000	1.00000

boidNo = 17
boid Wall No = 1
position = = (-4.3, 5.2, 7.4)
Boid Radius= 10
Boid Frame=
 0.57933	-0.43431	0.68974	-4.34314
-0.46658	0.51715	0.71753	5.17150
0.66833	0.73751	-0.09696	7.37515
0.00000	0.00000	0.00000	1.00000

boidNo = 18
boid Wall No = 1
position = = (1.1, 6.2, 7.7)
Boid Radius= 10
Boid Frame=
 0.80409	0.11252	0.58376	1.12522
-0.51421	0.62445	0.58793	6.24445
0.29837	0.77292	-0.55997	7.72921
0.00000	0.00000	0.00000	1.00000

boidNo = 19
boid Wall No = 1
position = = (-3.4, 2.2, 9.2)
Boid Radius= 9.999999
Boid Frame=
 0.68026	-0.33873	0.65000	-3.38733
-0.61499	0.21871	0.75760	2.18709
0.39878	0.91511	0.05954	9.15110
0.00000	0.00000	0.00000	1.00000

