Iteration Num of Simuation:0
m_SimulationDeltaT of action plan:0
boidNo = 0
boid Wall No = 0
position = = (-2.3, -9.7, 0.2)
Boid Radius= 10
Boid Frame=
 0.21120	-0.23097	-0.94976	-2.30974
-0.02984	-0.97275	0.22993	-9.72750
0.97699	0.02022	0.21234	0.20224
0.00000	0.00000	0.00000	1.00000

boidNo = 1
boid Wall No = 0
position = = (3.7, -2.4, -9.0)
Boid Radius= 10
Boid Frame=
 -0.76566	0.37249	-0.52441	3.72493
-0.62462	-0.23582	0.74447	-2.35816
-0.15365	-0.89757	-0.41322	-8.97574
0.00000	0.00000	0.00000	1.00000

boidNo = 2
boid Wall No = 0
position = = (2.1, -8.6, 4.7)
Boid Radius= 10
Boid Frame=
 0.96983	0.20784	0.12742	2.07841
0.11720	-0.85578	0.50389	-8.55780
-0.21377	0.47375	0.85432	4.73753
0.00000	0.00000	0.00000	1.00000

boidNo = 3
boid Wall No = 0
position = = (-0.8, -9.2, -3.9)
Boid Radius= 10
Boid Frame=
 -0.95258	-0.08371	-0.29254	-0.83715
-0.04060	-0.91785	0.39484	-9.17851
0.30156	-0.38800	-0.87093	-3.87997
0.00000	0.00000	0.00000	1.00000

boidNo = 4
boid Wall No = 0
position = = (7.9, -3.7, -4.9)
Boid Radius= 10
Boid Frame=
 -0.26882	0.79119	-0.54933	7.91186
-0.92682	-0.36772	-0.07606	-3.67718
0.26218	-0.48868	-0.83214	-4.88681
0.00000	0.00000	0.00000	1.00000

boidNo = 5
boid Wall No = 1
position = = (-6.3, 3.1, -7.1)
Boid Radius= 10
Boid Frame=
 -0.69603	-0.62835	-0.34744	-6.28351
-0.63205	0.30661	0.71169	3.06614
0.34066	-0.71496	0.61056	-7.14956
0.00000	0.00000	0.00000	1.00000

boidNo = 6
boid Wall No = 0
position = = (-4.3, -8.3, -3.6)
Boid Radius= 10
Boid Frame=
 0.83014	-0.43495	-0.34884	-4.34946
-0.52251	-0.82520	-0.21455	-8.25198
0.19455	-0.36037	0.91229	-3.60375
0.00000	0.00000	0.00000	1.00000

boidNo = 7
boid Wall No = 0
position = = (2.6, -9.6, -1.2)
Boid Radius= 9.999999
Boid Frame=
 -0.58081	0.25894	0.77176	2.58937
-0.05821	-0.95885	0.27790	-9.58845
-0.81195	-0.11648	-0.57198	-1.16478
0.00000	0.00000	0.00000	1.00000

boidNo = 8
boid Wall No = 0
position = = (-2.5, -8.3, -5.0)
Boid Radius= 10
Boid Frame=
 -0.88968	-0.24835	-0.38314	-2.48352
-0.00786	-0.83069	0.55669	-8.30686
0.45653	-0.49828	-0.73709	-4.98280
0.00000	0.00000	0.00000	1.00000

boidNo = 9
boid Wall No = 0
position = = (6.2, -7.8, 0.1)
Boid Radius= 9.999999
Boid Frame=
 -0.03623	0.62230	0.78194	6.22303
-0.03562	-0.78276	0.62131	-7.82758
-0.99871	0.00534	-0.05053	0.05339
0.00000	0.00000	0.00000	1.00000

boidNo = 10
boid Wall No = 0
position = = (-0.4, -9.8, 1.7)
Boid Radius= 9.999999
Boid Frame=
 0.94887	-0.04469	-0.31248	-0.44687
0.01248	-0.98384	0.17860	-9.83842
0.31541	0.17337	0.93298	1.73371
0.00000	0.00000	0.00000	1.00000

boidNo = 11
boid Wall No = 1
position = = (-3.2, 9.2, -2.2)
Boid Radius= 10
Boid Frame=
 -0.92960	-0.32216	0.17906	-3.22158
-0.26357	0.92063	0.28804	9.20632
0.25764	-0.22057	0.94073	-2.20571
0.00000	0.00000	0.00000	1.00000

boidNo = 12
boid Wall No = 0
position = = (4.7, -5.2, 7.1)
Boid Radius= 10
Boid Frame=
 0.38081	0.47232	0.79492	4.72319
-0.60572	-0.52213	0.60040	-5.22127
-0.69863	0.71014	-0.08726	7.10139
0.00000	0.00000	0.00000	1.00000

boidNo = 13
boid Wall No = 0
position = = (-9.3, -0.7, 3.6)
Boid Radius= 10
Boid Frame=
 0.32849	-0.93118	0.15808	-9.31184
-0.59204	-0.07260	0.80263	-0.72596
0.73592	0.35725	0.57514	3.57247
0.00000	0.00000	0.00000	1.00000

boidNo = 14
boid Wall No = 1
position = = (3.4, 7.4, -5.9)
Boid Radius= 10
Boid Frame=
 -0.64110	0.33543	-0.69028	3.35428
-0.27906	0.73598	0.61681	7.35980
-0.71493	-0.58807	0.37823	-5.88066
0.00000	0.00000	0.00000	1.00000

boidNo = 15
boid Wall No = 0
position = = (2.1, -8.8, 4.3)
Boid Radius= 9.999999
Boid Frame=
 0.97677	0.21207	0.03068	2.12073
0.17634	-0.87689	0.44718	-8.76889
-0.12174	0.43138	0.89392	4.31383
0.00000	0.00000	0.00000	1.00000

boidNo = 16
boid Wall No = 0
position = = (-7.4, -6.2, 2.4)
Boid Radius= 10
Boid Frame=
 0.49519	-0.74379	-0.44896	-7.43792
-0.26809	-0.62237	0.73539	-6.22365
0.82639	0.24379	0.50759	2.43794
0.00000	0.00000	0.00000	1.00000

boidNo = 17
boid Wall No = 0
position = = (5.4, -8.2, -1.7)
Boid Radius= 10
Boid Frame=
 -0.59080	0.53965	-0.59977	5.39654
-0.51550	-0.82434	-0.23393	-8.24343
0.62066	-0.17098	-0.76521	-1.70976
0.00000	0.00000	0.00000	1.00000

boidNo = 18
boid Wall No = 1
position = = (8.1, 3.4, 4.9)
Boid Radius= 9.999999
Boid Frame=
 0.58488	0.80574	0.09323	8.05743
-0.58555	0.33989	0.73594	3.39891
-0.56129	0.48503	-0.67060	4.85029
0.00000	0.00000	0.00000	1.00000

boidNo = 19
boid Wall No = 0
position = = (-7.0, -5.4, 4.7)
Boid Radius= 10
Boid Frame=
 0.68950	-0.70233	-0.17697	-7.02331
-0.35212	-0.53857	0.76547	-5.38574
0.63293	0.46548	0.61865	4.65478
0.00000	0.00000	0.00000	1.00000

