Iteration Num of Simuation:0
m_SimulationDeltaT of action plan:0
boidNo = 0
boid Wall No = 0
position = = (4.2, -6.6, -6.3)
Boid Radius= 10
Boid Frame=
 -0.90510	0.42002	0.06609	4.20021
-0.25323	-0.65737	0.70974	-6.57371
-0.34155	-0.62566	-0.70135	-6.25656
0.00000	0.00000	0.00000	1.00000

boidNo = 1
boid Wall No = 0
position = = (2.9, -9.4, 1.6)
Boid Radius= 10
Boid Frame=
 0.43846	0.29344	0.84949	2.93443
-0.01990	-0.94180	0.33560	-9.41795
-0.89853	0.16405	0.40710	1.64053
0.00000	0.00000	0.00000	1.00000

boidNo = 2
boid Wall No = 1
position = = (-8.2, 1.6, -5.5)
Boid Radius= 10
Boid Frame=
 -0.51363	-0.82241	-0.24457	-8.22414
-0.62203	0.16059	0.76635	1.60588
0.59098	-0.54575	0.59405	-5.45753
0.00000	0.00000	0.00000	1.00000

boidNo = 3
boid Wall No = 1
position = = (-3.6, 9.3, 0.8)
Boid Radius= 10
Boid Frame=
 -0.66854	-0.36243	0.64938	-3.62430
-0.31924	0.92852	0.18957	9.28522
0.67167	0.08057	0.73645	0.80575
0.00000	0.00000	0.00000	1.00000

boidNo = 4
boid Wall No = 0
position = = (-0.3, -7.8, 6.2)
Boid Radius= 10
Boid Frame=
 0.99912	-0.02978	0.02951	-0.29782
-0.04166	-0.78390	0.61948	-7.83903
-0.00468	0.62017	0.78445	6.20169
0.00000	0.00000	0.00000	1.00000

boidNo = 5
boid Wall No = 0
position = = (1.4, -9.7, -2.1)
Boid Radius= 10
Boid Frame=
 -0.75061	0.14176	0.64536	1.41764
0.03221	-0.96770	0.25004	-9.67700
-0.65996	-0.20847	-0.72180	-2.08472
0.00000	0.00000	0.00000	1.00000

boidNo = 6
boid Wall No = 0
position = = (-5.1, -8.5, 1.1)
Boid Radius= 10
Boid Frame=
 0.12493	-0.51273	-0.84941	-5.12727
0.05031	-0.85175	0.52153	-8.51746
0.99089	0.10789	0.08061	1.07887
0.00000	0.00000	0.00000	1.00000

boidNo = 7
boid Wall No = 1
position = = (8.3, 5.2, -2.0)
Boid Radius= 10
Boid Frame=
 0.36263	0.83054	-0.42273	8.30544
-0.78012	0.51867	0.34985	5.18674
-0.50982	-0.20291	-0.83601	-2.02913
0.00000	0.00000	0.00000	1.00000

boidNo = 8
boid Wall No = 1
position = = (0.1, 9.5, -3.0)
Boid Radius= 10
Boid Frame=
 -0.78180	0.01279	-0.62340	0.12790
-0.17664	0.95429	0.24110	9.54289
-0.59799	-0.29861	0.74380	-2.98611
0.00000	0.00000	0.00000	1.00000

boidNo = 9
boid Wall No = 0
position = = (2.6, -9.1, -3.2)
Boid Radius= 10
Boid Frame=
 -0.61958	0.26096	0.74028	2.60961
0.09946	-0.90941	0.40382	-9.09414
-0.77860	-0.32383	-0.53750	-3.23829
0.00000	0.00000	0.00000	1.00000

boidNo = 10
boid Wall No = 1
position = = (-3.2, 0.9, -9.4)
Boid Radius= 10
Boid Frame=
 -0.62721	-0.32498	-0.70781	-3.24980
-0.76582	0.09179	0.63647	0.91794
0.14187	-0.94126	0.30645	-9.41255
0.00000	0.00000	0.00000	1.00000

boidNo = 11
boid Wall No = 1
position = = (4.9, 8.1, -3.0)
Boid Radius= 10
Boid Frame=
 -0.29513	0.49413	-0.81776	4.94132
-0.17083	0.81480	0.55400	8.14805
-0.94006	-0.30320	0.15606	-3.03195
0.00000	0.00000	0.00000	1.00000

boidNo = 12
boid Wall No = 1
position = = (7.7, 5.1, -3.9)
Boid Radius= 10
Boid Frame=
 0.04163	0.76639	-0.64102	7.66392
-0.64362	0.51130	0.56950	5.11297
-0.76421	-0.38887	-0.51455	-3.88867
0.00000	0.00000	0.00000	1.00000

boidNo = 13
boid Wall No = 0
position = = (4.7, -8.8, -0.3)
Boid Radius= 10
Boid Frame=
 0.25266	0.47317	0.84396	4.73170
0.16689	-0.88050	0.44369	-8.80502
-0.95305	-0.02874	0.30144	-0.28744
0.00000	0.00000	0.00000	1.00000

boidNo = 14
boid Wall No = 0
position = = (1.9, -9.4, -2.9)
Boid Radius= 9.999999
Boid Frame=
 -0.81813	0.19318	0.54161	1.93176
0.01088	-0.93651	0.35047	-9.36512
-0.57493	-0.29262	-0.76409	-2.92622
0.00000	0.00000	0.00000	1.00000

boidNo = 15
boid Wall No = 1
position = = (8.8, 4.7, -0.5)
Boid Radius= 10
Boid Frame=
 0.26611	0.88228	-0.38829	8.82280
-0.58054	0.46825	0.66611	4.68254
-0.76952	-0.04816	-0.63681	-0.48163
0.00000	0.00000	0.00000	1.00000

boidNo = 16
boid Wall No = 0
position = = (-6.6, -7.5, -0.2)
Boid Radius= 10
Boid Frame=
 0.11662	-0.66077	-0.74147	-6.60772
-0.12836	-0.75033	0.64848	-7.50332
0.98485	-0.01955	0.17232	-0.19546
0.00000	0.00000	0.00000	1.00000

boidNo = 17
boid Wall No = 1
position = = (4.4, 9.0, -0.1)
Boid Radius= 9.999999
Boid Frame=
 0.58025	0.44482	-0.68224	4.44821
-0.30010	0.89551	0.32864	8.95509
-0.75714	-0.01405	-0.65311	-0.14046
0.00000	0.00000	0.00000	1.00000

boidNo = 18
boid Wall No = 1
position = = (-7.2, 1.4, -6.8)
Boid Radius= 10
Boid Frame=
 -0.58621	-0.72316	-0.36524	-7.23158
-0.64584	0.14494	0.74959	1.44944
0.48913	-0.67530	0.55201	-6.75303
0.00000	0.00000	0.00000	1.00000

boidNo = 19
boid Wall No = 1
position = = (3.8, 8.6, -3.4)
Boid Radius= 10
Boid Frame=
 -0.53975	0.38144	-0.75045	3.81442
-0.09629	0.85763	0.50517	8.57630
-0.83630	-0.34492	0.42617	-3.44924
0.00000	0.00000	0.00000	1.00000

