Iteration Num of Simuation:0
m_SimulationDeltaT of action plan:0
boidNo = 0
boid Wall No = 0
position = = (8.7, -3.4, -3.6)
Boid Radius= 9.999999
Boid Frame=
 -0.49706	0.86711	0.03257	8.67107
-0.54529	-0.34134	0.76560	-3.41341
-0.67497	-0.36278	-0.64249	-3.62783
0.00000	0.00000	0.00000	1.00000

boidNo = 1
boid Wall No = 1
position = = (4.7, 4.6, -7.5)
Boid Radius= 10
Boid Frame=
 -0.55647	0.47307	-0.68305	4.73066
-0.50429	0.46105	0.73015	4.61053
-0.66033	-0.75076	0.01800	-7.50759
0.00000	0.00000	0.00000	1.00000

boidNo = 2
boid Wall No = 1
position = = (0.5, 10.0, 0.8)
Boid Radius= 10
Boid Frame=
 0.41409	0.05478	-0.90859	0.54779
0.05199	0.99513	0.08369	9.95135
-0.90875	0.08189	-0.40923	0.81889
0.00000	0.00000	0.00000	1.00000

boidNo = 3
boid Wall No = 0
position = = (-5.7, -7.9, -2.2)
Boid Radius= 10
Boid Frame=
 -0.29248	-0.57000	-0.76782	-5.70002
-0.05907	-0.79063	0.60943	-7.90634
0.95445	-0.22360	-0.19757	-2.23597
0.00000	0.00000	0.00000	1.00000

boidNo = 4
boid Wall No = 1
position = = (-4.7, 8.7, -1.4)
Boid Radius= 10
Boid Frame=
 -0.39633	-0.47295	0.78692	-4.72953
-0.07320	0.87066	0.48642	8.70656
0.91519	-0.13518	0.37968	-1.35179
0.00000	0.00000	0.00000	1.00000

boidNo = 5
boid Wall No = 1
position = = (0.9, 2.0, 9.8)
Boid Radius= 10
Boid Frame=
 0.52322	0.09401	0.84699	0.94008
-0.84376	0.19664	0.49940	1.96638
0.11960	0.97596	-0.18221	9.75959
0.00000	0.00000	0.00000	1.00000

boidNo = 6
boid Wall No = 0
position = = (-6.4, -6.2, 4.4)
Boid Radius= 10
Boid Frame=
 0.52201	-0.64411	0.55913	-6.44108
-0.78258	-0.62240	0.01363	-6.22402
-0.33922	0.44468	0.82897	4.44681
0.00000	0.00000	0.00000	1.00000

boidNo = 7
boid Wall No = 1
position = = (3.5, 9.2, -1.9)
Boid Radius= 10
Boid Frame=
 -0.46085	0.35229	-0.81456	3.52294
-0.00356	0.91709	0.39866	9.17093
-0.88747	-0.18663	0.42139	-1.86627
0.00000	0.00000	0.00000	1.00000

boidNo = 8
boid Wall No = 1
position = = (-1.8, 1.1, 9.8)
Boid Radius= 10
Boid Frame=
 0.62106	-0.17694	0.76353	-1.76941
-0.75839	0.11019	0.64242	1.10189
0.19780	0.97803	0.06576	9.78034
0.00000	0.00000	0.00000	1.00000

boidNo = 9
boid Wall No = 1
position = = (-5.3, 7.5, -4.0)
Boid Radius= 10
Boid Frame=
 -0.81776	-0.53471	0.21296	-5.34707
-0.33820	0.74582	0.57391	7.45816
0.46571	-0.39730	0.79074	-3.97301
0.00000	0.00000	0.00000	1.00000

boidNo = 10
boid Wall No = 0
position = = (7.9, -5.2, 3.1)
Boid Radius= 9.999999
Boid Frame=
 0.11709	0.79442	0.59597	7.94424
-0.36436	-0.52389	0.76993	-5.23886
-0.92387	0.30730	-0.22811	3.07300
0.00000	0.00000	0.00000	1.00000

boidNo = 11
boid Wall No = 1
position = = (-1.3, 9.3, 3.3)
Boid Radius= 10
Boid Frame=
 0.90010	-0.12501	0.41735	-1.25011
-0.03424	0.93469	0.35382	9.34687
0.43433	0.33277	-0.83704	3.32766
0.00000	0.00000	0.00000	1.00000

boidNo = 12
boid Wall No = 0
position = = (0.0, -10.0, 0.0)
Boid Radius= 10
Boid Frame=
 0.34429	0.00437	0.93886	0.04372
0.00034	-0.99999	0.00453	-9.99990
-0.93887	0.00124	0.34428	0.01238
0.00000	0.00000	0.00000	1.00000

boidNo = 13
boid Wall No = 0
position = = (-8.4, -1.9, 5.2)
Boid Radius= 10
Boid Frame=
 0.49344	-0.83537	0.24221	-8.35374
-0.66812	-0.18575	0.72049	-1.85746
0.55689	0.51735	0.64979	5.17348
0.00000	0.00000	0.00000	1.00000

boidNo = 14
boid Wall No = 1
position = = (-2.1, 7.1, 6.7)
Boid Radius= 10
Boid Frame=
 0.77223	-0.21101	0.59928	-2.11012
-0.29904	0.71151	0.63587	7.11514
0.56057	0.67024	-0.48635	6.70240
0.00000	0.00000	0.00000	1.00000

boidNo = 15
boid Wall No = 1
position = = (-4.3, 5.9, -6.9)
Boid Radius= 10
Boid Frame=
 -0.85140	-0.42804	-0.30315	-4.28042
-0.51704	0.58762	0.62240	5.87616
0.08828	-0.68665	0.72161	-6.86649
0.00000	0.00000	0.00000	1.00000

boidNo = 16
boid Wall No = 1
position = = (6.9, 7.2, 1.3)
Boid Radius= 10
Boid Frame=
 0.48015	0.68527	-0.54759	6.85273
-0.31573	0.71743	0.62097	7.17432
-0.81840	0.12527	-0.56084	1.25271
0.00000	0.00000	0.00000	1.00000

boidNo = 17
boid Wall No = 0
position = = (2.1, -8.0, 5.6)
Boid Radius= 9.999999
Boid Frame=
 0.91230	0.20739	0.35314	2.07385
-0.04721	-0.80330	0.59370	-8.03298
-0.40680	0.55830	0.72306	5.58304
0.00000	0.00000	0.00000	1.00000

boidNo = 18
boid Wall No = 1
position = = (-3.2, 8.5, -4.2)
Boid Radius= 10
Boid Frame=
 -0.94672	-0.31756	0.05371	-3.17558
-0.25817	0.84796	0.46293	8.47964
0.19255	-0.42440	0.88477	-4.24399
0.00000	0.00000	0.00000	1.00000

boidNo = 19
boid Wall No = 0
position = = (-4.2, 0.0, 9.1)
Boid Radius= 9.999999
Boid Frame=
 0.70736	-0.42266	0.56657	-4.22662
-0.62575	-0.00165	0.78002	-0.01648
0.32875	0.90629	0.26565	9.06286
0.00000	0.00000	0.00000	1.00000

