Iteration Num of Simuation:0
m_SimulationDeltaT of action plan:0
boidNo = 0
boid Wall No = 1
position = = (-5.0, 3.7, 10.2)
Boid Radius= 12
Boid Frame=
 0.50338	-0.41627	0.75718	-4.99525
-0.70331	0.31167	0.63891	3.74004
0.50195	0.85415	0.13588	10.24986
0.00000	0.00000	0.00000	1.00000

boidNo = 1
boid Wall No = 0
position = = (-11.2, -3.3, 2.7)
Boid Radius= 12
Boid Frame=
 0.32699	-0.93496	0.13755	-11.21958
-0.91262	-0.27462	0.30283	-3.29545
0.24536	0.22455	0.94307	2.69464
0.00000	0.00000	0.00000	1.00000

boidNo = 2
boid Wall No = 1
position = = (-7.3, 2.5, -9.2)
Boid Radius= 12
Boid Frame=
 -0.65669	-0.60698	-0.44760	-7.28373
-0.67625	0.21119	0.70575	2.53432
0.33385	-0.76614	0.54915	-9.19372
0.00000	0.00000	0.00000	1.00000

boidNo = 3
boid Wall No = 1
position = = (2.1, 11.8, 0.2)
Boid Radius= 12
Boid Frame=
 0.62374	0.17881	-0.76091	2.14568
-0.09830	0.98370	0.15058	11.80438
-0.77543	0.01913	-0.63115	0.22958
0.00000	0.00000	0.00000	1.00000

boidNo = 4
boid Wall No = 1
position = = (-2.5, 11.7, 1.1)
Boid Radius= 12
Boid Frame=
 0.43948	-0.20427	0.87472	-2.45128
0.00619	0.97446	0.22446	11.69357
0.89823	0.09323	-0.42952	1.11873
0.00000	0.00000	0.00000	1.00000

boidNo = 5
boid Wall No = 0
position = = (-2.6, -7.7, 8.9)
Boid Radius= 12
Boid Frame=
 0.95866	-0.21365	0.18793	-2.56383
-0.28262	-0.63827	0.71606	-7.65926
0.03303	0.73957	0.67227	8.87483
0.00000	0.00000	0.00000	1.00000

boidNo = 6
boid Wall No = 1
position = = (8.8, 7.7, 2.8)
Boid Radius= 12
Boid Frame=
 0.61071	0.73038	-0.30590	8.76458
-0.45762	0.64080	0.61641	7.68965
-0.64623	0.23646	-0.72558	2.83750
0.00000	0.00000	0.00000	1.00000

boidNo = 7
boid Wall No = 1
position = = (0.4, 9.7, 7.1)
Boid Radius= 12
Boid Frame=
 0.96871	0.03384	0.24588	0.40613
-0.17219	0.80513	0.56755	9.66160
0.17876	0.59213	-0.78577	7.10553
0.00000	0.00000	0.00000	1.00000

boidNo = 8
boid Wall No = 1
position = = (-6.6, 7.1, 7.1)
Boid Radius= 12
Boid Frame=
 0.34062	-0.54991	0.76261	-6.59887
-0.48795	0.58994	0.64334	7.07923
0.80367	0.59125	0.06738	7.09503
0.00000	0.00000	0.00000	1.00000

boidNo = 9
boid Wall No = 1
position = = (10.4, 5.2, -2.9)
Boid Radius= 12
Boid Frame=
 0.05013	0.86623	-0.49713	10.39470
-0.56120	0.43618	0.70343	5.23413
-0.82616	-0.24373	-0.50799	-2.92473
0.00000	0.00000	0.00000	1.00000

boidNo = 10
boid Wall No = 0
position = = (-6.5, -5.0, 8.8)
Boid Radius= 12
Boid Frame=
 0.82076	-0.54007	0.18622	-6.48085
-0.45157	-0.41368	0.79054	-4.96421
0.34991	0.73293	0.58342	8.79518
0.00000	0.00000	0.00000	1.00000

boidNo = 11
boid Wall No = 1
position = = (1.3, 11.9, -0.5)
Boid Radius= 12
Boid Frame=
 0.15138	0.10710	-0.98266	1.28521
-0.05599	0.99345	0.09965	11.92135
-0.98689	-0.03993	-0.15639	-0.47920
0.00000	0.00000	0.00000	1.00000

boidNo = 12
boid Wall No = 1
position = = (-9.3, 7.6, -0.8)
Boid Radius= 12
Boid Frame=
 -0.59075	-0.77181	0.23520	-9.26178
-0.67277	0.63210	0.38448	7.58524
0.44542	-0.06890	0.89267	-0.82676
0.00000	0.00000	0.00000	1.00000

boidNo = 13
boid Wall No = 1
position = = (1.8, 11.5, -3.1)
Boid Radius= 12
Boid Frame=
 -0.24879	0.14594	-0.95750	1.75127
-0.21955	0.95435	0.20251	11.45224
-0.94335	-0.26060	0.20540	-3.12719
0.00000	0.00000	0.00000	1.00000

boidNo = 14
boid Wall No = 0
position = = (0.4, -8.8, -8.2)
Boid Radius= 12
Boid Frame=
 -0.98312	0.03263	-0.18001	0.39153
-0.14602	-0.73275	0.66465	-8.79303
0.11022	-0.67971	-0.72515	-8.15656
0.00000	0.00000	0.00000	1.00000

boidNo = 15
boid Wall No = 1
position = = (7.6, 8.0, -4.8)
Boid Radius= 12
Boid Frame=
 -0.03505	0.63032	-0.77554	7.56389
-0.49152	0.66480	0.56253	7.97760
-0.87016	-0.40091	-0.28652	-4.81096
0.00000	0.00000	0.00000	1.00000

boidNo = 16
boid Wall No = 1
position = = (-5.4, 7.8, -7.3)
Boid Radius= 12
Boid Frame=
 -0.88247	-0.44854	-0.14161	-5.38249
-0.43113	0.65096	0.62480	7.81151
0.18807	-0.61242	0.76783	-7.34909
0.00000	0.00000	0.00000	1.00000

boidNo = 17
boid Wall No = 0
position = = (2.5, -11.7, -1.0)
Boid Radius= 12
Boid Frame=
 -0.45172	0.20672	0.86788	2.48062
-0.02251	-0.97512	0.22054	-11.70141
-0.89188	-0.08008	-0.44513	-0.96100
0.00000	0.00000	0.00000	1.00000

boidNo = 18
boid Wall No = 1
position = = (-7.4, 4.5, -8.3)
Boid Radius= 12
Boid Frame=
 -0.74920	-0.61692	-0.24106	-7.40303
-0.54777	0.37251	0.74912	4.47012
0.37235	-0.69329	0.61701	-8.31944
0.00000	0.00000	0.00000	1.00000

boidNo = 19
boid Wall No = 0
position = = (-6.7, -9.7, -2.0)
Boid Radius= 12
Boid Frame=
 -0.11605	-0.56113	-0.81956	-6.73351
-0.12245	-0.81075	0.57244	-9.72905
0.98567	-0.16678	-0.02538	-2.00138
0.00000	0.00000	0.00000	1.00000

boidNo = 20
boid Wall No = 0
position = = (-1.5, -8.9, 7.9)
Boid Radius= 12
Boid Frame=
 0.95214	-0.12892	0.27716	-1.54706
-0.27790	-0.74274	0.60919	-8.91286
-0.12732	0.65705	0.74301	7.88464
0.00000	0.00000	0.00000	1.00000

boidNo = 21
boid Wall No = 1
position = = (7.4, 7.3, -6.1)
Boid Radius= 12
Boid Frame=
 -0.17935	0.61540	-0.76754	7.38478
-0.51800	0.60421	0.60548	7.25050
-0.83637	-0.50618	-0.21041	-6.07415
0.00000	0.00000	0.00000	1.00000

boidNo = 22
boid Wall No = 1
position = = (-1.6, 10.6, 5.5)
Boid Radius= 12
Boid Frame=
 0.81263	-0.13506	0.56691	-1.62074
-0.16386	0.88057	0.44468	10.56687
0.55926	0.45426	-0.69345	5.45109
0.00000	0.00000	0.00000	1.00000

boidNo = 23
boid Wall No = 1
position = = (4.2, 8.3, -7.5)
Boid Radius= 12
Boid Frame=
 -0.48994	0.34676	-0.79982	4.16118
-0.43745	0.69581	0.56963	8.34973
-0.75405	-0.62897	0.18921	-7.54762
0.00000	0.00000	0.00000	1.00000

boidNo = 24
boid Wall No = 0
position = = (6.8, -9.1, -3.8)
Boid Radius= 12
Boid Frame=
 -0.59451	0.56728	0.56987	6.80741
-0.11217	-0.76029	0.63982	-9.12351
-0.79623	-0.31646	-0.51564	-3.79747
0.00000	0.00000	0.00000	1.00000

boidNo = 25
boid Wall No = 0
position = = (-1.5, -11.7, 2.1)
Boid Radius= 12
Boid Frame=
 0.88685	-0.12741	-0.44414	-1.52890
-0.03162	-0.97571	0.21676	-11.70855
0.46097	0.17819	0.86934	2.13829
0.00000	0.00000	0.00000	1.00000

boidNo = 26
boid Wall No = 0
position = = (-6.3, -1.2, -10.2)
Boid Radius= 12
Boid Frame=
 -0.64038	-0.52088	-0.56444	-6.25061
-0.61137	-0.09914	0.78511	-1.18968
0.46491	-0.84785	0.25497	-10.17421
0.00000	0.00000	0.00000	1.00000

boidNo = 27
boid Wall No = 1
position = = (10.0, 4.7, -4.7)
Boid Radius= 12
Boid Frame=
 -0.05424	0.83415	-0.54887	10.00977
-0.64756	0.38903	0.65523	4.66833
-0.76008	-0.39097	-0.51906	-4.69160
0.00000	0.00000	0.00000	1.00000

boidNo = 28
boid Wall No = 0
position = = (-10.9, -5.0, 1.1)
Boid Radius= 12
Boid Frame=
 0.28648	-0.90428	-0.31656	-10.85131
-0.44045	-0.41773	0.79467	-5.01279
0.85084	0.08823	0.51796	1.05874
0.00000	0.00000	0.00000	1.00000

boidNo = 29
boid Wall No = 1
position = = (-5.7, 2.6, -10.2)
Boid Radius= 12
Boid Frame=
 -0.68302	-0.47822	-0.55208	-5.73866
-0.70013	0.21333	0.68140	2.55998
0.20808	-0.85194	0.48053	-10.22322
0.00000	0.00000	0.00000	1.00000

