Iteration Num of Simuation:0
m_SimulationDeltaT of action plan:0
boidNo = 0
boid Wall No = 1
position = = (5.3, 8.0, 2.6)
Boid Radius= 9.999999
Boid Frame=
 0.70764	0.53322	-0.46360	5.33221
-0.25363	0.80408	0.53770	8.04084
-0.65948	0.26292	-0.70424	2.62917
0.00000	0.00000	0.00000	1.00000

boidNo = 1
boid Wall No = 1
position = = (9.7, 2.3, 0.5)
Boid Radius= 10
Boid Frame=
 0.19066	0.97093	-0.14473	9.70929
-0.63151	0.23419	0.73916	2.34187
-0.75156	0.04953	-0.65780	0.49534
0.00000	0.00000	0.00000	1.00000

boidNo = 2
boid Wall No = 1
position = = (-4.8, 7.6, -4.4)
Boid Radius= 10
Boid Frame=
 -0.82990	-0.48014	0.28414	-4.80143
-0.22982	0.75827	0.61009	7.58271
0.50839	-0.44101	0.73963	-4.41008
0.00000	0.00000	0.00000	1.00000

boidNo = 3
boid Wall No = 1
position = = (7.0, 4.3, -5.7)
Boid Radius= 10
Boid Frame=
 -0.31987	0.70239	-0.63587	7.02386
-0.52533	0.42704	0.73598	4.27045
-0.78849	-0.56946	-0.23238	-5.69461
0.00000	0.00000	0.00000	1.00000

boidNo = 4
boid Wall No = 1
position = = (-2.2, 2.8, 9.4)
Boid Radius= 10
Boid Frame=
 0.72294	-0.22168	0.65438	-2.21683
-0.59687	0.27666	0.75313	2.76663
0.34800	0.93505	-0.06770	9.35048
0.00000	0.00000	0.00000	1.00000

boidNo = 5
boid Wall No = 1
position = = (-9.4, 2.1, -2.5)
Boid Radius= 10
Boid Frame=
 -0.32329	-0.94490	-0.05154	-9.44897
-0.73076	0.21468	0.64799	2.14680
0.60122	-0.24715	0.75990	-2.47147
0.00000	0.00000	0.00000	1.00000

boidNo = 6
boid Wall No = 1
position = = (-4.4, 7.2, -5.4)
Boid Radius= 10
Boid Frame=
 -0.89137	-0.44252	0.09821	-4.42520
-0.28767	0.71968	0.63191	7.19683
0.35031	-0.53501	0.76880	-5.35008
0.00000	0.00000	0.00000	1.00000

boidNo = 7
boid Wall No = 0
position = = (-5.6, -6.2, 5.5)
Boid Radius= 10
Boid Frame=
 0.82645	-0.56301	0.00235	-5.63010
-0.42103	-0.61524	0.66649	-6.15243
0.37379	0.55181	0.74551	5.51812
0.00000	0.00000	0.00000	1.00000

boidNo = 8
boid Wall No = 1
position = = (-0.6, 0.5, -10.0)
Boid Radius= 10
Boid Frame=
 -0.75760	-0.06470	-0.64950	-0.64702
-0.65254	0.05187	0.75598	0.51868
0.01523	-0.99656	0.08152	-9.96556
0.00000	0.00000	0.00000	1.00000

boidNo = 9
boid Wall No = 1
position = = (8.1, 1.9, 5.5)
Boid Radius= 10
Boid Frame=
 0.51328	0.81322	0.27426	8.13220
-0.68405	0.19466	0.70298	1.94664
-0.51829	0.54843	-0.65620	5.48433
0.00000	0.00000	0.00000	1.00000

boidNo = 10
boid Wall No = 0
position = = (-0.6, -9.4, 3.3)
Boid Radius= 10
Boid Frame=
 0.85294	-0.05681	-0.51892	-0.56814
0.12612	-0.94218	0.31046	-9.42181
0.50655	0.33025	0.79645	3.30254
0.00000	0.00000	0.00000	1.00000

boidNo = 11
boid Wall No = 0
position = = (-4.0, -8.9, 2.4)
Boid Radius= 10
Boid Frame=
 0.54110	-0.39501	0.74241	-3.95014
-0.43549	-0.88684	-0.15446	-8.86843
-0.71942	0.23974	0.65189	2.39736
0.00000	0.00000	0.00000	1.00000

boidNo = 12
boid Wall No = 0
position = = (3.0, -9.1, -2.8)
Boid Radius= 9.999999
Boid Frame=
 -0.60195	0.30163	0.73938	3.01625
0.04692	-0.91096	0.40982	-9.10959
-0.79715	-0.28138	-0.53420	-2.81383
0.00000	0.00000	0.00000	1.00000

boidNo = 13
boid Wall No = 0
position = = (6.0, -6.7, -4.3)
Boid Radius= 10
Boid Frame=
 -0.76932	0.60270	-0.21188	6.02701
-0.63254	-0.67207	0.38498	-6.72071
-0.08963	-0.43020	-0.89827	-4.30201
0.00000	0.00000	0.00000	1.00000

boidNo = 14
boid Wall No = 1
position = = (0.6, 10.0, -0.4)
Boid Radius= 10
Boid Frame=
 -0.90991	0.05848	-0.41065	0.58485
0.03704	0.99751	0.05999	9.97511
-0.41314	-0.03938	0.90982	-0.39377
0.00000	0.00000	0.00000	1.00000

boidNo = 15
boid Wall No = 0
position = = (-7.7, -1.0, -6.3)
Boid Radius= 10
Boid Frame=
 -0.33304	-0.77050	-0.54352	-7.70497
-0.77616	-0.10329	0.62202	-1.03293
0.53540	-0.62902	0.56363	-6.29020
0.00000	0.00000	0.00000	1.00000

boidNo = 16
boid Wall No = 1
position = = (1.6, 7.4, -6.5)
Boid Radius= 9.999999
Boid Frame=
 -0.80417	0.16499	-0.57105	1.64990
-0.27929	0.74317	0.60803	7.43166
-0.52470	-0.64845	0.55155	-6.48447
0.00000	0.00000	0.00000	1.00000

boidNo = 17
boid Wall No = 0
position = = (-2.4, -9.5, -1.9)
Boid Radius= 10
Boid Frame=
 -0.73625	-0.23603	-0.63421	-2.36028
0.04455	-0.95208	0.30260	-9.52076
0.67524	-0.19453	-0.71148	-1.94533
0.00000	0.00000	0.00000	1.00000

boidNo = 18
boid Wall No = 1
position = = (1.1, 8.6, -4.9)
Boid Radius= 9.999999
Boid Frame=
 -0.90201	0.10551	-0.41862	1.05507
-0.12566	0.86352	0.48841	8.63521
-0.41301	-0.49315	0.76565	-4.93152
0.00000	0.00000	0.00000	1.00000

boidNo = 19
boid Wall No = 1
position = = (1.8, 9.2, 3.4)
Boid Radius= 10
Boid Frame=
 0.97339	0.17971	0.14216	1.79706
-0.21714	0.92158	0.32178	9.21582
0.07319	0.34408	-0.93608	3.44083
0.00000	0.00000	0.00000	1.00000

