Iteration Num of Simuation:0
m_SimulationDeltaT of action plan:0
boidNo = 0
boid Wall No = 1
position = = (-4.3, 8.5, 3.0)
Boid Radius= 10
Boid Frame=
 -0.24030	-0.42895	0.87078	-4.28954
-0.42557	0.85281	0.30266	8.52811
0.87243	0.29785	0.38749	2.97847
0.00000	0.00000	0.00000	1.00000

boidNo = 1
boid Wall No = 1
position = = (7.6, 3.7, 5.4)
Boid Radius= 10
Boid Frame=
 0.61407	0.76007	0.21262	7.60074
-0.67610	0.36760	0.63856	3.67596
-0.40719	0.53587	-0.73962	5.35874
0.00000	0.00000	0.00000	1.00000

boidNo = 2
boid Wall No = 0
position = = (6.3, -1.8, -7.6)
Boid Radius= 10
Boid Frame=
 -0.69915	0.62636	-0.34476	6.26362
-0.56256	-0.18432	0.80595	-1.84325
-0.44126	-0.75743	-0.48124	-7.57427
0.00000	0.00000	0.00000	1.00000

boidNo = 3
boid Wall No = 0
position = = (-0.2, -10.0, 0.2)
Boid Radius= 10
Boid Frame=
 0.84007	-0.01739	-0.54220	-0.17390
-0.00230	-0.99959	0.02849	-9.99591
0.54247	0.02269	0.83977	0.22690
0.00000	0.00000	0.00000	1.00000

boidNo = 4
boid Wall No = 0
position = = (8.0, -0.2, -6.0)
Boid Radius= 10
Boid Frame=
 -0.49676	0.80093	-0.33428	8.00926
-0.58276	-0.02241	0.81233	-0.22408
-0.64313	-0.59834	-0.47788	-5.98344
0.00000	0.00000	0.00000	1.00000

boidNo = 5
boid Wall No = 1
position = = (-0.3, 8.9, 4.5)
Boid Radius= 10
Boid Frame=
 0.95962	-0.02574	0.28013	-0.25738
-0.10364	0.89342	0.43710	8.93420
0.26152	0.44848	-0.85467	4.48484
0.00000	0.00000	0.00000	1.00000

boidNo = 6
boid Wall No = 0
position = = (-9.0, -3.9, 2.0)
Boid Radius= 10
Boid Frame=
 0.43741	-0.89885	-0.02732	-8.98848
-0.76461	-0.38773	0.51482	-3.87730
0.47333	0.20430	0.85686	2.04300
0.00000	0.00000	0.00000	1.00000

boidNo = 7
boid Wall No = 1
position = = (0.0, 7.2, -7.0)
Boid Radius= 10
Boid Frame=
 -0.84469	0.00219	-0.53524	0.02186
-0.37276	0.71523	0.59118	7.15230
-0.38412	-0.69889	0.60334	-6.98886
0.00000	0.00000	0.00000	1.00000

boidNo = 8
boid Wall No = 0
position = = (-2.5, -9.0, -3.4)
Boid Radius= 10
Boid Frame=
 -0.96799	-0.25053	-0.01512	-2.50531
0.22852	-0.90464	0.35974	-9.04636
0.10380	-0.34477	-0.93293	-3.44772
0.00000	0.00000	0.00000	1.00000

boidNo = 9
boid Wall No = 0
position = = (3.4, -6.7, 6.6)
Boid Radius= 10
Boid Frame=
 0.48126	0.34004	0.80794	3.40037
-0.47883	-0.67006	0.56723	-6.70057
-0.73424	0.65985	0.15965	6.59848
0.00000	0.00000	0.00000	1.00000

