Iteration Num of Simuation:0
m_SimulationDeltaT of action plan:0
boidNo = 0
boid Wall No = 1
position = = (-4.3, 0.1, -9.0)
Boid Radius= 10
Boid Frame=
 -0.58160	-0.42907	-0.69111	-4.29073
-0.76746	0.00775	0.64105	0.07751
0.26970	-0.90324	0.33381	-9.03237
0.00000	0.00000	0.00000	1.00000

boidNo = 1
boid Wall No = 1
position = = (8.5, 2.9, 4.3)
Boid Radius= 10
Boid Frame=
 0.51525	0.85333	0.07965	8.53334
-0.59475	0.28909	0.75013	2.89094
-0.61709	0.43387	-0.65647	4.33874
0.00000	0.00000	0.00000	1.00000

boidNo = 2
boid Wall No = 1
position = = (-2.1, 9.5, 2.2)
Boid Radius= 9.999999
Boid Frame=
 0.74385	-0.20870	0.63493	-2.08697
0.00759	0.95257	0.30422	9.52573
0.66830	0.22147	-0.71015	2.21474
0.00000	0.00000	0.00000	1.00000

boidNo = 3
boid Wall No = 1
position = = (-6.1, 3.5, 7.1)
Boid Radius= 10
Boid Frame=
 0.38230	-0.60889	0.69506	-6.08888
-0.65488	0.35213	0.66868	3.52134
0.65190	0.71081	0.26413	7.10815
0.00000	0.00000	0.00000	1.00000

boidNo = 4
boid Wall No = 0
position = = (4.0, -4.4, 8.0)
Boid Radius= 10
Boid Frame=
 0.48562	0.40006	0.77726	4.00057
-0.64005	-0.44287	0.62785	-4.42873
-0.59540	0.80238	-0.04099	8.02383
0.00000	0.00000	0.00000	1.00000

boidNo = 5
boid Wall No = 0
position = = (-6.0, -1.0, -7.9)
Boid Radius= 10
Boid Frame=
 -0.33179	-0.59807	-0.72953	-5.98074
-0.87007	-0.10485	0.48166	-1.04845
0.36456	-0.79455	0.48558	-7.94553
0.00000	0.00000	0.00000	1.00000

boidNo = 6
boid Wall No = 0
position = = (2.8, -9.5, 1.2)
Boid Radius= 10
Boid Frame=
 0.11511	0.27522	0.95447	2.75218
-0.08939	-0.95408	0.28589	-9.54085
-0.98932	0.11823	0.08523	1.18227
0.00000	0.00000	0.00000	1.00000

boidNo = 7
boid Wall No = 1
position = = (-2.7, 9.6, 0.6)
Boid Radius= 10
Boid Frame=
 -0.62830	-0.27472	0.72785	-2.74721
-0.22778	0.95954	0.16554	9.59537
0.74387	0.06178	0.66546	0.61780
0.00000	0.00000	0.00000	1.00000

boidNo = 8
boid Wall No = 1
position = = (5.9, 5.8, 5.6)
Boid Radius= 10
Boid Frame=
 0.60500	0.58773	0.53717	5.87726
-0.77685	0.58362	0.23640	5.83620
0.17456	0.56033	-0.80967	5.60327
0.00000	0.00000	0.00000	1.00000

boidNo = 9
boid Wall No = 1
position = = (-1.7, 8.4, -5.1)
Boid Radius= 10
Boid Frame=
 -0.98286	-0.17221	0.06579	-1.72208
-0.11273	0.84382	0.52465	8.43821
0.14586	-0.50824	0.84877	-5.08242
0.00000	0.00000	0.00000	1.00000

boidNo = 10
boid Wall No = 1
position = = (-1.3, 9.0, -4.1)
Boid Radius= 10
Boid Frame=
 -0.98435	-0.12815	0.12096	-1.28148
-0.06540	0.90305	0.42453	9.03051
0.16363	-0.40997	0.89730	-4.09972
0.00000	0.00000	0.00000	1.00000

boidNo = 11
boid Wall No = 1
position = = (1.4, 9.9, -1.0)
Boid Radius= 10
Boid Frame=
 -0.35079	0.13724	-0.92634	1.37237
-0.04909	0.98515	0.16454	9.85148
-0.93517	-0.10320	0.33885	-1.03198
0.00000	0.00000	0.00000	1.00000

boidNo = 12
boid Wall No = 1
position = = (6.5, 7.6, -0.1)
Boid Radius= 10
Boid Frame=
 0.33302	0.65105	-0.68208	6.51053
-0.29928	0.75894	0.57830	7.58944
-0.89416	-0.01155	-0.44759	-0.11546
0.00000	0.00000	0.00000	1.00000

boidNo = 13
boid Wall No = 0
position = = (8.3, -5.3, 1.7)
Boid Radius= 10
Boid Frame=
 -0.04252	0.83264	0.55218	8.32643
-0.36463	-0.52749	0.76733	-5.27486
-0.93018	0.16871	-0.32604	1.68714
0.00000	0.00000	0.00000	1.00000

boidNo = 14
boid Wall No = 0
position = = (6.9, -6.2, 3.7)
Boid Radius= 10
Boid Frame=
 0.19084	0.69165	0.69656	6.91654
-0.34337	-0.61774	0.70746	-6.17736
-0.91961	0.37419	-0.11960	3.74188
0.00000	0.00000	0.00000	1.00000

boidNo = 15
boid Wall No = 1
position = = (-5.0, 8.6, -0.4)
Boid Radius= 10
Boid Frame=
 -0.41698	-0.50285	0.75714	-5.02849
-0.20497	0.86359	0.46066	8.63587
0.88550	-0.03689	0.46317	-0.36895
0.00000	0.00000	0.00000	1.00000

boidNo = 16
boid Wall No = 0
position = = (0.9, -9.8, -1.7)
Boid Radius= 10
Boid Frame=
 -0.90425	0.09490	0.41633	0.94895
-0.01409	-0.98109	0.19303	-9.81092
-0.42678	-0.16868	-0.88849	-1.68680
0.00000	0.00000	0.00000	1.00000

boidNo = 17
boid Wall No = 1
position = = (-1.6, 8.4, -5.3)
Boid Radius= 10
Boid Frame=
 -0.98774	-0.15596	0.00695	-1.55961
-0.12822	0.83581	0.53384	8.35806
0.08907	-0.52641	0.84555	-5.26407
0.00000	0.00000	0.00000	1.00000

boidNo = 18
boid Wall No = 0
position = = (-3.1, -0.1, 9.5)
Boid Radius= 10
Boid Frame=
 0.48143	-0.30752	0.82077	-3.07523
-0.86387	-0.00818	0.50365	-0.08178
0.14817	0.95151	0.26960	9.51506
0.00000	0.00000	0.00000	1.00000

boidNo = 19
boid Wall No = 1
position = = (-5.5, 7.7, 3.3)
Boid Radius= 10
Boid Frame=
 0.24440	-0.55207	0.79717	-5.52074
-0.22442	0.76758	0.60038	7.67577
0.94335	0.32564	-0.06370	3.25638
0.00000	0.00000	0.00000	1.00000

