Iteration Num of Simuation:0
m_SimulationDeltaT of action plan:0
boidNo = 0
boid Wall No = 0
position = = (7.9, -0.4, -6.1)
Boid Radius= 10
Boid Frame=
 -0.48087	0.78934	-0.38172	7.89335
-0.66186	-0.04125	0.74849	-0.41246
-0.57506	-0.61258	-0.54227	-6.12576
0.00000	0.00000	0.00000	1.00000

boidNo = 1
boid Wall No = 0
position = = (0.3, -10.0, -0.9)
Boid Radius= 10
Boid Frame=
 -0.98601	0.02711	0.16447	0.27112
-0.01170	-0.99551	0.09394	-9.95509
-0.16628	-0.09070	-0.98190	-0.90702
0.00000	0.00000	0.00000	1.00000

boidNo = 2
boid Wall No = 1
position = = (0.0, 9.4, 3.4)
Boid Radius= 10
Boid Frame=
 0.99334	0.00455	-0.11515	0.04546
0.03470	0.94105	0.33649	9.41048
-0.10989	0.33824	-0.93462	3.38242
0.00000	0.00000	0.00000	1.00000

boidNo = 3
boid Wall No = 0
position = = (3.9, -9.0, 1.7)
Boid Radius= 10
Boid Frame=
 0.24758	0.39265	0.88573	3.92653
-0.06978	-0.90460	0.42052	-9.04595
-0.96635	0.16592	0.19656	1.65924
0.00000	0.00000	0.00000	1.00000

boidNo = 4
boid Wall No = 0
position = = (8.7, -4.0, -2.8)
Boid Radius= 10
Boid Frame=
 -0.45192	0.87355	0.18074	8.73555
-0.45331	-0.39939	0.79687	-3.99388
-0.76829	-0.27819	-0.57648	-2.78193
0.00000	0.00000	0.00000	1.00000

boidNo = 5
boid Wall No = 0
position = = (-3.0, -9.5, 0.4)
Boid Radius= 10
Boid Frame=
 0.20211	-0.30204	-0.93162	-3.02042
-0.02217	-0.95242	0.30398	-9.52422
0.97911	0.04078	0.19919	0.40782
0.00000	0.00000	0.00000	1.00000

boidNo = 6
boid Wall No = 1
position = = (0.8, 9.9, 1.5)
Boid Radius= 10
Boid Frame=
 0.93949	0.07588	0.33406	0.75885
-0.12221	0.98524	0.11989	9.85237
0.32003	0.15346	-0.93490	1.53458
0.00000	0.00000	0.00000	1.00000

boidNo = 7
boid Wall No = 0
position = = (-0.3, -9.8, 1.8)
Boid Radius= 10
Boid Frame=
 0.97664	-0.03375	-0.21221	-0.33747
0.00519	-0.98359	0.18032	-9.83594
0.21482	0.17721	0.96044	1.77212
0.00000	0.00000	0.00000	1.00000

boidNo = 8
boid Wall No = 1
position = = (-0.1, 9.1, 4.2)
Boid Radius= 10
Boid Frame=
 0.98113	-0.01456	0.19281	-0.14559
-0.06878	0.90566	0.41839	9.05658
0.18071	0.42376	-0.88757	4.23759
0.00000	0.00000	0.00000	1.00000

boidNo = 9
boid Wall No = 1
position = = (-0.8, 7.8, 6.2)
Boid Radius= 10
Boid Frame=
 0.90764	-0.07928	0.41219	-0.79278
-0.19858	0.78404	0.58808	7.84042
0.36979	0.61562	-0.69589	6.15624
0.00000	0.00000	0.00000	1.00000

boidNo = 10
boid Wall No = 1
position = = (1.8, 9.8, -1.1)
Boid Radius= 9.999999
Boid Frame=
 -0.75088	0.18039	-0.63532	1.80386
0.06343	0.97723	0.20250	9.77226
-0.65738	-0.11176	0.74522	-1.11755
0.00000	0.00000	0.00000	1.00000

boidNo = 11
boid Wall No = 0
position = = (-5.4, -4.9, 6.8)
Boid Radius= 10
Boid Frame=
 0.83550	-0.54359	0.08031	-5.43590
-0.39210	-0.48740	0.78019	-4.87396
0.38496	0.68334	0.62036	6.83341
0.00000	0.00000	0.00000	1.00000

boidNo = 12
boid Wall No = 0
position = = (6.9, -6.8, -2.5)
Boid Radius= 10
Boid Frame=
 -0.50190	0.68689	0.52561	6.86894
-0.20080	-0.68363	0.70166	-6.83634
-0.84129	-0.24662	-0.48105	-2.46619
0.00000	0.00000	0.00000	1.00000

boidNo = 13
boid Wall No = 1
position = = (3.3, 9.4, -1.4)
Boid Radius= 10
Boid Frame=
 -0.43164	0.32589	-0.84112	3.25888
0.01858	0.93547	0.35291	9.35472
-0.90185	-0.13671	0.40984	-1.36706
0.00000	0.00000	0.00000	1.00000

boidNo = 14
boid Wall No = 1
position = = (-8.9, 2.7, -3.6)
Boid Radius= 10
Boid Frame=
 -0.44390	-0.89403	-0.06053	-8.94028
-0.63524	0.26632	0.72495	2.66323
0.63200	-0.36026	0.68614	-3.60260
0.00000	0.00000	0.00000	1.00000

boidNo = 15
boid Wall No = 1
position = = (-5.2, 3.2, -7.9)
Boid Radius= 10
Boid Frame=
 -0.77092	-0.52335	-0.36302	-5.23353
-0.57089	0.31502	0.75819	3.15025
0.28244	-0.79175	0.54163	-7.91746
0.00000	0.00000	0.00000	1.00000

boidNo = 16
boid Wall No = 0
position = = (-9.2, -2.8, 2.9)
Boid Radius= 10
Boid Frame=
 0.40066	-0.91528	-0.04178	-9.15276
-0.56576	-0.28302	0.77448	-2.83016
0.72069	0.28666	0.63122	2.86658
0.00000	0.00000	0.00000	1.00000

boidNo = 17
boid Wall No = 0
position = = (-3.2, -7.2, -6.2)
Boid Radius= 10
Boid Frame=
 -0.77602	-0.32048	-0.54322	-3.20477
-0.17788	-0.71511	0.67600	-7.15110
0.60510	-0.62122	-0.49793	-6.21218
0.00000	0.00000	0.00000	1.00000

boidNo = 18
boid Wall No = 1
position = = (3.1, 1.3, 9.4)
Boid Radius= 10
Boid Frame=
 0.74493	0.31100	0.59022	3.10996
-0.64909	0.13345	0.74891	1.33452
-0.15414	0.94100	-0.30128	9.40995
0.00000	0.00000	0.00000	1.00000

boidNo = 19
boid Wall No = 0
position = = (-8.8, -2.9, 3.8)
Boid Radius= 10
Boid Frame=
 0.28590	-0.87633	0.38768	-8.76335
-0.95487	-0.29454	0.03839	-2.94544
-0.08055	0.38116	0.92099	3.81158
0.00000	0.00000	0.00000	1.00000

