Iteration Num of Simuation:0
m_SimulationDeltaT of action plan:0
boidNo = 0
boid Wall No = 0
position = = (-8.7, -4.3, -2.3)
Boid Radius= 10
Boid Frame=
 0.36558	-0.87397	-0.32021	-8.73966
-0.89349	-0.42592	0.14240	-4.25917
0.26083	-0.23405	0.93658	-2.34049
0.00000	0.00000	0.00000	1.00000

boidNo = 1
boid Wall No = 1
position = = (-4.3, 5.9, 6.8)
Boid Radius= 10
Boid Frame=
 0.44719	-0.43210	0.78314	-4.32102
-0.51989	0.58690	0.62069	5.86904
0.72783	0.68471	-0.03781	6.84713
0.00000	0.00000	0.00000	1.00000

boidNo = 2
boid Wall No = 1
position = = (-1.4, 8.1, 5.6)
Boid Radius= 10
Boid Frame=
 0.43698	-0.13589	0.88915	-1.35894
-0.46249	0.81389	0.35169	8.13892
0.77146	0.56490	-0.29280	5.64901
0.00000	0.00000	0.00000	1.00000

boidNo = 3
boid Wall No = 0
position = = (-0.9, -6.1, 7.9)
Boid Radius= 10
Boid Frame=
 0.59636	-0.08709	0.79798	-0.87092
-0.66714	-0.60661	0.43237	-6.06612
-0.44641	0.79021	0.41986	7.90213
0.00000	0.00000	0.00000	1.00000

boidNo = 4
boid Wall No = 1
position = = (-0.3, 9.5, 3.2)
Boid Radius= 9.999999
Boid Frame=
 0.91895	-0.03355	0.39294	-0.33548
-0.09477	0.94839	0.30261	9.48389
0.38281	0.31533	-0.86834	3.15328
0.00000	0.00000	0.00000	1.00000

boidNo = 5
boid Wall No = 1
position = = (-7.3, 0.5, 6.9)
Boid Radius= 10
Boid Frame=
 0.45268	-0.72645	0.51706	-7.26447
-0.71823	0.04658	0.69425	0.46582
0.52842	0.68564	0.50067	6.85642
0.00000	0.00000	0.00000	1.00000

boidNo = 6
boid Wall No = 1
position = = (-5.2, 1.8, 8.4)
Boid Radius= 10
Boid Frame=
 0.55927	-0.51819	0.64707	-5.18189
-0.66966	0.17769	0.72110	1.77690
0.48864	0.83660	0.24763	8.36604
0.00000	0.00000	0.00000	1.00000

boidNo = 7
boid Wall No = 0
position = = (1.1, -9.8, 1.7)
Boid Radius= 10
Boid Frame=
 0.84155	0.10502	0.52987	1.05019
-0.00580	-0.97911	0.20327	-9.79105
-0.54015	0.17414	0.82336	1.74138
0.00000	0.00000	0.00000	1.00000

boidNo = 8
boid Wall No = 1
position = = (-7.8, 3.8, -4.9)
Boid Radius= 10
Boid Frame=
 -0.62084	-0.78264	-0.04506	-7.82639
-0.53882	0.38426	0.74968	3.84264
0.56941	-0.48971	0.66027	-4.89712
0.00000	0.00000	0.00000	1.00000

boidNo = 9
boid Wall No = 0
position = = (-9.9, -0.6, 1.3)
Boid Radius= 10
Boid Frame=
 0.08897	-0.98951	0.11382	-9.89509
-0.97658	-0.06419	0.20534	-0.64190
0.19588	0.12943	0.97205	1.29427
0.00000	0.00000	0.00000	1.00000

boidNo = 10
boid Wall No = 1
position = = (8.4, 3.0, 4.5)
Boid Radius= 10
Boid Frame=
 0.46094	0.84000	0.28624	8.40000
-0.83649	0.30355	0.45624	3.03548
-0.29635	0.44973	-0.84257	4.49731
0.00000	0.00000	0.00000	1.00000

boidNo = 11
boid Wall No = 0
position = = (-4.6, -1.6, 8.8)
Boid Radius= 10
Boid Frame=
 0.75295	-0.45809	0.47246	-4.58091
-0.59146	-0.15633	0.79103	-1.56326
0.28851	0.87505	0.38865	8.75051
0.00000	0.00000	0.00000	1.00000

boidNo = 12
boid Wall No = 1
position = = (-9.8, 1.1, 1.6)
Boid Radius= 10
Boid Frame=
 0.04522	-0.98141	0.18652	-9.81409
-0.65709	0.11142	0.74554	1.11419
0.75246	0.15628	0.63983	1.56275
0.00000	0.00000	0.00000	1.00000

boidNo = 13
boid Wall No = 1
position = = (-8.6, 5.0, -0.6)
Boid Radius= 10
Boid Frame=
 -0.40363	-0.86178	0.30729	-8.61775
-0.60978	0.50378	0.61186	5.03779
0.68209	-0.05959	0.72883	-0.59587
0.00000	0.00000	0.00000	1.00000

boidNo = 14
boid Wall No = 0
position = = (3.1, -6.5, 7.0)
Boid Radius= 10
Boid Frame=
 -0.15515	0.30724	0.93890	3.07237
-0.75662	-0.64804	0.08703	-6.48040
-0.63518	0.69689	-0.33300	6.96886
0.00000	0.00000	0.00000	1.00000

boidNo = 15
boid Wall No = 1
position = = (8.4, 5.2, 1.3)
Boid Radius= 10
Boid Frame=
 0.42813	0.84291	-0.32590	8.42906
-0.50360	0.52197	0.68843	5.21967
-0.75039	0.13062	-0.64796	1.30616
0.00000	0.00000	0.00000	1.00000

boidNo = 16
boid Wall No = 0
position = = (5.1, -8.4, -2.0)
Boid Radius= 10
Boid Frame=
 -0.34592	0.51220	0.78612	5.12202
0.01012	-0.83576	0.54900	-8.35763
-0.93821	-0.19786	-0.28393	-1.97863
0.00000	0.00000	0.00000	1.00000

boidNo = 17
boid Wall No = 0
position = = (0.3, -10.0, 0.7)
Boid Radius= 10
Boid Frame=
 0.87186	0.03116	0.48877	0.31155
-0.00542	-0.99730	0.07324	-9.97300
-0.48973	0.06650	0.86933	0.66500
0.00000	0.00000	0.00000	1.00000

boidNo = 18
boid Wall No = 1
position = = (1.5, 9.7, -2.0)
Boid Radius= 10
Boid Frame=
 -0.06486	0.15302	-0.98609	1.53024
-0.19667	0.96683	0.16297	9.66832
-0.97832	-0.20450	0.03261	-2.04500
0.00000	0.00000	0.00000	1.00000

boidNo = 19
boid Wall No = 1
position = = (-3.3, 5.9, 7.4)
Boid Radius= 10
Boid Frame=
 0.67060	-0.32660	0.66605	-3.26604
-0.40737	0.58823	0.69859	5.88231
0.61996	0.73981	-0.26142	7.39807
0.00000	0.00000	0.00000	1.00000

