Iteration Num of Simuation:0
m_SimulationDeltaT of action plan:0
boidNo = 0
boid Wall No = 0
position = = (1.0, -8.5, -5.2)
Boid Radius= 10
Boid Frame=
 -0.94293	0.09668	0.31864	0.96683
0.09027	-0.84687	0.52409	-8.46868
-0.32052	-0.52294	-0.78981	-5.22940
0.00000	0.00000	0.00000	1.00000

boidNo = 1
boid Wall No = 1
position = = (-0.4, 8.1, -5.8)
Boid Radius= 10
Boid Frame=
 -0.41119	-0.04187	-0.91059	-0.41871
-0.54224	0.81422	0.20741	8.14224
-0.73274	-0.57904	0.35750	-5.79039
0.00000	0.00000	0.00000	1.00000

boidNo = 2
boid Wall No = 1
position = = (-0.3, 9.2, 3.8)
Boid Radius= 9.999999
Boid Frame=
 0.92632	-0.03171	0.37540	-0.31714
-0.11724	0.92270	0.36725	9.22704
0.35803	0.38420	-0.85100	3.84203
0.00000	0.00000	0.00000	1.00000

boidNo = 3
boid Wall No = 0
position = = (-7.4, -2.3, -6.3)
Boid Radius= 9.999999
Boid Frame=
 -0.41045	-0.74399	-0.52727	-7.43987
-0.58378	-0.22982	0.77871	-2.29818
0.70053	-0.62743	0.33999	-6.27429
0.00000	0.00000	0.00000	1.00000

boidNo = 4
boid Wall No = 0
position = = (0.7, -9.8, -1.8)
Boid Radius= 10
Boid Frame=
 -0.96489	0.07010	0.25313	0.70097
-0.02076	-0.98107	0.19255	-9.81068
-0.26183	-0.18053	-0.94808	-1.80530
0.00000	0.00000	0.00000	1.00000

boidNo = 5
boid Wall No = 0
position = = (-2.0, -9.3, -3.2)
Boid Radius= 10
Boid Frame=
 -0.89296	-0.20100	-0.40276	-2.01000
0.03869	-0.92573	0.37620	-9.25729
0.44846	-0.32035	-0.83442	-3.20351
0.00000	0.00000	0.00000	1.00000

boidNo = 6
boid Wall No = 0
position = = (-2.4, -4.7, 8.5)
Boid Radius= 10
Boid Frame=
 0.91266	-0.23777	0.33245	-2.37766
-0.40752	-0.46687	0.78483	-4.66870
0.03140	0.85176	0.52299	8.51763
0.00000	0.00000	0.00000	1.00000

boidNo = 7
boid Wall No = 0
position = = (-5.0, -5.4, 6.8)
Boid Radius= 10
Boid Frame=
 0.86708	-0.49606	0.04581	-4.96059
-0.34904	-0.53931	0.76636	-5.39314
0.35545	0.68049	0.64077	6.80490
0.00000	0.00000	0.00000	1.00000

boidNo = 8
boid Wall No = 1
position = = (2.1, 9.7, -1.3)
Boid Radius= 10
Boid Frame=
 -0.31500	0.20509	-0.92667	2.05086
-0.05814	0.97037	0.23452	9.70371
-0.94731	-0.12775	0.29374	-1.27750
0.00000	0.00000	0.00000	1.00000

boidNo = 9
boid Wall No = 1
position = = (1.2, 9.6, -2.5)
Boid Radius= 10
Boid Frame=
 -0.94152	0.11822	-0.31553	1.18220
0.02777	0.96047	0.27700	9.60468
-0.33580	-0.25204	0.90758	-2.52042
0.00000	0.00000	0.00000	1.00000

boidNo = 10
boid Wall No = 1
position = = (3.5, 7.7, 5.4)
Boid Radius= 10
Boid Frame=
 0.93504	0.35315	0.03121	3.53153
-0.30784	0.76510	0.56556	7.65095
-0.17585	0.53843	-0.82411	5.38435
0.00000	0.00000	0.00000	1.00000

boidNo = 11
boid Wall No = 1
position = = (2.8, 4.5, -8.5)
Boid Radius= 10
Boid Frame=
 -0.67014	0.28423	-0.68566	2.84233
-0.53818	0.45009	0.71258	4.50095
-0.51115	-0.84654	0.14866	-8.46538
0.00000	0.00000	0.00000	1.00000

boidNo = 12
boid Wall No = 0
position = = (-8.8, -4.5, 1.4)
Boid Radius= 10
Boid Frame=
 0.40452	-0.88017	-0.24834	-8.80165
-0.56575	-0.45419	0.68821	-4.54195
0.71853	0.13790	0.68168	1.37899
0.00000	0.00000	0.00000	1.00000

boidNo = 13
boid Wall No = 0
position = = (2.9, -3.1, 9.1)
Boid Radius= 10
Boid Frame=
 0.68245	0.28987	0.67100	2.89867
-0.59597	-0.31081	0.74042	-3.10810
-0.42317	0.90519	0.03936	9.05193
0.00000	0.00000	0.00000	1.00000

boidNo = 14
boid Wall No = 0
position = = (2.9, -8.7, -3.9)
Boid Radius= 10
Boid Frame=
 -0.79157	0.29207	0.53677	2.92067
0.00748	-0.87369	0.48643	-8.73688
-0.61104	-0.38906	-0.68940	-3.89059
0.00000	0.00000	0.00000	1.00000

boidNo = 15
boid Wall No = 1
position = = (-2.7, 9.0, 3.4)
Boid Radius= 10
Boid Frame=
 0.61718	-0.27030	0.73894	-2.70305
-0.10653	0.90179	0.41885	9.01785
0.77958	0.33722	-0.52777	3.37223
0.00000	0.00000	0.00000	1.00000

boidNo = 16
boid Wall No = 0
position = = (2.1, -1.0, -9.7)
Boid Radius= 10
Boid Frame=
 -0.54678	0.20504	-0.81178	2.05040
-0.83683	-0.10215	0.53785	-1.02147
-0.02736	-0.97341	-0.22744	-9.73409
0.00000	0.00000	0.00000	1.00000

boidNo = 17
boid Wall No = 1
position = = (-6.4, 6.5, 4.0)
Boid Radius= 10
Boid Frame=
 0.16025	-0.64449	0.74763	-6.44487
-0.39400	0.65271	0.64710	6.52706
0.90503	0.39826	0.14933	3.98262
0.00000	0.00000	0.00000	1.00000

boidNo = 18
boid Wall No = 0
position = = (-6.1, -7.8, -1.1)
Boid Radius= 10
Boid Frame=
 0.01590	-0.61143	-0.79114	-6.11426
-0.15435	-0.78326	0.60223	-7.83258
0.98789	-0.11254	0.10682	-1.12538
0.00000	0.00000	0.00000	1.00000

boidNo = 19
boid Wall No = 0
position = = (8.8, -0.8, 4.7)
Boid Radius= 9.999999
Boid Frame=
 0.28241	0.87929	0.38353	8.79289
-0.70339	-0.08206	0.70605	-0.82056
-0.65229	0.46917	-0.59531	4.69167
0.00000	0.00000	0.00000	1.00000

