Iteration Num of Simuation:0
m_SimulationDeltaT of action plan:0
boidNo = 0
boid Wall No = 1
position = = (-2.8, 9.1, -3.1)
Boid Radius= 10
Boid Frame=
 -0.90445	-0.28497	0.31743	-2.84971
-0.14806	0.90758	0.39291	9.07580
0.40006	-0.30837	0.86305	-3.08366
0.00000	0.00000	0.00000	1.00000

boidNo = 1
boid Wall No = 0
position = = (-1.2, -1.7, -9.8)
Boid Radius= 10
Boid Frame=
 -0.80251	-0.12163	-0.58411	-1.21632
-0.56238	-0.17276	0.80863	-1.72755
0.19926	-0.97743	-0.07023	-9.77426
0.00000	0.00000	0.00000	1.00000

boidNo = 2
boid Wall No = 0
position = = (-3.1, -9.5, 0.3)
Boid Radius= 10
Boid Frame=
 -0.18873	-0.31322	-0.93074	-3.13220
0.08933	-0.94932	0.30136	-9.49317
0.97796	0.02627	-0.20715	0.26269
0.00000	0.00000	0.00000	1.00000

boidNo = 3
boid Wall No = 0
position = = (5.5, -8.3, 1.0)
Boid Radius= 10
Boid Frame=
 0.04739	0.54803	0.83511	5.48031
-0.09374	-0.82992	0.54994	-8.29924
-0.99447	0.10435	-0.01204	1.04350
0.00000	0.00000	0.00000	1.00000

boidNo = 4
boid Wall No = 1
position = = (0.5, 10.0, -0.4)
Boid Radius= 10
Boid Frame=
 -0.20429	0.04884	-0.97769	0.48839
-0.02542	0.99815	0.05517	9.98153
-0.97858	-0.03613	0.20267	-0.36127
0.00000	0.00000	0.00000	1.00000

boidNo = 5
boid Wall No = 1
position = = (7.8, 5.6, -2.8)
Boid Radius= 10
Boid Frame=
 -0.01606	0.77721	-0.62904	7.77210
-0.42514	0.56411	0.70784	5.64109
-0.90499	-0.27879	-0.32136	-2.78795
0.00000	0.00000	0.00000	1.00000

boidNo = 6
boid Wall No = 0
position = = (7.9, -3.1, -5.2)
Boid Radius= 10
Boid Frame=
 -0.60495	0.79362	-0.06488	7.93618
-0.49737	-0.31298	0.80911	-3.12984
-0.62182	-0.52174	-0.58406	-5.21739
0.00000	0.00000	0.00000	1.00000

boidNo = 7
boid Wall No = 0
position = = (3.0, -6.3, 7.2)
Boid Radius= 10
Boid Frame=
 0.54019	0.29894	0.78666	2.98939
-0.50950	-0.62781	0.58844	-6.27806
-0.66978	0.71868	0.18682	7.18676
0.00000	0.00000	0.00000	1.00000

boidNo = 8
boid Wall No = 1
position = = (3.5, 8.6, -3.8)
Boid Radius= 10
Boid Frame=
 -0.00447	0.34954	-0.93691	3.49543
-0.40372	0.85654	0.32148	8.56536
-0.91487	-0.37969	-0.13729	-3.79691
0.00000	0.00000	0.00000	1.00000

boidNo = 9
boid Wall No = 0
position = = (2.1, -5.6, 8.0)
Boid Radius= 10
Boid Frame=
 0.83191	0.20770	0.51458	2.07695
-0.32984	-0.56064	0.75953	-5.60637
-0.44624	0.80159	0.39789	8.01592
0.00000	0.00000	0.00000	1.00000

boidNo = 10
boid Wall No = 0
position = = (-1.1, -8.6, 5.0)
Boid Radius= 9.999999
Boid Frame=
 0.90794	-0.10566	0.40557	-1.05655
-0.28694	-0.86205	0.41778	-8.62045
-0.30548	0.49570	0.81300	4.95696
0.00000	0.00000	0.00000	1.00000

boidNo = 11
boid Wall No = 1
position = = (8.0, 1.4, 5.8)
Boid Radius= 9.999999
Boid Frame=
 0.45406	0.80371	0.38455	8.03714
-0.77338	0.14122	0.61802	1.41221
-0.44240	0.57801	-0.68570	5.78014
0.00000	0.00000	0.00000	1.00000

boidNo = 12
boid Wall No = 1
position = = (-3.8, 6.5, 6.6)
Boid Radius= 10
Boid Frame=
 0.20382	-0.37549	0.90414	-3.75488
-0.64173	0.64621	0.41303	6.46206
0.73935	0.66440	0.10926	6.64400
0.00000	0.00000	0.00000	1.00000

boidNo = 13
boid Wall No = 0
position = = (9.5, -1.6, 2.8)
Boid Radius= 10
Boid Frame=
 0.13407	0.94553	0.29664	9.45532
-0.59547	-0.16240	0.78679	-1.62404
-0.79211	0.28212	-0.54127	2.82123
0.00000	0.00000	0.00000	1.00000

boidNo = 14
boid Wall No = 0
position = = (-7.0, -4.8, -5.4)
Boid Radius= 10
Boid Frame=
 -0.31960	-0.69579	-0.64322	-6.95794
-0.46539	-0.47604	0.74619	-4.76042
0.82539	-0.53782	0.17167	-5.37824
0.00000	0.00000	0.00000	1.00000

boidNo = 15
boid Wall No = 1
position = = (-0.7, 9.8, -1.8)
Boid Radius= 10
Boid Frame=
 -0.96829	-0.07023	0.23974	-0.70234
-0.02427	0.98158	0.18953	9.81575
0.24863	-0.17770	0.95216	-1.77701
0.00000	0.00000	0.00000	1.00000

boidNo = 16
boid Wall No = 1
position = = (-2.2, 9.1, 3.4)
Boid Radius= 9.999999
Boid Frame=
 0.01943	-0.21566	0.97627	-2.15661
-0.34725	0.91422	0.20886	9.14217
0.93757	0.34307	0.05712	3.43071
0.00000	0.00000	0.00000	1.00000

boidNo = 17
boid Wall No = 1
position = = (0.4, 9.9, 1.0)
Boid Radius= 10
Boid Frame=
 0.58381	0.04282	-0.81076	0.42823
0.05556	0.99416	0.09251	9.94160
-0.80999	0.09905	-0.57802	0.99054
0.00000	0.00000	0.00000	1.00000

boidNo = 18
boid Wall No = 0
position = = (9.5, -3.1, 0.5)
Boid Radius= 10
Boid Frame=
 -0.11582	0.94865	0.29437	9.48647
-0.49894	-0.31183	0.80859	-3.11828
-0.85886	0.05323	-0.50943	0.53226
0.00000	0.00000	0.00000	1.00000

boidNo = 19
boid Wall No = 0
position = = (6.1, -7.8, -1.1)
Boid Radius= 10
Boid Frame=
 -0.40310	0.61158	0.68080	6.11578
-0.18891	-0.78350	0.59198	-7.83498
-0.89545	-0.11001	-0.43136	-1.10014
0.00000	0.00000	0.00000	1.00000

