Iteration Num of Simuation:0
m_SimulationDeltaT of action plan:0
boidNo = 0
boid Wall No = 1
position = = (-2.2, 1.7, -9.6)
Boid Radius= 10
Boid Frame=
 -0.72788	-0.21729	-0.65036	-2.17294
-0.68444	0.17275	0.70831	1.72747
0.04156	-0.96070	0.27446	-9.60699
0.00000	0.00000	0.00000	1.00000

boidNo = 1
boid Wall No = 1
position = = (-3.7, 9.1, 1.9)
Boid Radius= 9.999999
Boid Frame=
 0.21338	-0.37333	0.90283	-3.73329
-0.11992	0.90711	0.40344	9.07112
0.96958	0.19435	-0.14879	1.94352
0.00000	0.00000	0.00000	1.00000

boidNo = 2
boid Wall No = 1
position = = (-3.2, 9.4, -0.8)
Boid Radius= 10
Boid Frame=
 -0.15016	-0.32384	0.93412	-3.23841
0.03678	0.94235	0.33261	9.42349
0.98798	-0.08430	0.12959	-0.84297
0.00000	0.00000	0.00000	1.00000

boidNo = 3
boid Wall No = 0
position = = (8.0, -5.9, -1.2)
Boid Radius= 10
Boid Frame=
 -0.41956	0.80153	0.42604	8.01533
-0.40450	-0.58527	0.70274	-5.85265
-0.81262	-0.12251	-0.56978	-1.22512
0.00000	0.00000	0.00000	1.00000

boidNo = 4
boid Wall No = 1
position = = (-3.2, 9.3, 2.0)
Boid Radius= 10
Boid Frame=
 0.56620	-0.31574	0.76139	-3.15745
0.01318	0.92707	0.37465	9.27073
0.82416	0.20209	-0.52907	2.02093
0.00000	0.00000	0.00000	1.00000

boidNo = 5
boid Wall No = 0
position = = (-5.2, -4.9, -7.0)
Boid Radius= 10
Boid Frame=
 -0.54487	-0.51930	-0.65837	-5.19301
-0.43697	-0.49427	0.75150	-4.94266
0.71566	-0.69716	-0.04239	-6.97157
0.00000	0.00000	0.00000	1.00000

boidNo = 6
boid Wall No = 1
position = = (1.0, 9.3, -3.6)
Boid Radius= 10
Boid Frame=
 -0.96861	0.10391	-0.22584	1.03915
0.01114	0.92568	0.37814	9.25681
-0.24835	-0.36375	0.89778	-3.63753
0.00000	0.00000	0.00000	1.00000

boidNo = 7
boid Wall No = 1
position = = (3.4, 9.1, 2.4)
Boid Radius= 9.999999
Boid Frame=
 0.89629	0.34374	-0.28020	3.43739
-0.23889	0.90655	0.34798	9.06554
-0.37363	0.24496	-0.89465	2.44957
0.00000	0.00000	0.00000	1.00000

boidNo = 8
boid Wall No = 0
position = = (-2.4, -2.2, 9.5)
Boid Radius= 10
Boid Frame=
 0.71595	-0.23631	0.65694	-2.36315
-0.69790	-0.21721	0.68246	-2.17212
0.01858	0.94709	0.32044	9.47087
0.00000	0.00000	0.00000	1.00000

boidNo = 9
boid Wall No = 0
position = = (-1.9, -0.9, 9.8)
Boid Radius= 10
Boid Frame=
 0.73005	-0.18579	0.65766	-1.85786
-0.67942	-0.09366	0.72775	-0.93661
0.07361	0.97812	0.19460	9.78116
0.00000	0.00000	0.00000	1.00000

boidNo = 10
boid Wall No = 1
position = = (-4.2, 9.0, -0.9)
Boid Radius= 10
Boid Frame=
 -0.52046	-0.42165	0.74252	-4.21645
-0.15678	0.90198	0.40231	9.01982
0.83937	-0.09297	0.53555	-0.92973
0.00000	0.00000	0.00000	1.00000

boidNo = 11
boid Wall No = 1
position = = (-6.7, 6.7, 3.0)
Boid Radius= 10
Boid Frame=
 0.00199	-0.67276	0.73986	-6.72763
-0.41042	0.67412	0.61410	6.74123
0.91190	0.30488	0.27477	3.04875
0.00000	0.00000	0.00000	1.00000

boidNo = 12
boid Wall No = 0
position = = (-4.4, -7.9, -4.3)
Boid Radius= 10
Boid Frame=
 -0.67375	-0.43559	-0.59693	-4.35594
-0.02572	-0.79348	0.60805	-7.93483
0.73852	-0.42502	-0.52340	-4.25021
0.00000	0.00000	0.00000	1.00000

boidNo = 13
boid Wall No = 0
position = = (-0.5, -1.4, -9.9)
Boid Radius= 10
Boid Frame=
 -0.80261	-0.04890	-0.59450	-0.48898
-0.58439	-0.13538	0.80010	-1.35377
0.11960	-0.98959	-0.08008	-9.89587
0.00000	0.00000	0.00000	1.00000

boidNo = 14
boid Wall No = 1
position = = (-7.4, 3.1, -6.0)
Boid Radius= 10
Boid Frame=
 -0.60922	-0.73741	-0.29168	-7.37412
-0.68737	0.30763	0.65794	3.07634
0.39544	-0.60132	0.69429	-6.01319
0.00000	0.00000	0.00000	1.00000

boidNo = 15
boid Wall No = 0
position = = (-3.2, -9.3, -1.8)
Boid Radius= 10
Boid Frame=
 -0.44166	-0.32287	-0.83707	-3.22867
-0.02230	-0.92876	0.37000	-9.28764
0.89691	-0.18208	-0.40300	-1.82081
0.00000	0.00000	0.00000	1.00000

boidNo = 16
boid Wall No = 0
position = = (1.1, -9.6, 2.5)
Boid Radius= 10
Boid Frame=
 0.93853	0.10566	0.32862	1.05655
0.01396	-0.96285	0.26969	-9.62847
-0.34490	0.24852	0.90514	2.48521
0.00000	0.00000	0.00000	1.00000

boidNo = 17
boid Wall No = 1
position = = (6.3, 6.9, 3.4)
Boid Radius= 10
Boid Frame=
 0.73387	0.63349	0.24522	6.33486
-0.67899	0.69490	0.23684	6.94898
0.02037	0.34031	-0.94009	3.40311
0.00000	0.00000	0.00000	1.00000

boidNo = 18
boid Wall No = 0
position = = (-1.1, -9.7, -2.2)
Boid Radius= 10
Boid Frame=
 -0.81294	-0.11008	-0.57185	-1.10078
-0.04211	-0.96829	0.24626	-9.68288
0.58082	-0.22428	-0.78253	-2.24279
0.00000	0.00000	0.00000	1.00000

boidNo = 19
boid Wall No = 1
position = = (-5.2, 7.7, 3.7)
Boid Radius= 10
Boid Frame=
 0.30625	-0.51695	0.79936	-5.16950
-0.23359	0.77323	0.58954	7.73225
0.92285	0.36727	-0.11605	3.67268
0.00000	0.00000	0.00000	1.00000

