Iteration Num of Simuation:0
m_SimulationDeltaT of action plan:0
boidNo = 0
boid Wall No = 1
position = = (1.9, 8.2, 5.4)
Boid Radius= 10
Boid Frame=
 0.92777	0.18605	0.32347	1.86045
-0.32765	0.82101	0.46753	8.21011
0.17859	0.53975	-0.82266	5.39749
0.00000	0.00000	0.00000	1.00000

boidNo = 1
boid Wall No = 1
position = = (-6.0, 7.2, -3.5)
Boid Radius= 10
Boid Frame=
 -0.80363	-0.59503	0.01070	-5.95027
-0.53075	0.72472	0.43941	7.24721
0.26921	-0.34745	0.89822	-3.47450
0.00000	0.00000	0.00000	1.00000

boidNo = 2
boid Wall No = 1
position = = (5.8, 0.0, 8.2)
Boid Radius= 10
Boid Frame=
 0.52849	0.57943	0.62046	5.79426
-0.76160	0.00070	0.64805	0.00697
-0.37507	0.81502	-0.44166	8.15024
0.00000	0.00000	0.00000	1.00000

boidNo = 3
boid Wall No = 1
position = = (3.9, 7.6, 5.2)
Boid Radius= 10
Boid Frame=
 0.92058	0.38979	0.02456	3.89789
-0.33680	0.76045	0.55523	7.60451
-0.19775	0.51940	-0.83133	5.19403
0.00000	0.00000	0.00000	1.00000

boidNo = 4
boid Wall No = 1
position = = (6.1, 5.3, 5.9)
Boid Radius= 10
Boid Frame=
 0.79222	0.60811	0.05081	6.08112
-0.45462	0.53262	0.71389	5.32617
-0.40707	0.58866	-0.69841	5.88658
0.00000	0.00000	0.00000	1.00000

boidNo = 5
boid Wall No = 0
position = = (0.3, -10.0, 0.9)
Boid Radius= 10
Boid Frame=
 0.88091	0.03177	0.47221	0.31773
-0.01594	-0.99519	0.09670	-9.95186
-0.47301	0.09271	0.87616	0.92707
0.00000	0.00000	0.00000	1.00000

boidNo = 6
boid Wall No = 1
position = = (0.6, 8.5, -5.2)
Boid Radius= 10
Boid Frame=
 -0.95394	0.05964	-0.29402	0.59637
-0.10557	0.85064	0.51505	8.50635
-0.28082	-0.52236	0.80516	-5.22363
0.00000	0.00000	0.00000	1.00000

boidNo = 7
boid Wall No = 0
position = = (-9.3, -2.7, 2.3)
Boid Radius= 10
Boid Frame=
 0.35901	-0.93332	-0.00530	-9.33318
-0.69903	-0.27264	0.66108	-2.72644
0.61844	0.23363	0.75030	2.33631
0.00000	0.00000	0.00000	1.00000

boidNo = 8
boid Wall No = 0
position = = (2.3, -9.6, -1.6)
Boid Radius= 10
Boid Frame=
 -0.72738	0.23453	0.64492	2.34529
-0.06730	-0.95964	0.27307	-9.59637
-0.68293	-0.15522	-0.71380	-1.55222
0.00000	0.00000	0.00000	1.00000

boidNo = 9
boid Wall No = 0
position = = (-2.3, -9.6, 1.7)
Boid Radius= 10
Boid Frame=
 0.14254	-0.22679	-0.96346	-2.26792
0.14449	-0.95820	0.24693	-9.58200
0.97919	0.17441	0.10381	1.74409
0.00000	0.00000	0.00000	1.00000

boidNo = 10
boid Wall No = 1
position = = (0.7, 9.2, 3.9)
Boid Radius= 10
Boid Frame=
 0.99387	0.06812	-0.08703	0.68117
-0.02786	0.91647	0.39912	9.16474
-0.10695	0.39425	-0.91276	3.94253
0.00000	0.00000	0.00000	1.00000

boidNo = 11
boid Wall No = 1
position = = (5.4, 8.1, 2.2)
Boid Radius= 10
Boid Frame=
 0.83694	0.54208	0.07541	5.42075
-0.54458	0.81112	0.21336	8.11120
-0.05449	0.21963	-0.97406	2.19632
0.00000	0.00000	0.00000	1.00000

boidNo = 12
boid Wall No = 1
position = = (0.7, 9.8, -2.1)
Boid Radius= 9.999999
Boid Frame=
 -0.75259	0.07424	-0.65429	0.74242
-0.08273	0.97509	0.20580	9.75091
-0.65327	-0.20901	0.72771	-2.09010
0.00000	0.00000	0.00000	1.00000

boidNo = 13
boid Wall No = 0
position = = (1.1, -6.1, 7.8)
Boid Radius= 10
Boid Frame=
 0.88932	0.11005	0.44384	1.10045
-0.29212	-0.61002	0.73657	-6.10020
-0.35181	0.78471	0.51036	7.84707
0.00000	0.00000	0.00000	1.00000

boidNo = 14
boid Wall No = 1
position = = (3.9, 0.9, -9.2)
Boid Radius= 10
Boid Frame=
 -0.52985	0.38649	-0.75491	3.86488
-0.79168	0.09379	0.60369	0.93794
-0.30412	-0.91751	-0.25628	-9.17513
0.00000	0.00000	0.00000	1.00000

boidNo = 15
boid Wall No = 1
position = = (9.1, 2.9, -2.9)
Boid Radius= 10
Boid Frame=
 0.00556	0.91179	-0.41062	9.11788
-0.70866	0.29330	0.64170	2.93305
-0.70553	-0.28743	-0.64778	-2.87427
0.00000	0.00000	0.00000	1.00000

boidNo = 16
boid Wall No = 0
position = = (-3.3, -9.4, 0.7)
Boid Radius= 10
Boid Frame=
 -0.00477	-0.33008	-0.94394	-3.30080
0.08110	-0.94097	0.32863	-9.40970
0.99669	0.07499	-0.03126	0.74986
0.00000	0.00000	0.00000	1.00000

boidNo = 17
boid Wall No = 0
position = = (9.7, -0.2, -2.3)
Boid Radius= 10
Boid Frame=
 -0.15536	0.97349	-0.16786	9.73492
-0.78119	-0.01706	0.62406	-0.17062
-0.60465	-0.22809	-0.76314	-2.28086
0.00000	0.00000	0.00000	1.00000

boidNo = 18
boid Wall No = 0
position = = (-5.2, -4.5, -7.3)
Boid Radius= 10
Boid Frame=
 -0.19719	-0.51895	-0.83175	-5.18949
-0.76332	-0.45111	0.46243	-4.51114
0.61519	-0.72608	0.30717	-7.26078
0.00000	0.00000	0.00000	1.00000

boidNo = 19
boid Wall No = 0
position = = (-5.2, -8.5, -0.3)
Boid Radius= 10
Boid Frame=
 -0.01616	-0.52163	-0.85302	-5.21635
-0.02888	-0.85253	0.52188	-8.52528
0.99945	-0.03306	0.00129	-0.33065
0.00000	0.00000	0.00000	1.00000

