Iteration Num of Simuation:0
m_SimulationDeltaT of action plan:0
boidNo = 0
boid Wall No = 1
position = = (0.3, 8.8, -4.7)
Boid Radius= 10
Boid Frame=
 -0.73608	0.02646	-0.67638	0.26456
-0.30287	0.88076	0.36405	8.80761
-0.60536	-0.47282	0.64030	-4.72822
0.00000	0.00000	0.00000	1.00000

boidNo = 1
boid Wall No = 1
position = = (-5.8, 5.5, 6.1)
Boid Radius= 10
Boid Frame=
 -0.19753	-0.57728	0.79229	-5.77284
-0.81542	0.54537	0.19407	5.45367
0.54412	0.60772	0.57846	6.07715
0.00000	0.00000	0.00000	1.00000

boidNo = 2
boid Wall No = 0
position = = (-9.1, -3.6, 2.3)
Boid Radius= 10
Boid Frame=
 0.38877	-0.90635	-0.16551	-9.06349
-0.49246	-0.35624	0.79409	-3.56241
0.77868	0.22721	0.58484	2.27208
0.00000	0.00000	0.00000	1.00000

boidNo = 3
boid Wall No = 0
position = = (-7.0, -7.1, -0.5)
Boid Radius= 10
Boid Frame=
 0.07391	-0.69899	-0.71130	-6.98994
-0.14813	-0.71303	0.68530	-7.13032
0.98620	-0.05471	0.15625	-0.54715
0.00000	0.00000	0.00000	1.00000

boidNo = 4
boid Wall No = 0
position = = (-0.5, -9.8, -1.7)
Boid Radius= 10
Boid Frame=
 -0.91328	-0.04945	-0.40432	-0.49451
-0.02388	-0.98440	0.17433	-9.84397
0.40664	-0.16887	-0.89785	-1.68868
0.00000	0.00000	0.00000	1.00000

boidNo = 5
boid Wall No = 0
position = = (1.0, -9.9, 1.3)
Boid Radius= 10
Boid Frame=
 0.70180	0.10129	0.70514	1.01286
-0.01934	-0.98677	0.16099	-9.86767
-0.71211	0.12662	0.69055	1.26621
0.00000	0.00000	0.00000	1.00000

boidNo = 6
boid Wall No = 0
position = = (-7.1, -2.6, 6.6)
Boid Radius= 10
Boid Frame=
 0.66461	-0.70544	0.24627	-7.05443
-0.56831	-0.26327	0.77956	-2.63273
0.48510	0.65806	0.57588	6.58056
0.00000	0.00000	0.00000	1.00000

boidNo = 7
boid Wall No = 0
position = = (5.2, -7.3, 4.4)
Boid Radius= 10
Boid Frame=
 0.41773	0.51857	0.74605	5.18566
-0.23117	-0.73344	0.63924	-7.33440
-0.87867	0.43949	0.18651	4.39494
0.00000	0.00000	0.00000	1.00000

boidNo = 8
boid Wall No = 1
position = = (1.6, 9.7, -1.7)
Boid Radius= 10
Boid Frame=
 0.08630	0.15913	-0.98348	1.59128
-0.18895	0.97186	0.14067	9.71859
-0.97819	-0.17369	-0.11394	-1.73689
0.00000	0.00000	0.00000	1.00000

boidNo = 9
boid Wall No = 1
position = = (3.7, 7.1, 6.0)
Boid Radius= 10
Boid Frame=
 0.92361	0.36703	0.11059	3.67025
-0.35526	0.71124	0.60657	7.11242
-0.14397	0.59952	-0.78730	5.99523
0.00000	0.00000	0.00000	1.00000

boidNo = 10
boid Wall No = 1
position = = (7.9, 5.1, 3.5)
Boid Radius= 10
Boid Frame=
 0.60701	0.78623	-0.11565	7.86235
-0.53411	0.51138	0.67322	5.11380
-0.58845	0.34688	-0.73035	3.46880
0.00000	0.00000	0.00000	1.00000

boidNo = 11
boid Wall No = 0
position = = (-7.1, -0.4, 7.1)
Boid Radius= 10
Boid Frame=
 0.38053	-0.70753	0.59548	-7.07526
-0.86315	-0.04062	0.50332	-0.40619
0.33192	0.70552	0.62615	7.05519
0.00000	0.00000	0.00000	1.00000

boidNo = 12
boid Wall No = 0
position = = (-3.6, -9.2, -1.5)
Boid Radius= 10
Boid Frame=
 0.90487	-0.36331	0.22185	-3.63308
-0.31064	-0.91989	-0.23939	-9.19887
-0.29105	-0.14770	0.94524	-1.47701
0.00000	0.00000	0.00000	1.00000

boidNo = 13
boid Wall No = 1
position = = (-0.7, 7.9, -6.0)
Boid Radius= 10
Boid Frame=
 -0.97384	-0.06556	-0.21756	-0.65564
-0.18295	0.79411	0.57959	7.94109
-0.13477	-0.60423	0.78533	-6.04229
0.00000	0.00000	0.00000	1.00000

boidNo = 14
boid Wall No = 1
position = = (1.5, 9.8, 0.9)
Boid Radius= 10
Boid Frame=
 0.85265	0.15383	-0.49933	1.53833
-0.08777	0.98427	0.15335	9.84266
-0.51506	0.08693	-0.85273	0.86930
0.00000	0.00000	0.00000	1.00000

boidNo = 15
boid Wall No = 0
position = = (-9.9, -0.4, 1.5)
Boid Radius= 10
Boid Frame=
 0.12522	-0.98782	0.09233	-9.87824
-0.77753	-0.03991	0.62758	-0.39906
0.61625	0.15037	0.77306	1.50370
0.00000	0.00000	0.00000	1.00000

boidNo = 16
boid Wall No = 0
position = = (7.9, -4.1, -4.6)
Boid Radius= 10
Boid Frame=
 -0.38426	0.78719	-0.48237	7.87186
-0.91009	-0.41081	0.05458	-4.10806
0.15519	-0.45998	-0.87426	-4.59975
0.00000	0.00000	0.00000	1.00000

boidNo = 17
boid Wall No = 1
position = = (-8.8, 3.0, -3.7)
Boid Radius= 10
Boid Frame=
 -0.44126	-0.88066	-0.17240	-8.80665
-0.79765	0.29689	0.52499	2.96891
0.41115	-0.36917	0.83347	-3.69169
0.00000	0.00000	0.00000	1.00000

boidNo = 18
boid Wall No = 0
position = = (7.7, -6.3, -1.3)
Boid Radius= 10
Boid Frame=
 -0.37919	0.76520	0.52027	7.65201
-0.27756	-0.63043	0.72493	-6.30430
-0.88271	-0.13048	-0.45144	-1.30482
0.00000	0.00000	0.00000	1.00000

boidNo = 19
boid Wall No = 0
position = = (-0.4, -6.7, -7.4)
Boid Radius= 10
Boid Frame=
 -0.94711	-0.03574	-0.31890	-0.35743
-0.21442	-0.66887	0.71178	-6.68874
0.23875	-0.74252	-0.62584	-7.42516
0.00000	0.00000	0.00000	1.00000

