Iteration Num of Simuation:0
m_SimulationDeltaT of action plan:0
boidNo = 0
boid Wall No = 0
position = = (5.6, -6.9, 4.6)
Boid Radius= 10
Boid Frame=
 0.34843	0.56118	0.75078	5.61181
-0.30391	-0.69007	0.65684	-6.90068
-0.88670	0.45704	0.06989	4.57037
0.00000	0.00000	0.00000	1.00000

boidNo = 1
boid Wall No = 1
position = = (-0.1, 1.7, 9.9)
Boid Radius= 10
Boid Frame=
 0.71095	-0.01052	0.70316	-0.10517
-0.69214	0.16653	0.70229	1.66533
0.12449	0.98598	-0.11112	9.85980
0.00000	0.00000	0.00000	1.00000

boidNo = 2
boid Wall No = 1
position = = (-4.1, 8.4, -3.6)
Boid Radius= 10
Boid Frame=
 -0.90791	-0.40927	0.09050	-4.09274
-0.33411	0.83699	0.43337	8.36994
0.25311	-0.36323	0.89666	-3.63230
0.00000	0.00000	0.00000	1.00000

boidNo = 3
boid Wall No = 0
position = = (5.6, -5.0, -6.7)
Boid Radius= 10
Boid Frame=
 -0.30588	0.55582	-0.77298	5.55819
-0.86762	-0.49703	-0.01407	-4.97034
0.39202	-0.66635	-0.63427	-6.66350
0.00000	0.00000	0.00000	1.00000

boidNo = 4
boid Wall No = 1
position = = (8.3, 5.3, 1.7)
Boid Radius= 10
Boid Frame=
 0.50605	0.83198	-0.22745	8.31976
-0.59178	0.52676	0.61018	5.26762
-0.62746	0.17418	-0.75891	1.74178
0.00000	0.00000	0.00000	1.00000

boidNo = 5
boid Wall No = 1
position = = (-10.0, 0.2, 0.5)
Boid Radius= 10
Boid Frame=
 -0.00626	-0.99874	0.04972	-9.98744
-0.96639	0.01882	0.25640	0.18821
0.25702	0.04644	0.96529	0.46440
0.00000	0.00000	0.00000	1.00000

boidNo = 6
boid Wall No = 0
position = = (2.6, -8.6, -4.4)
Boid Radius= 10
Boid Frame=
 -0.80834	0.25993	0.52823	2.59926
0.05416	-0.86062	0.50636	-8.60617
-0.58622	-0.43792	-0.68159	-4.37923
0.00000	0.00000	0.00000	1.00000

boidNo = 7
boid Wall No = 1
position = = (-4.0, 9.0, -1.6)
Boid Radius= 10
Boid Frame=
 -0.43079	-0.39624	0.81081	-3.96238
-0.03121	0.90446	0.42542	9.04458
0.90191	-0.15796	0.40200	-1.57963
0.00000	0.00000	0.00000	1.00000

boidNo = 8
boid Wall No = 1
position = = (9.1, 2.0, 3.7)
Boid Radius= 10
Boid Frame=
 0.41090	0.90707	0.09157	9.07072
-0.61017	0.19898	0.76688	1.98984
-0.67739	0.37098	-0.63523	3.70981
0.00000	0.00000	0.00000	1.00000

boidNo = 9
boid Wall No = 0
position = = (7.3, -4.8, 4.9)
Boid Radius= 10
Boid Frame=
 0.08279	0.72755	0.68104	7.27548
-0.64380	-0.48260	0.59382	-4.82601
-0.76070	0.48762	-0.42844	4.87617
0.00000	0.00000	0.00000	1.00000

boidNo = 10
boid Wall No = 1
position = = (-9.5, 3.1, 0.7)
Boid Radius= 10
Boid Frame=
 -0.13563	-0.94706	0.29101	-9.47058
-0.58688	0.31344	0.74654	3.13443
0.79823	0.06953	0.59832	0.69534
0.00000	0.00000	0.00000	1.00000

boidNo = 11
boid Wall No = 0
position = = (8.9, -1.7, -4.3)
Boid Radius= 10
Boid Frame=
 -0.24057	0.88792	-0.39208	8.87917
-0.96468	-0.17404	0.19776	-1.74044
-0.10735	-0.42581	-0.89842	-4.25808
0.00000	0.00000	0.00000	1.00000

boidNo = 12
boid Wall No = 1
position = = (2.1, 9.6, -1.7)
Boid Radius= 10
Boid Frame=
 -0.76770	0.20997	-0.60543	2.09968
0.05187	0.96206	0.26788	9.62056
-0.63870	-0.17425	0.74947	-1.74247
0.00000	0.00000	0.00000	1.00000

boidNo = 13
boid Wall No = 1
position = = (5.9, 6.9, -4.1)
Boid Radius= 10
Boid Frame=
 0.00586	0.59074	-0.80684	5.90735
-0.51422	0.69378	0.50422	6.93784
-0.85764	-0.41194	-0.30784	-4.11942
0.00000	0.00000	0.00000	1.00000

boidNo = 14
boid Wall No = 0
position = = (9.1, -4.0, 1.3)
Boid Radius= 10
Boid Frame=
 -0.11717	0.90852	0.40107	9.08524
-0.53169	-0.39848	0.74734	-3.98483
-0.83879	0.12568	-0.52975	1.25681
0.00000	0.00000	0.00000	1.00000

boidNo = 15
boid Wall No = 1
position = = (-2.5, 8.9, -3.9)
Boid Radius= 10
Boid Frame=
 -0.89900	-0.25266	0.35772	-2.52662
-0.06721	0.88672	0.45739	8.86720
0.43276	-0.38716	0.81414	-3.87155
0.00000	0.00000	0.00000	1.00000

boidNo = 16
boid Wall No = 1
position = = (8.8, 2.5, -4.0)
Boid Radius= 10
Boid Frame=
 -0.13096	0.88154	-0.45359	8.81537
-0.68003	0.25304	0.68813	2.53043
-0.72139	-0.39857	-0.56634	-3.98574
0.00000	0.00000	0.00000	1.00000

boidNo = 17
boid Wall No = 0
position = = (8.5, -5.1, 1.2)
Boid Radius= 10
Boid Frame=
 -0.09928	0.85032	0.51681	8.50323
-0.38490	-0.51177	0.76808	-5.11766
-0.91760	0.12267	-0.37810	1.22665
0.00000	0.00000	0.00000	1.00000

boidNo = 18
boid Wall No = 0
position = = (-1.3, -9.8, 1.1)
Boid Radius= 10
Boid Frame=
 0.66595	-0.13102	-0.73440	-1.31022
-0.00208	-0.98478	0.17381	-9.84778
0.74599	0.11422	0.65608	1.14222
0.00000	0.00000	0.00000	1.00000

boidNo = 19
boid Wall No = 1
position = = (0.0, 9.9, -1.4)
Boid Radius= 10
Boid Frame=
 -0.99797	0.00499	-0.06353	0.04989
-0.00417	0.98968	0.14323	9.89680
-0.06359	-0.14321	0.98765	-1.43206
0.00000	0.00000	0.00000	1.00000

