Iteration Num of Simuation:0
m_SimulationDeltaT of action plan:0
boidNo = 0
boid Wall No = 0
position = = (-4.2, -9.0, -0.9)
Boid Radius= 10
Boid Frame=
 -0.53666	-0.42011	-0.73178	-4.20110
0.16907	-0.90320	0.39453	-9.03196
0.82669	-0.08801	-0.55574	-0.88005
0.00000	0.00000	0.00000	1.00000

boidNo = 1
boid Wall No = 1
position = = (2.0, 9.3, 3.1)
Boid Radius= 10
Boid Frame=
 0.91979	0.20024	0.33747	2.00241
-0.28590	0.93103	0.22681	9.31031
0.26878	0.30510	-0.91360	3.05098
0.00000	0.00000	0.00000	1.00000

boidNo = 2
boid Wall No = 1
position = = (-1.0, 4.0, -9.1)
Boid Radius= 10
Boid Frame=
 -0.71341	-0.09719	-0.69398	-0.97189
-0.66551	0.40408	0.62755	4.04081
-0.21943	-0.90955	0.35295	-9.09546
0.00000	0.00000	0.00000	1.00000

boidNo = 3
boid Wall No = 0
position = = (-1.1, -9.9, 1.3)
Boid Radius= 10
Boid Frame=
 0.81478	-0.10728	-0.56977	-1.07276
-0.00995	-0.98517	0.17127	-9.85175
0.57969	0.13388	0.80376	1.33877
0.00000	0.00000	0.00000	1.00000

boidNo = 4
boid Wall No = 0
position = = (-8.3, -5.6, 0.0)
Boid Radius= 10
Boid Frame=
 0.23230	-0.82545	-0.51445	-8.25453
-0.33290	-0.56445	0.75536	-5.64455
0.91390	0.00422	0.40591	0.04215
0.00000	0.00000	0.00000	1.00000

boidNo = 5
boid Wall No = 0
position = = (-3.3, -9.4, -0.5)
Boid Radius= 10
Boid Frame=
 -0.33461	-0.33264	-0.88170	-3.32637
0.06616	-0.94161	0.33013	-9.41613
0.94003	-0.05213	-0.33708	-0.52129
0.00000	0.00000	0.00000	1.00000

boidNo = 6
boid Wall No = 1
position = = (3.7, 9.1, 2.0)
Boid Radius= 10
Boid Frame=
 0.56884	0.36932	-0.73486	3.69322
-0.04627	0.90646	0.41975	9.06460
-0.82115	0.20477	-0.53272	2.04770
0.00000	0.00000	0.00000	1.00000

boidNo = 7
boid Wall No = 1
position = = (5.3, 5.2, -6.7)
Boid Radius= 10
Boid Frame=
 -0.45994	0.53058	-0.71199	5.30584
-0.48911	0.51784	0.70186	5.17841
-0.74110	-0.67106	-0.02134	-6.71060
0.00000	0.00000	0.00000	1.00000

boidNo = 8
boid Wall No = 0
position = = (-6.1, -6.8, -4.0)
Boid Radius= 10
Boid Frame=
 -0.33524	-0.60758	-0.72004	-6.07578
-0.24155	-0.68329	0.68903	-6.83294
0.91064	-0.40492	-0.08231	-4.04918
0.00000	0.00000	0.00000	1.00000

boidNo = 9
boid Wall No = 1
position = = (-7.1, 4.9, 5.1)
Boid Radius= 10
Boid Frame=
 0.19145	-0.70617	0.68167	-7.06173
-0.56247	0.49022	0.66581	4.90218
0.80435	0.51089	0.30335	5.10887
0.00000	0.00000	0.00000	1.00000

boidNo = 10
boid Wall No = 1
position = = (-9.9, 0.9, -0.9)
Boid Radius= 10
Boid Frame=
 -0.12301	-0.99199	-0.02859	-9.91993
-0.82738	0.08661	0.55492	0.86609
0.54801	-0.09192	0.83141	-0.91917
0.00000	0.00000	0.00000	1.00000

boidNo = 11
boid Wall No = 1
position = = (2.4, 9.5, -1.8)
Boid Radius= 9.999999
Boid Frame=
 -0.70970	0.23635	-0.66367	2.36349
0.04085	0.95427	0.29616	9.54266
-0.70332	-0.18307	0.68690	-1.83073
0.00000	0.00000	0.00000	1.00000

boidNo = 12
boid Wall No = 1
position = = (6.4, 7.1, -2.9)
Boid Radius= 10
Boid Frame=
 -0.09293	0.64205	-0.76101	6.42048
-0.30707	0.70858	0.63531	7.08582
-0.94714	-0.29272	-0.13131	-2.92722
0.00000	0.00000	0.00000	1.00000

boidNo = 13
boid Wall No = 1
position = = (-3.9, 4.7, -7.9)
Boid Radius= 10
Boid Frame=
 -0.85790	-0.39133	-0.33297	-3.91331
-0.49764	0.47148	0.72805	4.71478
0.12792	-0.79030	0.59922	-7.90297
0.00000	0.00000	0.00000	1.00000

boidNo = 14
boid Wall No = 0
position = = (-5.4, -1.7, 8.3)
Boid Radius= 10
Boid Frame=
 0.60388	-0.53581	0.59011	-5.35811
-0.76310	-0.17481	0.62218	-1.74811
0.23021	0.82604	0.51444	8.26044
0.00000	0.00000	0.00000	1.00000

boidNo = 15
boid Wall No = 0
position = = (-2.1, -9.8, 0.2)
Boid Radius= 10
Boid Frame=
 0.20278	-0.21240	-0.95591	-2.12400
-0.01960	-0.97688	0.21290	-9.76877
0.97903	0.02444	0.20225	0.24440
0.00000	0.00000	0.00000	1.00000

boidNo = 16
boid Wall No = 1
position = = (0.1, 0.2, -10.0)
Boid Radius= 10
Boid Frame=
 -0.76774	0.01160	-0.64066	0.11600
-0.64043	0.01810	0.76780	0.18101
-0.02050	-0.99977	0.00647	-9.99769
0.00000	0.00000	0.00000	1.00000

boidNo = 17
boid Wall No = 0
position = = (-4.2, -3.0, 8.6)
Boid Radius= 10
Boid Frame=
 0.77557	-0.41762	0.47337	-4.17620
-0.60878	-0.29652	0.73584	-2.96519
0.16694	0.85888	0.48421	8.58877
0.00000	0.00000	0.00000	1.00000

boidNo = 18
boid Wall No = 1
position = = (-7.5, 6.3, 1.8)
Boid Radius= 10
Boid Frame=
 -0.10108	-0.75167	0.65174	-7.51673
-0.38429	0.63375	0.67133	6.33754
0.91766	0.18260	0.35292	1.82602
0.00000	0.00000	0.00000	1.00000

boidNo = 19
boid Wall No = 0
position = = (0.0, -4.4, -9.0)
Boid Radius= 10
Boid Frame=
 -0.86779	0.00360	-0.49692	0.03596
-0.44799	-0.43840	0.77917	-4.38396
0.21505	-0.89877	-0.38205	-8.98775
0.00000	0.00000	0.00000	1.00000

