Iteration Num of Simuation:0
m_SimulationDeltaT of action plan:0
boidNo = 0
boid Wall No = 0
position = = (-8.1, -5.4, 2.2)
Boid Radius= 9.999999
Boid Frame=
 0.50903	-0.81479	-0.27749	-8.14794
-0.48352	-0.53739	0.69096	-5.37387
0.71210	0.21755	0.66752	2.17547
0.00000	0.00000	0.00000	1.00000

boidNo = 1
boid Wall No = 0
position = = (6.2, -3.5, 7.0)
Boid Radius= 9.999999
Boid Frame=
 0.00122	0.62163	0.78331	6.21627
-0.89259	-0.35249	0.28112	-3.52490
-0.45086	0.69952	-0.55443	6.99522
0.00000	0.00000	0.00000	1.00000

boidNo = 2
boid Wall No = 0
position = = (-8.7, 0.0, 4.9)
Boid Radius= 9.999999
Boid Frame=
 0.07519	-0.87123	0.48509	-8.71225
-0.98916	-0.00362	0.14683	-0.03620
0.12616	0.49087	0.86205	4.90870
0.00000	0.00000	0.00000	1.00000

boidNo = 3
boid Wall No = 0
position = = (2.6, -9.3, 2.4)
Boid Radius= 10
Boid Frame=
 -0.48495	0.26323	0.83398	2.63235
-0.34607	-0.93355	0.09342	-9.33546
-0.80315	0.24331	-0.54382	2.43311
0.00000	0.00000	0.00000	1.00000

boidNo = 4
boid Wall No = 0
position = = (-6.2, -7.4, 2.4)
Boid Radius= 10
Boid Frame=
 0.49038	-0.62104	-0.61142	-6.21037
-0.12678	-0.74494	0.65497	-7.44941
0.86224	0.24367	0.44404	2.43674
0.00000	0.00000	0.00000	1.00000

boidNo = 5
boid Wall No = 1
position = = (2.2, 7.8, 5.9)
Boid Radius= 10
Boid Frame=
 0.88220	0.22438	0.41398	2.24384
-0.41900	0.77525	0.47268	7.75250
0.21488	0.59046	-0.77794	5.90456
0.00000	0.00000	0.00000	1.00000

boidNo = 6
boid Wall No = 1
position = = (2.5, 9.6, 1.3)
Boid Radius= 10
Boid Frame=
 0.31516	0.25022	-0.91546	2.50225
0.05103	0.95875	0.27963	9.58752
-0.94766	0.13484	-0.28940	1.34842
0.00000	0.00000	0.00000	1.00000

boidNo = 7
boid Wall No = 1
position = = (-2.6, 9.0, -3.5)
Boid Radius= 10
Boid Frame=
 -0.78902	-0.26196	-0.55572	-2.61959
-0.40979	0.89833	0.15837	8.98327
-0.45773	-0.35268	0.81615	-3.52684
0.00000	0.00000	0.00000	1.00000

boidNo = 8
boid Wall No = 1
position = = (0.8, 10.0, 0.0)
Boid Radius= 10
Boid Frame=
 -0.19443	0.08023	-0.97763	0.80226
0.01513	0.99678	0.07879	9.96777
-0.98080	-0.00053	0.19502	-0.00527
0.00000	0.00000	0.00000	1.00000

boidNo = 9
boid Wall No = 1
position = = (-2.1, 9.8, -0.7)
Boid Radius= 10
Boid Frame=
 -0.88813	-0.21134	0.40812	-2.11337
-0.16365	0.97522	0.14887	9.75221
0.42947	-0.06543	0.90071	-0.65432
0.00000	0.00000	0.00000	1.00000

boidNo = 10
boid Wall No = 0
position = = (-1.8, -9.0, -4.0)
Boid Radius= 10
Boid Frame=
 -0.98309	-0.18305	-0.00540	-1.83053
0.16480	-0.89714	0.40985	-8.97142
0.07987	-0.40203	-0.91214	-4.02031
0.00000	0.00000	0.00000	1.00000

boidNo = 11
boid Wall No = 0
position = = (6.7, -7.4, 0.6)
Boid Radius= 10
Boid Frame=
 -0.04592	0.67206	0.73907	6.72065
-0.12398	-0.73796	0.66336	-7.37962
-0.99122	0.06117	-0.11720	0.61168
0.00000	0.00000	0.00000	1.00000

boidNo = 12
boid Wall No = 0
position = = (0.2, -10.0, 0.1)
Boid Radius= 10
Boid Frame=
 0.17606	0.02447	0.98408	0.24473
-0.00437	-0.99966	0.02564	-9.99662
-0.98437	0.00882	0.17589	0.08817
0.00000	0.00000	0.00000	1.00000

boidNo = 13
boid Wall No = 1
position = = (2.4, 9.3, 2.8)
Boid Radius= 10
Boid Frame=
 0.79360	0.24364	-0.55752	2.43643
-0.02320	0.92777	0.37243	9.27772
-0.60799	0.28263	-0.74193	2.82625
0.00000	0.00000	0.00000	1.00000

boidNo = 14
boid Wall No = 0
position = = (-5.3, -4.2, 7.3)
Boid Radius= 10
Boid Frame=
 0.80316	-0.53333	0.26552	-5.33326
-0.52363	-0.41935	0.74159	-4.19355
0.28416	0.73465	0.61607	7.34646
0.00000	0.00000	0.00000	1.00000

boidNo = 15
boid Wall No = 1
position = = (8.1, 2.3, 5.4)
Boid Radius= 10
Boid Frame=
 0.54873	0.81207	0.19856	8.12075
-0.61436	0.23064	0.75457	2.30636
-0.56697	0.53604	-0.62546	5.36043
0.00000	0.00000	0.00000	1.00000

boidNo = 16
boid Wall No = 1
position = = (-2.2, 8.7, 4.5)
Boid Radius= 10
Boid Frame=
 0.77152	-0.22376	0.59556	-2.23757
-0.12172	0.86690	0.48339	8.66901
0.62445	0.44544	-0.64160	4.45439
0.00000	0.00000	0.00000	1.00000

boidNo = 17
boid Wall No = 0
position = = (-8.5, -4.2, -3.1)
Boid Radius= 9.999999
Boid Frame=
 0.33571	-0.85326	-0.39905	-8.53262
-0.89582	-0.42017	0.14479	-4.20170
0.29122	-0.30887	0.90542	-3.08871
0.00000	0.00000	0.00000	1.00000

boidNo = 18
boid Wall No = 1
position = = (-5.2, 8.3, 2.0)
Boid Radius= 10
Boid Frame=
 0.16998	-0.51785	0.83841	-5.17853
-0.13155	0.83126	0.54010	8.31255
0.97663	0.20210	-0.07317	2.02097
0.00000	0.00000	0.00000	1.00000

boidNo = 19
boid Wall No = 1
position = = (-6.7, 0.5, -7.4)
Boid Radius= 10
Boid Frame=
 -0.45781	-0.67054	-0.58377	-6.70543
-0.81201	0.04801	0.58167	0.48007
0.36201	-0.74032	0.56647	-7.40316
0.00000	0.00000	0.00000	1.00000

