Iteration Num of Simuation:0
m_SimulationDeltaT of action plan:0
boidNo = 0
boid Wall No = 1
position = = (-8.9, 2.7, 3.7)
Boid Radius= 10
Boid Frame=
 0.09142	-0.89042	0.44587	-8.90415
-0.68758	0.26744	0.67506	2.67445
0.72033	0.36829	0.58778	3.68286
0.00000	0.00000	0.00000	1.00000

boidNo = 1
boid Wall No = 0
position = = (-6.8, -5.0, 5.3)
Boid Radius= 10
Boid Frame=
 0.72800	-0.68433	-0.04131	-6.84327
-0.43021	-0.50292	0.74966	-5.02924
0.53379	0.52798	0.66054	5.27982
0.00000	0.00000	0.00000	1.00000

boidNo = 2
boid Wall No = 1
position = = (3.1, 2.8, -9.1)
Boid Radius= 10
Boid Frame=
 -0.62672	0.31382	-0.71326	3.13815
-0.65452	0.28473	0.70038	2.84727
-0.42287	-0.90579	-0.02696	-9.05787
0.00000	0.00000	0.00000	1.00000

boidNo = 3
boid Wall No = 1
position = = (-0.9, 9.7, -2.4)
Boid Radius= 10
Boid Frame=
 -0.82653	-0.09489	-0.55484	-0.94891
-0.20967	0.96666	0.14702	9.66655
-0.52239	-0.23785	0.81886	-2.37853
0.00000	0.00000	0.00000	1.00000

boidNo = 4
boid Wall No = 0
position = = (3.2, -8.2, -4.7)
Boid Radius= 9.999999
Boid Frame=
 -0.94632	0.31990	0.04624	3.19904
-0.25245	-0.82085	0.51233	-8.20847
-0.20185	-0.47315	-0.85755	-4.73150
0.00000	0.00000	0.00000	1.00000

boidNo = 5
boid Wall No = 1
position = = (-6.9, 1.3, 7.1)
Boid Radius= 10
Boid Frame=
 0.48138	-0.69375	0.53572	-6.93747
-0.64506	0.13342	0.75240	1.33419
0.59345	0.70775	0.38328	7.07753
0.00000	0.00000	0.00000	1.00000

boidNo = 6
boid Wall No = 1
position = = (-8.6, 2.7, -4.4)
Boid Radius= 10
Boid Frame=
 -0.46387	-0.85728	-0.22336	-8.57283
-0.77698	0.27258	0.56745	2.72581
0.42558	-0.43677	0.79254	-4.36767
0.00000	0.00000	0.00000	1.00000

boidNo = 7
boid Wall No = 0
position = = (4.6, -6.7, -5.9)
Boid Radius= 10
Boid Frame=
 -0.67038	0.45683	-0.58472	4.56834
-0.69331	-0.66644	0.27419	-6.66444
0.26442	-0.58920	-0.76350	-5.89198
0.00000	0.00000	0.00000	1.00000

boidNo = 8
boid Wall No = 0
position = = (-1.9, -9.7, -1.5)
Boid Radius= 10
Boid Frame=
 -0.63701	-0.18851	-0.74745	-1.88511
0.00225	-0.97009	0.24274	-9.70088
0.77085	-0.15295	-0.61838	-1.52948
0.00000	0.00000	0.00000	1.00000

boidNo = 9
boid Wall No = 0
position = = (-3.9, -6.3, 6.7)
Boid Radius= 10
Boid Frame=
 0.68532	-0.39279	0.61324	-3.92789
-0.68544	-0.63236	0.36097	-6.32359
-0.24600	0.66771	0.70260	6.67712
0.00000	0.00000	0.00000	1.00000

boidNo = 10
boid Wall No = 0
position = = (0.2, -8.3, 5.5)
Boid Radius= 10
Boid Frame=
 0.99677	0.02284	0.07699	0.22839
-0.02352	-0.83363	0.55182	-8.33630
-0.07678	0.55185	0.83040	5.51852
0.00000	0.00000	0.00000	1.00000

boidNo = 11
boid Wall No = 1
position = = (0.7, 10.0, -0.1)
Boid Radius= 10
Boid Frame=
 0.58124	0.06879	-0.81082	0.68787
-0.04847	0.99758	0.04988	9.97578
-0.81229	-0.01031	-0.58316	-0.10309
0.00000	0.00000	0.00000	1.00000

boidNo = 12
boid Wall No = 0
position = = (-4.0, -4.5, -8.0)
Boid Radius= 10
Boid Frame=
 -0.14602	-0.39760	-0.90587	-3.97595
-0.82898	-0.45054	0.33137	-4.50539
0.53988	-0.79933	0.26381	-7.99333
0.00000	0.00000	0.00000	1.00000

boidNo = 13
boid Wall No = 0
position = = (-0.3, -9.9, 1.6)
Boid Radius= 10
Boid Frame=
 0.99719	-0.02572	0.07043	-0.25715
-0.03666	-0.98663	0.15879	-9.86632
-0.06541	0.16093	0.98480	1.60925
0.00000	0.00000	0.00000	1.00000

boidNo = 14
boid Wall No = 1
position = = (9.9, 1.5, 0.9)
Boid Radius= 10
Boid Frame=
 0.16132	0.98528	-0.05649	9.85285
-0.61987	0.14570	0.77106	1.45695
-0.76794	0.08937	-0.63425	0.89372
0.00000	0.00000	0.00000	1.00000

boidNo = 15
boid Wall No = 1
position = = (-0.4, 6.9, -7.2)
Boid Radius= 10
Boid Frame=
 -0.91510	-0.04335	-0.40089	-0.43345
-0.31822	0.68823	0.65197	6.88233
-0.24765	-0.72419	0.64359	-7.24194
0.00000	0.00000	0.00000	1.00000

boidNo = 16
boid Wall No = 1
position = = (3.4, 5.6, 7.5)
Boid Radius= 10
Boid Frame=
 0.86064	0.34482	0.37470	3.44819
-0.50897	0.55975	0.65394	5.59745
-0.01576	0.75352	-0.65724	7.53515
0.00000	0.00000	0.00000	1.00000

boidNo = 17
boid Wall No = 0
position = = (2.5, -9.0, -3.5)
Boid Radius= 10
Boid Frame=
 -0.92677	0.24864	0.28155	2.48639
-0.11860	-0.90491	0.40875	-9.04909
-0.35641	-0.34542	-0.86813	-3.45425
0.00000	0.00000	0.00000	1.00000

boidNo = 18
boid Wall No = 0
position = = (-8.2, -3.6, 4.4)
Boid Radius= 9.999999
Boid Frame=
 0.56617	-0.82123	0.07098	-8.21226
-0.60755	-0.35756	0.70925	-3.57556
0.55707	0.44468	0.70138	4.44682
0.00000	0.00000	0.00000	1.00000

boidNo = 19
boid Wall No = 0
position = = (-2.0, -9.3, 3.1)
Boid Radius= 10
Boid Frame=
 0.87283	-0.19859	-0.44579	-1.98588
-0.02483	-0.93035	0.36583	-9.30351
0.48739	0.30824	0.81697	3.08237
0.00000	0.00000	0.00000	1.00000

