Iteration Num of Simuation:0
m_SimulationDeltaT of action plan:0
boidNo = 0
boid Wall No = 1
position = = (-6.2, 7.8, -0.4)
Boid Radius= 9.999999
Boid Frame=
 -0.35675	-0.61881	0.69985	-6.18815
-0.24037	0.78473	0.57133	7.84730
0.90275	-0.03560	0.42870	-0.35601
0.00000	0.00000	0.00000	1.00000

boidNo = 1
boid Wall No = 1
position = = (9.6, 1.6, 2.3)
Boid Radius= 9.999999
Boid Frame=
 0.26600	0.96097	0.07604	9.60968
-0.75792	0.15975	0.63249	1.59753
-0.59565	0.22587	-0.77083	2.25874
0.00000	0.00000	0.00000	1.00000

boidNo = 2
boid Wall No = 1
position = = (2.1, 0.7, -9.8)
Boid Radius= 10
Boid Frame=
 -0.73985	0.20540	-0.64065	2.05399
-0.64245	0.06696	0.76340	0.66961
-0.19970	-0.97638	-0.08242	-9.76385
0.00000	0.00000	0.00000	1.00000

boidNo = 3
boid Wall No = 1
position = = (-2.9, 4.6, 8.4)
Boid Radius= 10
Boid Frame=
 0.65522	-0.29065	0.69729	-2.90655
-0.54240	0.46146	0.70204	4.61459
0.52582	0.83820	-0.14470	8.38198
0.00000	0.00000	0.00000	1.00000

boidNo = 4
boid Wall No = 1
position = = (-9.9, 0.8, 0.9)
Boid Radius= 10
Boid Frame=
 0.00590	-0.99256	0.12160	-9.92561
-0.69161	0.08378	0.71740	0.83780
0.72225	0.08833	0.68597	0.88335
0.00000	0.00000	0.00000	1.00000

boidNo = 5
boid Wall No = 1
position = = (7.2, 0.5, 6.9)
Boid Radius= 10
Boid Frame=
 0.54944	0.71947	0.42484	7.19468
-0.65341	0.05308	0.75514	0.53082
-0.52075	0.69249	-0.49927	6.92494
0.00000	0.00000	0.00000	1.00000

boidNo = 6
boid Wall No = 1
position = = (-1.5, 9.9, 0.1)
Boid Radius= 9.999999
Boid Frame=
 0.39050	-0.15024	0.90826	-1.50241
0.04543	0.98854	0.14399	9.88536
0.91948	0.01496	-0.39285	0.14965
0.00000	0.00000	0.00000	1.00000

boidNo = 7
boid Wall No = 1
position = = (3.5, 8.3, -4.5)
Boid Radius= 9.999999
Boid Frame=
 -0.44373	0.34668	-0.82639	3.46680
-0.27404	0.82548	0.49344	8.25477
-0.85323	-0.44542	0.27128	-4.45422
0.00000	0.00000	0.00000	1.00000

boidNo = 8
boid Wall No = 0
position = = (-0.8, -6.4, -7.6)
Boid Radius= 10
Boid Frame=
 -0.20088	-0.07591	-0.97667	-0.75915
-0.74092	-0.64045	0.20217	-6.40447
0.64085	-0.76424	-0.07240	-7.64242
0.00000	0.00000	0.00000	1.00000

boidNo = 9
boid Wall No = 1
position = = (1.8, 5.1, -8.4)
Boid Radius= 10
Boid Frame=
 -0.67615	0.17730	-0.71511	1.77296
-0.56014	0.50682	0.65527	5.06815
-0.47861	-0.84363	0.24337	-8.43626
0.00000	0.00000	0.00000	1.00000

boidNo = 10
boid Wall No = 1
position = = (-1.6, 9.9, 0.2)
Boid Radius= 10
Boid Frame=
 0.18677	-0.16425	0.96858	-1.64251
0.01056	0.98620	0.16520	9.86203
0.98235	0.02063	-0.18593	0.20626
0.00000	0.00000	0.00000	1.00000

boidNo = 11
boid Wall No = 1
position = = (3.3, 6.2, -7.2)
Boid Radius= 10
Boid Frame=
 -0.63500	0.32610	-0.70031	3.26101
-0.41981	0.61532	0.66719	6.15323
-0.64849	-0.71766	0.25383	-7.17660
0.00000	0.00000	0.00000	1.00000

boidNo = 12
boid Wall No = 1
position = = (7.1, 6.8, 1.8)
Boid Radius= 10
Boid Frame=
 0.51930	0.71207	-0.47252	7.12072
-0.34140	0.67974	0.64915	6.79744
-0.78344	0.17579	-0.59609	1.75790
0.00000	0.00000	0.00000	1.00000

boidNo = 13
boid Wall No = 1
position = = (1.0, 9.4, 3.3)
Boid Radius= 10
Boid Frame=
 0.97197	0.10079	0.21240	1.00790
-0.16295	0.94005	0.29959	9.40051
0.16947	0.32580	-0.93013	3.25799
0.00000	0.00000	0.00000	1.00000

boidNo = 14
boid Wall No = 1
position = = (-0.8, 9.9, 1.0)
Boid Radius= 10
Boid Frame=
 0.98391	-0.07761	0.16092	-0.77611
0.05973	0.99178	0.11314	9.91783
0.16838	0.10170	-0.98046	1.01704
0.00000	0.00000	0.00000	1.00000

boidNo = 15
boid Wall No = 1
position = = (-0.1, 9.8, 1.8)
Boid Radius= 10
Boid Frame=
 0.96387	-0.01203	-0.26609	-0.12030
0.06056	0.98272	0.17493	9.82716
-0.25938	0.18473	-0.94794	1.84726
0.00000	0.00000	0.00000	1.00000

boidNo = 16
boid Wall No = 1
position = = (-9.4, 2.9, -1.8)
Boid Radius= 10
Boid Frame=
 -0.32484	-0.94137	0.09110	-9.41373
-0.62988	0.28719	0.72165	2.87185
0.70550	-0.17704	0.68624	-1.77038
0.00000	0.00000	0.00000	1.00000

boidNo = 17
boid Wall No = 0
position = = (-1.5, -9.9, 0.2)
Boid Radius= 9.999999
Boid Frame=
 0.18140	-0.15052	-0.97182	-1.50517
-0.01219	-0.98849	0.15082	-9.88486
0.98333	0.01551	0.18115	0.15512
0.00000	0.00000	0.00000	1.00000

boidNo = 18
boid Wall No = 0
position = = (6.8, -7.3, 1.0)
Boid Radius= 9.999999
Boid Frame=
 -0.05601	0.67834	0.73261	6.78342
-0.19231	-0.72735	0.65877	-7.27350
-0.97973	0.10399	-0.17120	1.03990
0.00000	0.00000	0.00000	1.00000

boidNo = 19
boid Wall No = 1
position = = (-4.9, 3.3, -8.0)
Boid Radius= 10
Boid Frame=
 -0.73896	-0.49324	-0.45897	-4.93239
-0.64741	0.33120	0.68642	3.31197
0.18656	-0.80438	0.56407	-8.04378
0.00000	0.00000	0.00000	1.00000

