Iteration Num of Simuation:0
m_SimulationDeltaT of action plan:0
boidNo = 0
boid Wall No = 0
position = = (8.5, -3.4, 4.1)
Boid Radius= 10
Boid Frame=
 0.17675	0.84955	0.49702	8.49548
-0.54646	-0.33529	0.76744	-3.35292
-0.81862	0.40724	-0.40498	4.07244
0.00000	0.00000	0.00000	1.00000

boidNo = 1
boid Wall No = 0
position = = (7.1, -0.5, -7.0)
Boid Radius= 10
Boid Frame=
 -0.24147	0.70890	-0.66269	7.08899
-0.95534	-0.05380	0.29056	-0.53795
-0.17033	-0.70326	-0.69023	-7.03255
0.00000	0.00000	0.00000	1.00000

boidNo = 2
boid Wall No = 0
position = = (-10.0, -1.0, 0.1)
Boid Radius= 10
Boid Frame=
 0.06782	-0.99503	-0.07286	-9.95034
-0.57032	-0.09858	0.81548	-0.98585
0.81862	0.01375	0.57418	0.13749
0.00000	0.00000	0.00000	1.00000

boidNo = 3
boid Wall No = 0
position = = (5.9, -6.7, 4.5)
Boid Radius= 10
Boid Frame=
 0.34288	0.59425	0.72753	5.94255
-0.29410	-0.66763	0.68394	-6.67630
-0.89215	0.44848	0.05415	4.48476
0.00000	0.00000	0.00000	1.00000

boidNo = 4
boid Wall No = 0
position = = (9.1, -3.6, 2.0)
Boid Radius= 9.999999
Boid Frame=
 0.00693	0.91240	0.40924	9.12399
-0.47678	-0.35672	0.80339	-3.56725
-0.87900	0.20069	-0.43254	2.00687
0.00000	0.00000	0.00000	1.00000

boidNo = 5
boid Wall No = 0
position = = (1.4, -9.9, -0.5)
Boid Radius= 10
Boid Frame=
 -0.41877	0.14378	0.89664	1.43780
-0.01663	-0.98843	0.15073	-9.88435
-0.90794	-0.04821	-0.41632	-0.48214
0.00000	0.00000	0.00000	1.00000

boidNo = 6
boid Wall No = 1
position = = (-2.0, 9.7, 1.2)
Boid Radius= 10
Boid Frame=
 -0.33597	-0.20208	0.91994	-2.02080
-0.18786	0.97147	0.14479	9.71466
0.92295	0.12417	0.36435	1.24170
0.00000	0.00000	0.00000	1.00000

boidNo = 7
boid Wall No = 0
position = = (-6.5, -5.9, -4.8)
Boid Radius= 10
Boid Frame=
 0.10740	-0.64665	-0.75519	-6.46647
-0.69477	-0.59215	0.40824	-5.92150
0.71117	-0.48084	0.51286	-4.80840
0.00000	0.00000	0.00000	1.00000

boidNo = 8
boid Wall No = 0
position = = (-2.8, -1.7, -9.5)
Boid Radius= 10
Boid Frame=
 -0.76950	-0.27719	-0.57536	-2.77189
-0.54959	-0.17147	0.81765	-1.71469
0.32530	-0.94539	0.02039	-9.45391
0.00000	0.00000	0.00000	1.00000

boidNo = 9
boid Wall No = 1
position = = (2.8, 0.1, 9.6)
Boid Radius= 10
Boid Frame=
 0.37318	0.27768	0.88523	2.77685
-0.92211	0.00591	0.38688	0.05907
-0.10220	0.96065	-0.25826	9.60654
0.00000	0.00000	0.00000	1.00000

boidNo = 10
boid Wall No = 1
position = = (-2.3, 9.7, 0.9)
Boid Radius= 10
Boid Frame=
 -0.33576	-0.23256	0.91279	-2.32563
-0.16329	0.96874	0.18675	9.68741
0.92769	0.08634	0.36324	0.86344
0.00000	0.00000	0.00000	1.00000

boidNo = 11
boid Wall No = 0
position = = (-5.8, -7.2, -3.9)
Boid Radius= 10
Boid Frame=
 -0.28810	-0.57911	-0.76265	-5.79107
-0.26633	-0.71654	0.64470	-7.16538
0.91982	-0.38886	-0.05221	-3.88855
0.00000	0.00000	0.00000	1.00000

boidNo = 12
boid Wall No = 0
position = = (-0.6, -4.2, 9.1)
Boid Radius= 10
Boid Frame=
 0.81271	-0.06058	0.57951	-0.60582
-0.54817	-0.41662	0.72521	-4.16624
-0.19750	0.90706	0.37180	9.07058
0.00000	0.00000	0.00000	1.00000

boidNo = 13
boid Wall No = 1
position = = (9.0, 2.4, -3.5)
Boid Radius= 10
Boid Frame=
 -0.11619	0.90409	-0.41125	9.04087
-0.66140	0.23847	0.71112	2.38468
-0.74098	-0.35463	-0.57025	-3.54627
0.00000	0.00000	0.00000	1.00000

boidNo = 14
boid Wall No = 0
position = = (-0.5, -8.7, -4.9)
Boid Radius= 10
Boid Frame=
 -0.98044	-0.04945	0.19049	-0.49449
0.13568	-0.87095	0.47227	-8.70951
-0.14256	-0.48888	-0.86063	-4.88876
0.00000	0.00000	0.00000	1.00000

boidNo = 15
boid Wall No = 0
position = = (-2.2, -9.3, 2.8)
Boid Radius= 10
Boid Frame=
 0.81060	-0.22168	-0.54202	-2.21683
-0.01465	-0.93297	0.35966	-9.32968
0.58542	0.28360	0.75951	2.83599
0.00000	0.00000	0.00000	1.00000

boidNo = 16
boid Wall No = 1
position = = (-1.6, 9.7, 2.0)
Boid Radius= 10
Boid Frame=
 0.07579	-0.15999	0.98420	-1.59991
-0.18882	0.96688	0.17171	9.66882
0.97908	0.19885	-0.04307	1.98850
0.00000	0.00000	0.00000	1.00000

boidNo = 17
boid Wall No = 1
position = = (-5.2, 8.2, 2.6)
Boid Radius= 10
Boid Frame=
 -0.48484	-0.51590	0.70625	-5.15896
-0.52437	0.81774	0.23735	8.17737
0.69997	0.25526	0.66699	2.55259
0.00000	0.00000	0.00000	1.00000

boidNo = 18
boid Wall No = 0
position = = (0.3, -10.0, 0.1)
Boid Radius= 10
Boid Frame=
 0.81352	0.03025	0.58075	0.30252
0.01729	-0.99946	0.02784	-9.99463
-0.58128	0.01261	0.81360	0.12608
0.00000	0.00000	0.00000	1.00000

boidNo = 19
boid Wall No = 0
position = = (3.6, -9.3, 0.1)
Boid Radius= 10
Boid Frame=
 -0.33811	0.35713	0.87071	3.57133
-0.14093	-0.93398	0.32836	-9.33980
-0.93049	0.01169	-0.36612	0.11691
0.00000	0.00000	0.00000	1.00000

