Iteration Num of Simuation:0
m_SimulationDeltaT of action plan:0
boidNo = 0
boid Wall No = 1
position = = (2.7, 9.4, 1.9)
Boid Radius= 9.999999
Boid Frame=
 0.60675	0.27324	-0.74646	2.73236
-0.01847	0.94366	0.33040	9.43659
-0.79468	0.18668	-0.57761	1.86681
0.00000	0.00000	0.00000	1.00000

boidNo = 1
boid Wall No = 1
position = = (5.0, 1.5, -8.5)
Boid Radius= 10
Boid Frame=
 -0.61136	0.49924	-0.61400	4.99239
-0.63423	0.15493	0.75747	1.54925
-0.47328	-0.85250	-0.22191	-8.52502
0.00000	0.00000	0.00000	1.00000

boidNo = 2
boid Wall No = 0
position = = (-0.6, -10.0, 0.1)
Boid Radius= 10
Boid Frame=
 0.46034	-0.05754	-0.88588	-0.57539
-0.01395	-0.99824	0.05759	-9.98243
0.88763	0.01415	0.46033	0.14147
0.00000	0.00000	0.00000	1.00000

boidNo = 3
boid Wall No = 0
position = = (5.8, -8.0, 1.5)
Boid Radius= 10
Boid Frame=
 0.23617	0.57707	0.78180	5.77073
-0.01436	-0.80240	0.59662	-8.02399
-0.97161	0.15213	0.18122	1.52129
0.00000	0.00000	0.00000	1.00000

boidNo = 4
boid Wall No = 0
position = = (-5.7, -5.3, -6.2)
Boid Radius= 9.999999
Boid Frame=
 -0.21669	-0.57149	-0.79148	-5.71489
-0.63649	-0.53203	0.55841	-5.32032
0.74022	-0.62477	0.24846	-6.24773
0.00000	0.00000	0.00000	1.00000

boidNo = 5
boid Wall No = 1
position = = (5.8, 4.3, -6.9)
Boid Radius= 10
Boid Frame=
 -0.13898	0.58432	-0.79954	5.84317
-0.78135	0.43133	0.45104	4.31334
-0.60842	-0.68740	-0.39661	-6.87404
0.00000	0.00000	0.00000	1.00000

boidNo = 6
boid Wall No = 0
position = = (0.5, -8.9, 4.6)
Boid Radius= 10
Boid Frame=
 0.86100	0.04786	0.50635	0.47857
-0.19446	-0.88894	0.41468	-8.88945
-0.46996	0.45551	0.75608	4.55508
0.00000	0.00000	0.00000	1.00000

boidNo = 7
boid Wall No = 1
position = = (8.4, 1.1, -5.4)
Boid Radius= 10
Boid Frame=
 -0.33189	0.83744	-0.43422	8.37438
-0.67974	0.10685	0.72563	1.06852
-0.65406	-0.53598	-0.53378	-5.35985
0.00000	0.00000	0.00000	1.00000

boidNo = 8
boid Wall No = 0
position = = (-6.3, -0.9, -7.7)
Boid Radius= 10
Boid Frame=
 -0.23831	-0.63048	-0.73872	-6.30479
-0.92218	-0.09169	0.37574	-0.91690
0.30463	-0.77077	0.55956	-7.70772
0.00000	0.00000	0.00000	1.00000

boidNo = 9
boid Wall No = 1
position = = (-7.0, 6.0, 4.0)
Boid Radius= 10
Boid Frame=
 -0.05639	-0.69697	0.71488	-6.96975
-0.59935	0.59628	0.53407	5.96279
0.79850	0.39834	0.45135	3.98343
0.00000	0.00000	0.00000	1.00000

boidNo = 10
boid Wall No = 1
position = = (3.7, 1.2, 9.2)
Boid Radius= 10
Boid Frame=
 0.56545	0.36781	0.73823	3.67814
-0.81565	0.11652	0.56669	1.16520
-0.12242	0.92257	-0.36589	9.22570
0.00000	0.00000	0.00000	1.00000

boidNo = 11
boid Wall No = 0
position = = (-4.8, -8.3, 3.0)
Boid Radius= 10
Boid Frame=
 0.86018	-0.47570	0.18383	-4.75705
-0.50839	-0.82837	0.23525	-8.28371
-0.04036	0.29582	0.95439	2.95817
0.00000	0.00000	0.00000	1.00000

boidNo = 12
boid Wall No = 1
position = = (7.0, 4.2, -5.8)
Boid Radius= 10
Boid Frame=
 -0.20412	0.69804	-0.68635	6.98043
-0.65460	0.42398	0.62589	4.23981
-0.72789	-0.57704	-0.37040	-5.77040
0.00000	0.00000	0.00000	1.00000

boidNo = 13
boid Wall No = 1
position = = (2.8, 9.5, 1.6)
Boid Radius= 10
Boid Frame=
 0.51248	0.28419	-0.81031	2.84187
-0.01255	0.94603	0.32385	9.46026
-0.85861	0.15579	-0.48838	1.55794
0.00000	0.00000	0.00000	1.00000

boidNo = 14
boid Wall No = 1
position = = (1.6, 8.7, -4.6)
Boid Radius= 10
Boid Frame=
 -0.50203	0.16472	-0.84902	1.64721
-0.32367	0.87457	0.36107	8.74566
-0.80200	-0.45607	0.38574	-4.56072
0.00000	0.00000	0.00000	1.00000

boidNo = 15
boid Wall No = 1
position = = (0.2, 9.3, 3.8)
Boid Radius= 10
Boid Frame=
 0.99952	0.01753	-0.02563	0.17528
-0.00648	0.92502	0.37988	9.25015
-0.03037	0.37953	-0.92468	3.79526
0.00000	0.00000	0.00000	1.00000

boidNo = 16
boid Wall No = 0
position = = (-5.7, -8.2, 0.2)
Boid Radius= 10
Boid Frame=
 0.30456	-0.57306	-0.76082	-5.73057
-0.18704	-0.81920	0.54215	-8.19198
0.93395	0.02282	0.35668	0.22817
0.00000	0.00000	0.00000	1.00000

boidNo = 17
boid Wall No = 0
position = = (-3.3, -4.8, -8.1)
Boid Radius= 10
Boid Frame=
 -0.65006	-0.32773	-0.68558	-3.27727
-0.50962	-0.48122	0.71325	-4.81217
0.56366	-0.81303	-0.14580	-8.13035
0.00000	0.00000	0.00000	1.00000

boidNo = 18
boid Wall No = 0
position = = (1.3, -9.9, 0.6)
Boid Radius= 9.999999
Boid Frame=
 0.28148	0.12928	0.95082	1.29283
-0.01935	-0.98992	0.14033	-9.89916
-0.95937	0.05790	0.27614	0.57896
0.00000	0.00000	0.00000	1.00000

boidNo = 19
boid Wall No = 0
position = = (-2.2, -9.6, -1.9)
Boid Radius= 10
Boid Frame=
 -0.77385	-0.22136	-0.59342	-2.21362
0.05476	-0.95681	0.28550	-9.56813
0.63099	-0.18844	-0.75255	-1.88438
0.00000	0.00000	0.00000	1.00000

