Iteration Num of Simuation:0
m_SimulationDeltaT of action plan:0
boidNo = 0
boid Wall No = 1
position = = (-2.0, 5.0, 8.4)
Boid Radius= 9.999999
Boid Frame=
 0.62361	-0.20432	0.75456	-2.04324
-0.59409	0.50350	0.62733	5.03495
0.50810	0.83949	-0.19260	8.39491
0.00000	0.00000	0.00000	1.00000

boidNo = 1
boid Wall No = 0
position = = (6.1, -7.7, -1.5)
Boid Radius= 10
Boid Frame=
 -0.31026	0.61476	0.72513	6.14755
-0.06011	-0.77393	0.63041	-7.73932
-0.94875	-0.15201	-0.27707	-1.52007
0.00000	0.00000	0.00000	1.00000

boidNo = 2
boid Wall No = 1
position = = (2.9, 0.4, -9.6)
Boid Radius= 10
Boid Frame=
 -0.73720	0.28750	-0.61146	2.87496
-0.62960	0.03615	0.77608	0.36155
-0.24523	-0.95710	-0.15435	-9.57099
0.00000	0.00000	0.00000	1.00000

boidNo = 3
boid Wall No = 1
position = = (-2.3, 8.5, -4.7)
Boid Radius= 10
Boid Frame=
 -0.97159	-0.23437	-0.03296	-2.34370
-0.22124	0.84990	0.47826	8.49896
0.08407	-0.47196	0.87760	-4.71961
0.00000	0.00000	0.00000	1.00000

boidNo = 4
boid Wall No = 1
position = = (1.7, 9.9, 0.0)
Boid Radius= 10
Boid Frame=
 -0.39089	0.16696	-0.90517	1.66961
0.06476	0.98596	0.15390	9.85962
-0.91816	-0.00154	0.39622	-0.01543
0.00000	0.00000	0.00000	1.00000

boidNo = 5
boid Wall No = 1
position = = (5.3, 8.5, 0.3)
Boid Radius= 10
Boid Frame=
 0.33033	0.52940	-0.78142	5.29404
-0.17277	0.84782	0.50135	8.47818
-0.92792	0.03061	-0.37153	0.30607
0.00000	0.00000	0.00000	1.00000

boidNo = 6
boid Wall No = 1
position = = (-4.1, 7.1, -5.7)
Boid Radius= 10
Boid Frame=
 -0.75843	-0.40996	-0.50667	-4.09961
-0.61392	0.71038	0.34419	7.10378
-0.21883	-0.57210	0.79046	-5.72097
0.00000	0.00000	0.00000	1.00000

boidNo = 7
boid Wall No = 0
position = = (-4.0, -2.1, 8.9)
Boid Radius= 10
Boid Frame=
 0.25272	-0.39560	0.88297	-3.95604
-0.96048	-0.21259	0.17966	-2.12588
-0.11663	0.89348	0.43370	8.93479
0.00000	0.00000	0.00000	1.00000

boidNo = 8
boid Wall No = 0
position = = (-4.2, -6.0, -6.8)
Boid Radius= 10
Boid Frame=
 0.46892	-0.42128	-0.77630	-4.21280
-0.78356	-0.60403	-0.14551	-6.04033
0.40761	-0.67651	0.61334	-6.76511
0.00000	0.00000	0.00000	1.00000

boidNo = 9
boid Wall No = 1
position = = (-1.6, 5.7, 8.0)
Boid Radius= 10
Boid Frame=
 0.64772	-0.15715	0.74550	-1.57153
-0.55445	0.57387	0.60271	5.73870
0.52253	0.80373	-0.28457	8.03727
0.00000	0.00000	0.00000	1.00000

boidNo = 10
boid Wall No = 1
position = = (-1.2, 7.5, 6.5)
Boid Radius= 10
Boid Frame=
 0.75284	-0.11979	0.64721	-1.19793
-0.35722	0.75153	0.55462	7.51526
0.55283	0.64874	-0.52299	6.48736
0.00000	0.00000	0.00000	1.00000

boidNo = 11
boid Wall No = 0
position = = (9.1, -3.8, -1.7)
Boid Radius= 10
Boid Frame=
 -0.34872	0.90771	0.23337	9.07708
-0.46725	-0.38423	0.79627	-3.84226
-0.81245	-0.16863	-0.55812	-1.68633
0.00000	0.00000	0.00000	1.00000

boidNo = 12
boid Wall No = 0
position = = (9.2, -3.3, -2.1)
Boid Radius= 10
Boid Frame=
 -0.37480	0.92144	0.10236	9.21437
-0.61025	-0.32832	0.72097	-3.28318
-0.69794	-0.20775	-0.68536	-2.07754
0.00000	0.00000	0.00000	1.00000

boidNo = 13
boid Wall No = 0
position = = (5.7, -3.8, -7.3)
Boid Radius= 10
Boid Frame=
 -0.78933	0.56689	-0.23578	5.66887
-0.50305	-0.37699	0.77770	-3.76985
-0.35198	-0.73248	-0.58274	-7.32476
0.00000	0.00000	0.00000	1.00000

boidNo = 14
boid Wall No = 1
position = = (-7.9, 6.0, -1.5)
Boid Radius= 10
Boid Frame=
 -0.55947	-0.78521	0.26541	-7.85209
-0.58371	0.60059	0.54642	6.00593
0.58845	-0.15078	0.79435	-1.50779
0.00000	0.00000	0.00000	1.00000

boidNo = 15
boid Wall No = 1
position = = (6.1, 7.5, 2.7)
Boid Radius= 10
Boid Frame=
 0.79553	0.60549	-0.02267	6.05494
-0.55922	0.74810	0.35724	7.48102
-0.23326	0.27152	-0.93374	2.71516
0.00000	0.00000	0.00000	1.00000

boidNo = 16
boid Wall No = 1
position = = (-3.1, 8.9, 3.4)
Boid Radius= 10
Boid Frame=
 0.43951	-0.31420	0.84150	-3.14196
-0.17856	0.88757	0.42466	8.87571
0.88031	0.33690	-0.33399	3.36897
0.00000	0.00000	0.00000	1.00000

boidNo = 17
boid Wall No = 1
position = = (-2.4, 8.6, -4.6)
Boid Radius= 10
Boid Frame=
 -0.97077	-0.23987	-0.00841	-2.39872
-0.21542	0.85530	0.47122	8.55304
0.10584	-0.45926	0.88198	-4.59256
0.00000	0.00000	0.00000	1.00000

boidNo = 18
boid Wall No = 0
position = = (-0.2, -10.0, 0.2)
Boid Radius= 10
Boid Frame=
 0.64325	-0.01680	-0.76547	-0.16800
0.00324	-0.99969	0.02466	-9.99691
0.76565	0.01834	0.64300	0.18341
0.00000	0.00000	0.00000	1.00000

boidNo = 19
boid Wall No = 0
position = = (-2.1, -2.0, 9.6)
Boid Radius= 10
Boid Frame=
 0.61784	-0.20899	0.75803	-2.08988
-0.78560	-0.20485	0.58384	-2.04845
-0.03326	0.95622	0.29074	9.56223
0.00000	0.00000	0.00000	1.00000

