Iteration Num of Simuation:0
m_SimulationDeltaT of action plan:0
boidNo = 0
boid Wall No = 1
position = = (8.1, 1.8, 5.6)
Boid Radius= 10
Boid Frame=
 0.50274	0.80659	0.31090	8.06595
-0.70913	0.17913	0.68195	1.79126
-0.49437	0.56331	-0.66203	5.63310
0.00000	0.00000	0.00000	1.00000

boidNo = 1
boid Wall No = 1
position = = (6.8, 5.4, 5.0)
Boid Radius= 10
Boid Frame=
 0.71562	0.67656	0.17369	6.76556
-0.64385	0.54250	0.53958	5.42505
-0.27083	0.49796	-0.82383	4.97957
0.00000	0.00000	0.00000	1.00000

boidNo = 2
boid Wall No = 1
position = = (-5.2, 6.5, -5.6)
Boid Radius= 10
Boid Frame=
 -0.85503	-0.51614	0.05023	-5.16140
-0.35150	0.64804	0.67564	6.48044
0.38127	-0.56003	0.73552	-5.60034
0.00000	0.00000	0.00000	1.00000

boidNo = 3
boid Wall No = 1
position = = (1.0, 9.7, 2.4)
Boid Radius= 10
Boid Frame=
 0.99170	0.10163	-0.07870	1.01629
-0.07969	0.96651	0.24394	9.66510
-0.10085	0.23565	-0.96659	2.35649
0.00000	0.00000	0.00000	1.00000

boidNo = 4
boid Wall No = 1
position = = (4.7, 7.2, -5.2)
Boid Radius= 10
Boid Frame=
 -0.46451	0.46677	-0.75257	4.66768
-0.30091	0.71606	0.62985	7.16058
-0.83288	-0.51903	0.19216	-5.19027
0.00000	0.00000	0.00000	1.00000

boidNo = 5
boid Wall No = 0
position = = (2.3, -8.3, -5.1)
Boid Radius= 10
Boid Frame=
 -0.88356	0.22856	0.40877	2.28556
0.04510	-0.82725	0.56002	-8.27248
-0.46615	-0.51325	-0.72061	-5.13248
0.00000	0.00000	0.00000	1.00000

boidNo = 6
boid Wall No = 1
position = = (-1.1, 9.9, 0.0)
Boid Radius= 10
Boid Frame=
 -0.46439	-0.10934	0.87886	-1.09339
-0.05109	0.99400	0.09667	9.94005
0.88416	0.00001	0.46719	0.00010
0.00000	0.00000	0.00000	1.00000

boidNo = 7
boid Wall No = 0
position = = (7.3, -0.2, 6.9)
Boid Radius= 10
Boid Frame=
 0.31182	0.72799	0.61057	7.27993
-0.87842	-0.02405	0.47728	-0.24051
-0.36214	0.68516	-0.63198	6.85163
0.00000	0.00000	0.00000	1.00000

boidNo = 8
boid Wall No = 1
position = = (-4.8, 6.7, -5.6)
Boid Radius= 10
Boid Frame=
 -0.87606	-0.47929	0.05289	-4.79292
-0.32746	0.67185	0.66436	6.71854
0.35396	-0.56471	0.74553	-5.64705
0.00000	0.00000	0.00000	1.00000

boidNo = 9
boid Wall No = 1
position = = (-8.9, 3.0, 3.4)
Boid Radius= 10
Boid Frame=
 0.10238	-0.88845	0.44741	-8.88449
-0.59786	0.30452	0.74151	3.04521
0.79504	0.34340	0.49999	3.43404
0.00000	0.00000	0.00000	1.00000

boidNo = 10
boid Wall No = 1
position = = (7.3, 4.6, 5.1)
Boid Radius= 10
Boid Frame=
 0.67369	0.72861	0.12356	7.28607
-0.61233	0.45674	0.64532	4.56741
-0.41375	0.51041	-0.75385	5.10410
0.00000	0.00000	0.00000	1.00000

boidNo = 11
boid Wall No = 0
position = = (-2.2, -9.7, 0.0)
Boid Radius= 10
Boid Frame=
 0.21815	-0.22491	-0.94965	-2.24910
-0.04585	-0.97437	0.22023	-9.74369
0.97484	0.00450	0.22287	0.04502
0.00000	0.00000	0.00000	1.00000

boidNo = 12
boid Wall No = 0
position = = (-4.3, -8.6, 2.9)
Boid Radius= 10
Boid Frame=
 0.36647	-0.42824	-0.82602	-4.28239
0.12515	-0.85703	0.49984	-8.57030
0.92197	0.28655	0.26049	2.86550
0.00000	0.00000	0.00000	1.00000

boidNo = 13
boid Wall No = 0
position = = (9.2, -2.7, 3.0)
Boid Radius= 10
Boid Frame=
 -0.06139	0.91636	0.39562	9.16359
-0.82323	-0.27061	0.49905	-2.70614
-0.56437	0.29505	-0.77099	2.95050
0.00000	0.00000	0.00000	1.00000

boidNo = 14
boid Wall No = 0
position = = (5.3, -8.4, -1.2)
Boid Radius= 10
Boid Frame=
 -0.68890	0.53411	-0.49004	5.34108
-0.51367	-0.83672	-0.18984	-8.36722
0.51142	-0.12093	-0.85078	-1.20935
0.00000	0.00000	0.00000	1.00000

boidNo = 15
boid Wall No = 0
position = = (-0.4, -9.9, -1.4)
Boid Radius= 10
Boid Frame=
 -0.94263	-0.03915	-0.33153	-0.39148
-0.01022	-0.98925	0.14587	-9.89251
0.33368	-0.14089	-0.93210	-1.40890
0.00000	0.00000	0.00000	1.00000

boidNo = 16
boid Wall No = 0
position = = (3.4, -6.9, -6.4)
Boid Radius= 10
Boid Frame=
 -0.93772	0.33843	0.07839	3.38431
-0.18933	-0.68709	0.70147	-6.87093
-0.29126	-0.64294	-0.70838	-6.42938
0.00000	0.00000	0.00000	1.00000

boidNo = 17
boid Wall No = 1
position = = (0.9, 8.5, 5.1)
Boid Radius= 10
Boid Frame=
 0.99487	0.09228	0.04147	0.92280
-0.10045	0.85226	0.51338	8.52259
-0.01203	0.51492	-0.85716	5.14917
0.00000	0.00000	0.00000	1.00000

boidNo = 18
boid Wall No = 0
position = = (-2.7, -0.3, -9.6)
Boid Radius= 10
Boid Frame=
 -0.62375	-0.26797	-0.73425	-2.67973
-0.75696	-0.02703	0.65291	-0.27028
0.19481	-0.96305	0.18598	-9.63047
0.00000	0.00000	0.00000	1.00000

boidNo = 19
boid Wall No = 0
position = = (5.3, -8.4, 1.4)
Boid Radius= 10
Boid Frame=
 0.35020	0.53335	0.77000	5.33347
0.07248	-0.83502	0.54542	-8.35023
-0.93387	0.13519	0.33108	1.35195
0.00000	0.00000	0.00000	1.00000

