Iteration Num of Simuation:0
m_SimulationDeltaT of action plan:0
boidNo = 0
boid Wall No = 1
position = = (-9.6, 2.3, 1.3)
Boid Radius= 10
Boid Frame=
 -0.03405	-0.96446	0.26203	-9.64459
-0.60353	0.22883	0.76380	2.28825
0.79662	0.13213	0.58987	1.32132
0.00000	0.00000	0.00000	1.00000

boidNo = 1
boid Wall No = 0
position = = (-2.4, -8.4, 4.9)
Boid Radius= 10
Boid Frame=
 0.92852	-0.24404	-0.27983	-2.44035
-0.05501	-0.83576	0.54633	-8.35765
0.36719	0.49188	0.78945	4.91878
0.00000	0.00000	0.00000	1.00000

boidNo = 2
boid Wall No = 1
position = = (6.2, 7.9, -0.2)
Boid Radius= 10
Boid Frame=
 0.63190	0.61734	-0.46861	6.17345
-0.51452	0.78630	0.34207	7.86297
-0.57964	-0.02496	-0.81449	-0.24957
0.00000	0.00000	0.00000	1.00000

boidNo = 3
boid Wall No = 0
position = = (-8.0, -5.2, 2.9)
Boid Radius= 10
Boid Frame=
 0.53607	-0.80305	-0.26025	-8.03055
-0.42236	-0.52208	0.74098	-5.22078
0.73092	0.28729	0.61905	2.87293
0.00000	0.00000	0.00000	1.00000

boidNo = 4
boid Wall No = 0
position = = (-3.0, -1.5, -9.4)
Boid Radius= 10
Boid Frame=
 -0.39854	-0.29535	-0.86829	-2.95348
-0.87858	-0.14871	0.45385	-1.48706
0.26316	-0.94375	0.20022	-9.43746
0.00000	0.00000	0.00000	1.00000

boidNo = 5
boid Wall No = 1
position = = (-1.9, 8.4, 5.0)
Boid Radius= 10
Boid Frame=
 0.82731	-0.19189	0.52796	-1.91893
-0.13677	0.84276	0.52062	8.42761
0.54485	0.50292	-0.67098	5.02923
0.00000	0.00000	0.00000	1.00000

boidNo = 6
boid Wall No = 1
position = = (-1.6, 6.6, 7.4)
Boid Radius= 10
Boid Frame=
 0.59534	-0.16232	0.78691	-1.62324
-0.52875	0.65828	0.53582	6.58275
0.60498	0.73507	-0.30607	7.35068
0.00000	0.00000	0.00000	1.00000

boidNo = 7
boid Wall No = 1
position = = (7.4, 1.8, -6.5)
Boid Radius= 10
Boid Frame=
 -0.17826	0.74062	-0.64785	7.40619
-0.87477	0.18219	0.44897	1.82193
-0.45055	-0.64675	-0.61540	-6.46753
0.00000	0.00000	0.00000	1.00000

boidNo = 8
boid Wall No = 1
position = = (-5.7, 7.6, -3.1)
Boid Radius= 9.999999
Boid Frame=
 -0.68629	-0.56880	0.45329	-5.68803
-0.22863	0.76034	0.60795	7.60344
0.69046	-0.31359	0.65186	-3.13594
0.00000	0.00000	0.00000	1.00000

boidNo = 9
boid Wall No = 1
position = = (-3.0, 9.4, -1.2)
Boid Radius= 10
Boid Frame=
 -0.70043	-0.30487	0.64532	-3.04874
-0.13352	0.94419	0.30114	9.44185
0.70112	-0.12476	0.70205	-1.24764
0.00000	0.00000	0.00000	1.00000

boidNo = 10
boid Wall No = 1
position = = (-0.4, 9.1, 4.1)
Boid Radius= 10
Boid Frame=
 0.66706	-0.03802	0.74404	-0.38016
-0.28480	0.90983	0.30182	9.09834
0.68842	0.41323	-0.59608	4.13228
0.00000	0.00000	0.00000	1.00000

boidNo = 11
boid Wall No = 0
position = = (0.1, -10.0, -0.7)
Boid Radius= 10
Boid Frame=
 -0.99482	0.01032	-0.10116	0.10316
-0.01765	-0.99725	0.07192	-9.97254
0.10014	-0.07333	-0.99227	-0.73332
0.00000	0.00000	0.00000	1.00000

boidNo = 12
boid Wall No = 0
position = = (0.2, -9.4, 3.4)
Boid Radius= 10
Boid Frame=
 0.91576	0.02463	-0.40097	0.24626
0.15881	-0.93901	0.30504	-9.39006
0.36900	0.34302	0.86382	3.43019
0.00000	0.00000	0.00000	1.00000

boidNo = 13
boid Wall No = 1
position = = (-3.1, 8.6, -4.0)
Boid Radius= 10
Boid Frame=
 -0.95130	-0.30809	0.01070	-3.08092
-0.27532	0.86468	0.42015	8.64682
0.13870	-0.39674	0.90739	-3.96741
0.00000	0.00000	0.00000	1.00000

boidNo = 14
boid Wall No = 0
position = = (1.4, -9.8, 1.4)
Boid Radius= 10
Boid Frame=
 0.74581	0.13903	0.65149	1.39028
0.01293	-0.98082	0.19450	-9.80816
-0.66603	0.13664	0.73330	1.36640
0.00000	0.00000	0.00000	1.00000

boidNo = 15
boid Wall No = 0
position = = (3.7, -0.1, -9.3)
Boid Radius= 10
Boid Frame=
 -0.73743	0.37013	-0.56498	3.70127
-0.61215	-0.01275	0.79064	-0.12754
-0.28543	-0.92889	-0.23598	-9.28894
0.00000	0.00000	0.00000	1.00000

boidNo = 16
boid Wall No = 0
position = = (4.6, -8.7, 1.9)
Boid Radius= 10
Boid Frame=
 0.13968	0.45504	0.87945	4.55045
-0.13663	-0.87080	0.47227	-8.70799
-0.98072	0.18613	0.05946	1.86128
0.00000	0.00000	0.00000	1.00000

boidNo = 17
boid Wall No = 1
position = = (-5.7, 2.9, -7.7)
Boid Radius= 10
Boid Frame=
 -0.73007	-0.57163	-0.37449	-5.71627
-0.60594	0.28812	0.74150	2.88116
0.31596	-0.76827	0.55672	-7.68266
0.00000	0.00000	0.00000	1.00000

boidNo = 18
boid Wall No = 1
position = = (1.2, 6.7, -7.3)
Boid Radius= 10
Boid Frame=
 -0.82294	0.11992	-0.55533	1.19924
-0.34514	0.67089	0.65634	6.70892
-0.45128	-0.73179	0.51071	-7.31794
0.00000	0.00000	0.00000	1.00000

boidNo = 19
boid Wall No = 1
position = = (1.6, 9.7, -1.5)
Boid Radius= 10
Boid Frame=
 0.25554	0.16256	-0.95303	1.62565
-0.19276	0.97454	0.11455	9.74537
-0.94739	-0.15443	-0.28036	-1.54434
0.00000	0.00000	0.00000	1.00000

