Iteration Num of Simuation:0
m_SimulationDeltaT of action plan:0
boidNo = 0
boid Wall No = 0
position = = (-6.4, -7.6, 1.5)
Boid Radius= 10
Boid Frame=
 0.52324	-0.63574	-0.56750	-6.35739
-0.28014	-0.75724	0.59001	-7.57242
0.80483	0.14973	0.57431	1.49735
0.00000	0.00000	0.00000	1.00000

boidNo = 1
boid Wall No = 1
position = = (-5.0, 0.3, -8.6)
Boid Radius= 10
Boid Frame=
 -0.63358	-0.50175	-0.58891	-5.01753
-0.69295	0.02948	0.72039	0.29479
0.34410	-0.86451	0.36636	-8.64509
0.00000	0.00000	0.00000	1.00000

boidNo = 2
boid Wall No = 1
position = = (8.4, 2.6, 4.7)
Boid Radius= 10
Boid Frame=
 0.51084	0.84408	0.16302	8.44079
-0.66047	0.26396	0.70292	2.63962
-0.55029	0.46675	-0.69233	4.66749
0.00000	0.00000	0.00000	1.00000

boidNo = 3
boid Wall No = 1
position = = (5.5, 6.8, -5.0)
Boid Radius= 10
Boid Frame=
 -0.30248	0.54540	-0.78170	5.45397
-0.39217	0.67627	0.62359	6.76270
-0.86874	-0.49518	-0.00933	-4.95178
0.00000	0.00000	0.00000	1.00000

boidNo = 4
boid Wall No = 0
position = = (5.5, -8.3, -1.0)
Boid Radius= 10
Boid Frame=
 -0.38436	0.54988	0.74155	5.49880
-0.14977	-0.82976	0.53766	-8.29756
-0.91095	-0.09559	-0.40128	-0.95590
0.00000	0.00000	0.00000	1.00000

boidNo = 5
boid Wall No = 1
position = = (-0.6, 0.6, 10.0)
Boid Radius= 10
Boid Frame=
 0.73741	-0.06070	0.67271	-0.60704
-0.67029	0.05702	0.73991	0.57016
0.08327	0.99653	-0.00136	9.96526
0.00000	0.00000	0.00000	1.00000

boidNo = 6
boid Wall No = 1
position = = (-2.3, 6.7, -7.1)
Boid Radius= 10
Boid Frame=
 -0.82819	-0.22564	-0.51302	-2.25645
-0.51513	0.66709	0.53818	6.67088
-0.22079	-0.70999	0.66871	-7.09985
0.00000	0.00000	0.00000	1.00000

boidNo = 7
boid Wall No = 1
position = = (5.4, 7.6, -3.6)
Boid Radius= 10
Boid Frame=
 -0.23866	0.53962	-0.80737	5.39620
-0.26955	0.76192	0.58892	7.61918
-0.93294	-0.35818	0.03638	-3.58178
0.00000	0.00000	0.00000	1.00000

boidNo = 8
boid Wall No = 0
position = = (-2.3, -8.7, 4.3)
Boid Radius= 10
Boid Frame=
 0.96588	-0.23104	0.11707	-2.31041
-0.25891	-0.87389	0.41143	-8.73895
-0.00725	0.42770	0.90389	4.27702
0.00000	0.00000	0.00000	1.00000

boidNo = 9
boid Wall No = 0
position = = (-4.4, -8.9, -1.4)
Boid Radius= 10
Boid Frame=
 -0.13175	-0.43504	-0.89072	-4.35037
-0.09160	-0.88937	0.44792	-8.89367
0.98704	-0.14060	-0.07732	-1.40603
0.00000	0.00000	0.00000	1.00000

boidNo = 10
boid Wall No = 0
position = = (-4.2, -9.1, -0.1)
Boid Radius= 10
Boid Frame=
 -0.36706	-0.42425	-0.82782	-4.24246
0.16239	-0.90550	0.39205	-9.05497
0.91591	-0.00948	-0.40127	-0.09477
0.00000	0.00000	0.00000	1.00000

boidNo = 11
boid Wall No = 1
position = = (6.8, 0.7, 7.3)
Boid Radius= 10
Boid Frame=
 0.55223	0.67586	0.48811	6.75863
-0.70570	0.06722	0.70532	0.67222
-0.44389	0.73396	-0.51408	7.33955
0.00000	0.00000	0.00000	1.00000

boidNo = 12
boid Wall No = 0
position = = (1.8, -9.8, -0.7)
Boid Radius= 10
Boid Frame=
 -0.46568	0.18189	0.86606	1.81887
-0.02509	-0.98097	0.19253	-9.80971
-0.88460	-0.06792	-0.46138	-0.67925
0.00000	0.00000	0.00000	1.00000

boidNo = 13
boid Wall No = 0
position = = (-6.4, -6.6, -4.0)
Boid Radius= 10
Boid Frame=
 0.67625	-0.63786	-0.36855	-6.37858
-0.72684	-0.65918	-0.19282	-6.59179
0.11994	-0.39827	0.90939	-3.98272
0.00000	0.00000	0.00000	1.00000

boidNo = 14
boid Wall No = 1
position = = (8.2, 3.9, -4.2)
Boid Radius= 9.999999
Boid Frame=
 -0.07227	0.81706	-0.57200	8.17064
-0.65877	0.39150	0.64246	3.91497
-0.74887	-0.42324	-0.50996	-4.23245
0.00000	0.00000	0.00000	1.00000

boidNo = 15
boid Wall No = 1
position = = (-8.4, 5.3, 1.5)
Boid Radius= 10
Boid Frame=
 -0.15653	-0.83661	0.52496	-8.36612
-0.49379	0.52660	0.69200	5.26601
0.85538	0.15090	0.49554	1.50903
0.00000	0.00000	0.00000	1.00000

boidNo = 16
boid Wall No = 1
position = = (-1.6, 6.2, 7.7)
Boid Radius= 10
Boid Frame=
 0.76342	-0.15887	0.62606	-1.58866
-0.41507	0.62198	0.66397	6.21981
0.49488	0.76675	-0.40889	7.66748
0.00000	0.00000	0.00000	1.00000

boidNo = 17
boid Wall No = 0
position = = (-2.8, -8.8, 3.9)
Boid Radius= 10
Boid Frame=
 0.90714	-0.28080	-0.31344	-2.80796
-0.11188	-0.87894	0.46362	-8.78942
0.40568	0.38551	0.82874	3.85506
0.00000	0.00000	0.00000	1.00000

boidNo = 18
boid Wall No = 1
position = = (-2.4, 9.6, 1.7)
Boid Radius= 9.999999
Boid Frame=
 -0.26432	-0.23518	0.93532	-2.35179
-0.22718	0.95771	0.17661	9.57706
0.93730	0.16580	0.30657	1.65802
0.00000	0.00000	0.00000	1.00000

boidNo = 19
boid Wall No = 0
position = = (1.1, -8.1, -5.8)
Boid Radius= 10
Boid Frame=
 -0.99347	0.11050	-0.02833	1.10495
-0.10644	-0.80863	0.57861	-8.08627
-0.04102	-0.57785	-0.81511	-5.77853
0.00000	0.00000	0.00000	1.00000

