Iteration Num of Simuation:0
m_SimulationDeltaT of action plan:0
boidNo = 0
boid Wall No = 0
position = = (7.6, -4.9, 4.2)
Boid Radius= 10
Boid Frame=
 0.21753	0.75996	0.61249	7.59958
-0.41769	-0.49467	0.76212	-4.94674
-0.88216	0.42162	-0.20982	4.21618
0.00000	0.00000	0.00000	1.00000

boidNo = 1
boid Wall No = 1
position = = (-8.8, 0.8, 4.7)
Boid Radius= 10
Boid Frame=
 0.28291	-0.88035	0.38072	-8.80347
-0.70843	0.07580	0.70170	0.75803
0.64660	0.46823	0.60222	4.68234
0.00000	0.00000	0.00000	1.00000

boidNo = 2
boid Wall No = 1
position = = (-6.4, 7.7, 0.1)
Boid Radius= 10
Boid Frame=
 -0.39394	-0.64081	0.65892	-6.40812
-0.33805	0.76765	0.54446	7.67653
0.85471	0.00826	0.51903	0.08264
0.00000	0.00000	0.00000	1.00000

boidNo = 3
boid Wall No = 1
position = = (-3.2, 9.4, -1.4)
Boid Radius= 9.999999
Boid Frame=
 -0.93824	-0.32205	0.12642	-3.22050
-0.29512	0.93569	0.19334	9.35694
0.18056	-0.14409	0.97295	-1.44086
0.00000	0.00000	0.00000	1.00000

boidNo = 4
boid Wall No = 1
position = = (4.2, 8.2, 4.0)
Boid Radius= 10
Boid Frame=
 0.82911	0.41934	-0.36976	4.19343
-0.16599	0.81619	0.55343	8.16187
-0.53387	0.39748	-0.74632	3.97481
0.00000	0.00000	0.00000	1.00000

boidNo = 5
boid Wall No = 0
position = = (-9.2, -0.3, 3.9)
Boid Radius= 10
Boid Frame=
 0.30922	-0.92222	0.23213	-9.22224
-0.65438	-0.02922	0.75560	-0.29224
0.69005	0.38555	0.61252	3.85550
0.00000	0.00000	0.00000	1.00000

boidNo = 6
boid Wall No = 1
position = = (8.7, 4.3, -2.3)
Boid Radius= 10
Boid Frame=
 0.07991	0.87472	-0.47800	8.74719
-0.58587	0.42917	0.68743	4.29173
-0.80645	-0.22511	-0.54677	-2.25114
0.00000	0.00000	0.00000	1.00000

boidNo = 7
boid Wall No = 1
position = = (-5.6, 2.3, -8.0)
Boid Radius= 10
Boid Frame=
 -0.71875	-0.55800	-0.41476	-5.57998
-0.61376	0.22896	0.75556	2.28961
0.32664	-0.79763	0.50704	-7.97631
0.00000	0.00000	0.00000	1.00000

boidNo = 8
boid Wall No = 0
position = = (-1.6, -9.6, 2.1)
Boid Radius= 10
Boid Frame=
 0.82330	-0.16438	-0.54328	-1.64376
-0.01846	-0.96440	0.26381	-9.64399
0.56731	0.20716	0.79702	2.07163
0.00000	0.00000	0.00000	1.00000

boidNo = 9
boid Wall No = 0
position = = (4.1, -8.3, 3.8)
Boid Radius= 10
Boid Frame=
 0.72612	0.41485	0.54832	4.14853
0.05265	-0.82867	0.55725	-8.28673
-0.68555	0.37576	0.62355	3.75765
0.00000	0.00000	0.00000	1.00000

boidNo = 10
boid Wall No = 0
position = = (-1.1, -9.9, 1.2)
Boid Radius= 10
Boid Frame=
 0.81443	-0.11240	-0.56927	-1.12395
-0.01981	-0.98588	0.16630	-9.85876
0.57992	0.12416	0.80515	1.24163
0.00000	0.00000	0.00000	1.00000

boidNo = 11
boid Wall No = 1
position = = (1.4, 4.5, 8.8)
Boid Radius= 10
Boid Frame=
 0.74341	0.13845	0.65436	1.38445
-0.63648	0.44709	0.62850	4.47086
0.20554	0.88371	-0.42048	8.83712
0.00000	0.00000	0.00000	1.00000

boidNo = 12
boid Wall No = 0
position = = (1.0, -8.9, -4.4)
Boid Radius= 10
Boid Frame=
 -0.68890	0.10004	0.71792	1.00036
0.25699	-0.89239	0.37094	-8.92388
-0.67777	-0.44004	-0.58906	-4.40041
0.00000	0.00000	0.00000	1.00000

boidNo = 13
boid Wall No = 0
position = = (3.2, -5.4, -7.8)
Boid Radius= 10
Boid Frame=
 -0.92620	0.31958	-0.20008	3.19580
-0.35103	-0.53720	0.76694	-5.37199
-0.13762	-0.78057	-0.60973	-7.80568
0.00000	0.00000	0.00000	1.00000

boidNo = 14
boid Wall No = 1
position = = (6.8, 4.8, -5.6)
Boid Radius= 10
Boid Frame=
 -0.16167	0.67575	-0.71918	6.75749
-0.64215	0.48134	0.59662	4.81336
-0.74933	-0.55828	-0.35612	-5.58283
0.00000	0.00000	0.00000	1.00000

boidNo = 15
boid Wall No = 1
position = = (-4.3, 7.5, 5.0)
Boid Radius= 10
Boid Frame=
 0.50648	-0.42846	0.74827	-4.28460
-0.25649	0.75366	0.60516	7.53656
0.82322	0.49842	-0.27182	4.98422
0.00000	0.00000	0.00000	1.00000

boidNo = 16
boid Wall No = 0
position = = (4.2, -6.3, 6.5)
Boid Radius= 10
Boid Frame=
 0.66912	0.42199	0.61172	4.21991
-0.26661	-0.63204	0.72763	-6.32036
-0.69368	0.64996	0.31040	6.49964
0.00000	0.00000	0.00000	1.00000

boidNo = 17
boid Wall No = 0
position = = (1.4, -1.3, 9.8)
Boid Radius= 10
Boid Frame=
 0.06109	0.13552	0.98889	1.35521
-0.98891	-0.12617	0.07839	-1.26167
-0.13539	0.98271	-0.12631	9.82709
0.00000	0.00000	0.00000	1.00000

boidNo = 18
boid Wall No = 1
position = = (-0.2, 3.9, -9.2)
Boid Radius= 10
Boid Frame=
 -0.64008	-0.01746	-0.76811	-0.17465
-0.71208	0.38888	0.58456	3.88883
-0.28849	-0.92112	0.26135	-9.21122
0.00000	0.00000	0.00000	1.00000

boidNo = 19
boid Wall No = 0
position = = (-1.8, -9.8, 0.8)
Boid Radius= 10
Boid Frame=
 0.53110	-0.18436	-0.82701	-1.84361
-0.03322	-0.97982	0.19709	-9.79822
0.84666	0.07720	0.52650	0.77204
0.00000	0.00000	0.00000	1.00000

