Iteration Num of Simuation:0
m_SimulationDeltaT of action plan:0
boidNo = 0
boid Wall No = 0
position = = (0.6, -7.4, -6.7)
Boid Radius= 10
Boid Frame=
 -0.99352	0.06196	-0.09529	0.61963
-0.10984	-0.73908	0.66461	-7.39076
0.02925	-0.67077	-0.74109	-6.70766
0.00000	0.00000	0.00000	1.00000

boidNo = 1
boid Wall No = 0
position = = (-8.5, -2.0, -4.9)
Boid Radius= 10
Boid Frame=
 -0.20477	-0.84936	-0.48647	-8.49361
-0.72864	-0.19958	0.65517	-1.99578
0.65356	-0.48863	0.57801	-4.88625
0.00000	0.00000	0.00000	1.00000

boidNo = 2
boid Wall No = 0
position = = (7.7, -5.3, 3.6)
Boid Radius= 10
Boid Frame=
 0.17943	0.76860	0.61405	7.68602
-0.36684	-0.52689	0.76670	-5.26886
-0.91282	0.36283	-0.18741	3.62826
0.00000	0.00000	0.00000	1.00000

boidNo = 3
boid Wall No = 0
position = = (8.6, -0.8, -5.1)
Boid Radius= 10
Boid Frame=
 -0.34833	0.85911	-0.37496	8.59115
-0.81283	-0.07760	0.57731	-0.77599
-0.46688	-0.50587	-0.72535	-5.05866
0.00000	0.00000	0.00000	1.00000

boidNo = 4
boid Wall No = 1
position = = (7.7, 0.1, 6.4)
Boid Radius= 10
Boid Frame=
 0.33867	0.77167	0.53836	7.71670
-0.85166	0.00818	0.52403	0.08183
-0.39997	0.63597	-0.65997	6.35971
0.00000	0.00000	0.00000	1.00000

boidNo = 5
boid Wall No = 1
position = = (-7.8, 5.3, 3.5)
Boid Radius= 10
Boid Frame=
 -0.11620	-0.77573	0.62027	-7.75733
-0.66064	0.52669	0.53494	5.26690
0.74166	0.34761	0.57368	3.47615
0.00000	0.00000	0.00000	1.00000

boidNo = 6
boid Wall No = 0
position = = (9.2, -3.4, 2.1)
Boid Radius= 10
Boid Frame=
 -0.01594	0.91675	0.39915	9.16747
-0.54862	-0.34176	0.76303	-3.41759
-0.83592	0.20682	-0.50839	2.06824
0.00000	0.00000	0.00000	1.00000

boidNo = 7
boid Wall No = 1
position = = (0.5, 1.0, 9.9)
Boid Radius= 10
Boid Frame=
 0.59962	0.04667	0.79892	0.46665
-0.79836	0.10397	0.59313	1.03972
0.05539	0.99348	-0.09960	9.93485
0.00000	0.00000	0.00000	1.00000

boidNo = 8
boid Wall No = 0
position = = (1.0, -9.9, 0.8)
Boid Radius= 10
Boid Frame=
 0.61739	0.09972	0.78031	0.99722
-0.00085	-0.99185	0.12743	-9.91848
-0.78666	0.07933	0.61227	0.79334
0.00000	0.00000	0.00000	1.00000

boidNo = 9
boid Wall No = 1
position = = (3.6, 8.9, 2.9)
Boid Radius= 10
Boid Frame=
 0.83411	0.35845	-0.41926	3.58448
-0.16653	0.88825	0.42811	8.88252
-0.52587	0.28727	-0.80059	2.87268
0.00000	0.00000	0.00000	1.00000

boidNo = 10
boid Wall No = 1
position = = (6.0, 7.3, 3.2)
Boid Radius= 10
Boid Frame=
 0.68995	0.59667	-0.40982	5.96665
-0.26360	0.73440	0.62544	7.34401
-0.67415	0.32349	-0.66398	3.23491
0.00000	0.00000	0.00000	1.00000

boidNo = 11
boid Wall No = 1
position = = (5.9, 8.0, 0.4)
Boid Radius= 10
Boid Frame=
 0.53612	0.59464	-0.59914	5.94643
-0.36080	0.80309	0.47420	8.03089
-0.76315	0.03806	-0.64510	0.38057
0.00000	0.00000	0.00000	1.00000

boidNo = 12
boid Wall No = 1
position = = (3.1, 2.4, 9.2)
Boid Radius= 10
Boid Frame=
 0.71629	0.30809	0.62611	3.08087
-0.69533	0.23964	0.67756	2.39645
-0.05870	0.92068	-0.38588	9.20681
0.00000	0.00000	0.00000	1.00000

boidNo = 13
boid Wall No = 0
position = = (-2.7, -9.4, 1.8)
Boid Radius= 10
Boid Frame=
 0.55421	-0.27050	-0.78720	-2.70496
0.00353	-0.94495	0.32719	-9.44953
0.83237	0.18411	0.52274	1.84106
0.00000	0.00000	0.00000	1.00000

boidNo = 14
boid Wall No = 1
position = = (-0.5, 9.8, -1.9)
Boid Radius= 10
Boid Frame=
 -0.93398	-0.05415	-0.35320	-0.54151
-0.11654	0.98057	0.15782	9.80567
-0.33779	-0.18857	0.92214	-1.88565
0.00000	0.00000	0.00000	1.00000

boidNo = 15
boid Wall No = 1
position = = (-3.0, 6.6, -6.9)
Boid Radius= 10
Boid Frame=
 -0.86966	-0.30151	-0.39088	-3.01511
-0.48680	0.65526	0.57764	6.55256
-0.08196	-0.69263	0.71662	-6.92626
0.00000	0.00000	0.00000	1.00000

boidNo = 16
boid Wall No = 0
position = = (-3.5, -0.4, -9.4)
Boid Radius= 10
Boid Frame=
 -0.53561	-0.34746	-0.76967	-3.47461
-0.81106	-0.04215	0.58344	-0.42153
0.23517	-0.93675	0.25923	-9.36747
0.00000	0.00000	0.00000	1.00000

boidNo = 17
boid Wall No = 1
position = = (-9.5, 2.3, -1.8)
Boid Radius= 10
Boid Frame=
 -0.29084	-0.95486	0.06049	-9.54858
-0.61187	0.23423	0.75548	2.34227
0.73554	-0.18271	0.65237	-1.82711
0.00000	0.00000	0.00000	1.00000

boidNo = 18
boid Wall No = 0
position = = (-8.3, -1.8, -5.3)
Boid Radius= 9.999999
Boid Frame=
 0.05831	-0.82841	-0.55707	-8.28413
-0.96781	-0.18376	0.17196	-1.83764
0.24483	-0.52911	0.81246	-5.29115
0.00000	0.00000	0.00000	1.00000

boidNo = 19
boid Wall No = 1
position = = (-1.1, 9.9, 1.0)
Boid Radius= 10
Boid Frame=
 0.68328	-0.11025	0.72178	-1.10247
0.00346	0.98901	0.14779	9.89013
0.73014	0.09848	-0.67616	0.98482
0.00000	0.00000	0.00000	1.00000

