Iteration Num of Simuation:0
m_SimulationDeltaT of action plan:0
boidNo = 0
boid Wall No = 1
position = = (3.6, 9.3, -0.4)
Boid Radius= 9.999999
Boid Frame=
 -0.15158	0.36072	-0.92028	3.60716
0.01825	0.93190	0.36227	9.31896
-0.98828	-0.03812	0.14784	-0.38118
0.00000	0.00000	0.00000	1.00000

boidNo = 1
boid Wall No = 0
position = = (-2.6, -9.6, 0.7)
Boid Radius= 10
Boid Frame=
 0.42164	-0.25981	-0.86874	-2.59809
-0.04783	-0.96311	0.26482	-9.63112
0.90550	0.07010	0.41852	0.70101
0.00000	0.00000	0.00000	1.00000

boidNo = 2
boid Wall No = 0
position = = (-6.5, -7.6, -0.6)
Boid Radius= 10
Boid Frame=
 0.02271	-0.64507	-0.76379	-6.45066
-0.09738	-0.76178	0.64047	-7.61781
0.99499	-0.05983	0.08012	-0.59831
0.00000	0.00000	0.00000	1.00000

boidNo = 3
boid Wall No = 1
position = = (-7.7, 1.9, 6.1)
Boid Radius= 10
Boid Frame=
 0.26836	-0.76624	0.58383	-7.66244
-0.77661	0.18650	0.60174	1.86500
0.56997	0.61489	0.54502	6.14889
0.00000	0.00000	0.00000	1.00000

boidNo = 4
boid Wall No = 1
position = = (6.7, 2.8, -6.8)
Boid Radius= 10
Boid Frame=
 -0.42902	0.67254	-0.60302	6.72540
-0.60338	0.28343	0.74539	2.83432
-0.67222	-0.68363	-0.28420	-6.83635
0.00000	0.00000	0.00000	1.00000

boidNo = 5
boid Wall No = 0
position = = (1.0, -0.2, 9.9)
Boid Radius= 10
Boid Frame=
 -0.20958	0.09983	0.97268	0.99826
-0.97779	-0.02206	-0.20842	-0.22060
-0.00065	0.99476	-0.10223	9.94760
0.00000	0.00000	0.00000	1.00000

boidNo = 6
boid Wall No = 1
position = = (8.0, 4.6, 3.8)
Boid Radius= 10
Boid Frame=
 0.59325	0.80343	-0.05059	8.03428
-0.56152	0.45802	0.68914	4.58020
-0.57685	0.38042	-0.72286	3.80424
0.00000	0.00000	0.00000	1.00000

boidNo = 7
boid Wall No = 0
position = = (9.2, -3.1, -2.2)
Boid Radius= 10
Boid Frame=
 -0.37063	0.92308	0.10269	9.23085
-0.57020	-0.31342	0.75937	-3.13423
-0.73314	-0.22289	-0.64251	-2.22893
0.00000	0.00000	0.00000	1.00000

boidNo = 8
boid Wall No = 1
position = = (9.3, 2.2, -3.1)
Boid Radius= 10
Boid Frame=
 -0.10917	0.92714	-0.35847	9.27136
-0.62447	0.21661	0.75041	2.16613
-0.77339	-0.30577	-0.55532	-3.05775
0.00000	0.00000	0.00000	1.00000

boidNo = 9
boid Wall No = 1
position = = (-3.8, 6.3, 6.8)
Boid Radius= 10
Boid Frame=
 0.61824	-0.38053	0.68774	-3.80527
-0.37258	0.62855	0.68271	6.28555
0.69207	0.67832	-0.24682	6.78320
0.00000	0.00000	0.00000	1.00000

boidNo = 10
boid Wall No = 0
position = = (-3.1, -9.5, 1.1)
Boid Radius= 10
Boid Frame=
 0.39514	-0.30641	-0.86601	-3.06407
-0.01863	-0.94521	0.32593	-9.45211
0.91843	0.11265	0.37920	1.12651
0.00000	0.00000	0.00000	1.00000

boidNo = 11
boid Wall No = 1
position = = (-3.9, 9.2, 0.5)
Boid Radius= 10
Boid Frame=
 0.14088	-0.38681	0.91134	-3.86806
0.00589	0.92083	0.38992	9.20828
0.99001	0.04957	-0.13201	0.49565
0.00000	0.00000	0.00000	1.00000

boidNo = 12
boid Wall No = 0
position = = (-7.4, -6.6, -1.4)
Boid Radius= 10
Boid Frame=
 0.07255	-0.74134	-0.66719	-7.41345
-0.27971	-0.65723	0.69986	-6.57233
0.95734	-0.13584	0.25505	-1.35844
0.00000	0.00000	0.00000	1.00000

boidNo = 13
boid Wall No = 1
position = = (7.1, 6.0, -3.8)
Boid Radius= 10
Boid Frame=
 -0.12090	0.70768	-0.69611	7.07678
-0.42475	0.59694	0.68063	5.96940
-0.89720	-0.37796	-0.22841	-3.77961
0.00000	0.00000	0.00000	1.00000

boidNo = 14
boid Wall No = 0
position = = (3.4, -2.1, -9.2)
Boid Radius= 10
Boid Frame=
 -0.73034	0.33534	-0.59510	3.35343
-0.67360	-0.20890	0.70896	-2.08902
-0.11343	-0.91864	-0.37846	-9.18643
0.00000	0.00000	0.00000	1.00000

boidNo = 15
boid Wall No = 0
position = = (-4.3, -7.9, -4.4)
Boid Radius= 10
Boid Frame=
 -0.67038	-0.42827	-0.60596	-4.28270
-0.04831	-0.78970	0.61159	-7.89702
0.74045	-0.43927	-0.50871	-4.39267
0.00000	0.00000	0.00000	1.00000

boidNo = 16
boid Wall No = 1
position = = (0.1, 9.3, -3.7)
Boid Radius= 10
Boid Frame=
 -0.99987	0.01072	-0.01171	0.10724
0.00555	0.92700	0.37501	9.27002
-0.01488	-0.37490	0.92695	-3.74902
0.00000	0.00000	0.00000	1.00000

boidNo = 17
boid Wall No = 1
position = = (5.5, 7.4, -3.9)
Boid Radius= 10
Boid Frame=
 -0.28319	0.54661	-0.78805	5.46610
-0.27730	0.73992	0.61288	7.39923
-0.91810	-0.39209	0.05796	-3.92087
0.00000	0.00000	0.00000	1.00000

boidNo = 18
boid Wall No = 0
position = = (-4.1, -6.6, 6.3)
Boid Radius= 10
Boid Frame=
 0.91030	-0.41393	-0.00463	-4.13928
-0.29717	-0.66122	0.68882	-6.61223
0.28818	0.62566	0.72492	6.25659
0.00000	0.00000	0.00000	1.00000

boidNo = 19
boid Wall No = 0
position = = (8.6, -4.1, -3.2)
Boid Radius= 10
Boid Frame=
 -0.49235	0.85604	0.15744	8.56039
-0.45084	-0.40554	0.79516	-4.05544
-0.74454	-0.32052	-0.58560	-3.20519
0.00000	0.00000	0.00000	1.00000

