Iteration Num of Simuation:0
m_SimulationDeltaT of action plan:0
boidNo = 0
boid Wall No = 0
position = = (-0.5, -5.4, 8.4)
Boid Radius= 10
Boid Frame=
 0.88021	-0.05304	0.47160	-0.53037
-0.42197	-0.54222	0.72659	-5.42224
-0.21718	0.83856	0.49965	8.38559
0.00000	0.00000	0.00000	1.00000

boidNo = 1
boid Wall No = 1
position = = (-7.4, 4.4, -5.0)
Boid Radius= 10
Boid Frame=
 -0.66700	-0.74230	-0.06409	-7.42300
-0.55925	0.44196	0.70136	4.41960
0.49230	-0.50365	0.70992	-5.03649
0.00000	0.00000	0.00000	1.00000

boidNo = 2
boid Wall No = 0
position = = (1.8, -1.6, -9.7)
Boid Radius= 10
Boid Frame=
 -0.69760	0.17713	-0.69424	1.77135
-0.71645	-0.16333	0.67825	-1.63327
-0.00675	-0.97054	-0.24085	-9.70540
0.00000	0.00000	0.00000	1.00000

boidNo = 3
boid Wall No = 0
position = = (0.0, -10.0, -0.3)
Boid Radius= 10
Boid Frame=
 -0.99530	-0.00198	-0.09683	-0.01980
-0.00060	-0.99965	0.02656	-9.99647
0.09685	-0.02650	-0.99495	-0.26495
0.00000	0.00000	0.00000	1.00000

boidNo = 4
boid Wall No = 1
position = = (5.4, 5.3, 6.6)
Boid Radius= 10
Boid Frame=
 0.66619	0.53897	0.51547	5.38967
-0.74414	0.52631	0.41142	5.26307
0.04955	0.65766	-0.75168	6.57660
0.00000	0.00000	0.00000	1.00000

boidNo = 5
boid Wall No = 1
position = = (-2.0, 9.7, -1.2)
Boid Radius= 10
Boid Frame=
 -0.49504	-0.19583	0.84652	-1.95829
0.01091	0.97279	0.23142	9.72792
0.86880	-0.12380	0.47943	-1.23799
0.00000	0.00000	0.00000	1.00000

boidNo = 6
boid Wall No = 1
position = = (-9.0, 2.5, -3.6)
Boid Radius= 10
Boid Frame=
 -0.43917	-0.89730	-0.04464	-8.97297
-0.59141	0.25133	0.76620	2.51335
0.67629	-0.36289	0.64105	-3.62891
0.00000	0.00000	0.00000	1.00000

boidNo = 7
boid Wall No = 0
position = = (1.7, -5.8, 8.0)
Boid Radius= 10
Boid Frame=
 0.84953	0.16917	0.49969	1.69173
-0.32595	-0.57644	0.74932	-5.76438
-0.41480	0.79944	0.43456	7.99438
0.00000	0.00000	0.00000	1.00000

boidNo = 8
boid Wall No = 1
position = = (2.0, 4.0, -8.9)
Boid Radius= 10
Boid Frame=
 -0.58158	0.19713	-0.78924	1.97133
-0.68555	0.40353	0.60596	4.03527
-0.43794	-0.89348	0.09954	-8.93479
0.00000	0.00000	0.00000	1.00000

boidNo = 9
boid Wall No = 1
position = = (5.7, 7.0, -4.4)
Boid Radius= 10
Boid Frame=
 -0.27793	0.56618	-0.77601	5.66183
-0.33698	0.69903	0.63071	6.99035
-0.89956	-0.43679	0.00349	-4.36792
0.00000	0.00000	0.00000	1.00000

boidNo = 10
boid Wall No = 0
position = = (8.7, -0.4, -4.9)
Boid Radius= 10
Boid Frame=
 -0.08341	0.87314	-0.48028	8.73142
-0.99414	-0.03963	0.10061	-0.39631
-0.06881	-0.48585	-0.87133	-4.85853
0.00000	0.00000	0.00000	1.00000

boidNo = 11
boid Wall No = 0
position = = (5.2, -1.9, 8.3)
Boid Radius= 10
Boid Frame=
 0.63592	0.52163	0.56878	5.21625
-0.56231	-0.19160	0.80442	-1.91603
-0.52859	0.83138	-0.17147	8.31382
0.00000	0.00000	0.00000	1.00000

boidNo = 12
boid Wall No = 0
position = = (2.6, -9.3, -2.7)
Boid Radius= 10
Boid Frame=
 -0.55900	0.25660	0.78847	2.56601
0.08198	-0.92915	0.36051	-9.29146
-0.82511	-0.26616	-0.49835	-2.66164
0.00000	0.00000	0.00000	1.00000

boidNo = 13
boid Wall No = 1
position = = (-4.7, 8.5, -2.5)
Boid Radius= 10
Boid Frame=
 -0.61694	-0.46756	0.63307	-4.67565
-0.11146	0.84819	0.51783	8.48190
0.77908	-0.24891	0.57539	-2.48911
0.00000	0.00000	0.00000	1.00000

boidNo = 14
boid Wall No = 1
position = = (-0.3, 9.8, 2.1)
Boid Radius= 10
Boid Frame=
 0.99485	-0.02974	0.09685	-0.29742
0.00846	0.97698	0.21316	9.76980
0.10096	0.21125	-0.97220	2.11246
0.00000	0.00000	0.00000	1.00000

boidNo = 15
boid Wall No = 1
position = = (-9.4, 1.0, 3.3)
Boid Radius= 9.999999
Boid Frame=
 0.18035	-0.93800	0.29601	-9.38005
-0.66739	0.10437	0.73736	1.04372
0.72254	0.33054	0.60719	3.30535
0.00000	0.00000	0.00000	1.00000

boidNo = 16
boid Wall No = 0
position = = (-2.4, -0.9, -9.6)
Boid Radius= 10
Boid Frame=
 -0.78964	-0.24491	-0.56258	-2.44906
-0.55820	-0.09394	0.82437	-0.93936
0.25474	-0.96499	0.06253	-9.64986
0.00000	0.00000	0.00000	1.00000

boidNo = 17
boid Wall No = 0
position = = (-8.2, -5.7, -0.6)
Boid Radius= 10
Boid Frame=
 0.17372	-0.82191	-0.54249	-8.21907
-0.35265	-0.56625	0.74498	-5.66250
0.91949	-0.06189	0.38822	-0.61889
0.00000	0.00000	0.00000	1.00000

boidNo = 18
boid Wall No = 0
position = = (0.0, -10.0, 0.1)
Boid Radius= 10
Boid Frame=
 0.69576	0.00461	0.71826	0.04610
-0.00231	-0.99996	0.00865	-9.99960
-0.71827	0.00768	0.69572	0.07675
0.00000	0.00000	0.00000	1.00000

boidNo = 19
boid Wall No = 0
position = = (4.9, -6.0, -6.3)
Boid Radius= 10
Boid Frame=
 -0.87100	0.48748	0.06105	4.87475
-0.28597	-0.60412	0.74381	-6.04120
-0.39947	-0.63040	-0.66559	-6.30402
0.00000	0.00000	0.00000	1.00000

