Iteration Num of Simuation:0
m_SimulationDeltaT of action plan:0
boidNo = 0
boid Wall No = 0
position = = (-2.8, -3.3, 9.0)
Boid Radius= 10
Boid Frame=
 0.83649	-0.28252	0.46954	-2.82522
-0.54419	-0.32765	0.77234	-3.27647
0.06436	0.90157	0.42782	9.01570
0.00000	0.00000	0.00000	1.00000

boidNo = 1
boid Wall No = 1
position = = (-4.6, 8.8, 1.3)
Boid Radius= 10
Boid Frame=
 0.12044	-0.45920	0.88013	-4.59198
-0.08573	0.87846	0.47006	8.78462
0.98901	0.13207	-0.06644	1.32070
0.00000	0.00000	0.00000	1.00000

boidNo = 2
boid Wall No = 1
position = = (1.0, 9.8, 1.4)
Boid Radius= 10
Boid Frame=
 0.51266	0.10484	-0.85216	1.04837
0.06797	0.98445	0.16200	9.84446
-0.85589	0.14098	-0.49756	1.40979
0.00000	0.00000	0.00000	1.00000

boidNo = 3
boid Wall No = 0
position = = (4.8, -3.6, 8.0)
Boid Radius= 10
Boid Frame=
 0.59203	0.47699	0.64960	4.76992
-0.53953	-0.36419	0.75913	-3.64190
-0.59868	0.79990	-0.04174	7.99903
0.00000	0.00000	0.00000	1.00000

boidNo = 4
boid Wall No = 0
position = = (1.1, -9.9, -1.0)
Boid Radius= 10
Boid Frame=
 -0.73553	0.11079	0.66838	1.10786
-0.01506	-0.98897	0.14736	-9.88969
-0.67733	-0.09832	-0.72908	-0.98321
0.00000	0.00000	0.00000	1.00000

boidNo = 5
boid Wall No = 0
position = = (-0.3, -9.7, 2.4)
Boid Radius= 10
Boid Frame=
 0.99960	-0.02713	-0.00826	-0.27131
-0.02440	-0.97112	0.23733	-9.71123
0.01446	0.23703	0.97139	2.37033
0.00000	0.00000	0.00000	1.00000

boidNo = 6
boid Wall No = 1
position = = (-1.0, 8.4, 5.4)
Boid Radius= 10
Boid Frame=
 0.92085	-0.10008	0.37685	-1.00080
-0.12711	0.83665	0.53278	8.36653
0.36861	0.53851	-0.75771	5.38513
0.00000	0.00000	0.00000	1.00000

boidNo = 7
boid Wall No = 1
position = = (8.9, 0.5, -4.6)
Boid Radius= 9.999999
Boid Frame=
 -0.31384	0.88696	-0.33883	8.86958
-0.67130	0.04508	0.73981	0.45085
-0.67146	-0.45964	-0.58127	-4.59643
0.00000	0.00000	0.00000	1.00000

boidNo = 8
boid Wall No = 0
position = = (-8.6, -3.1, -4.1)
Boid Radius= 9.999999
Boid Frame=
 -0.21258	-0.85922	-0.46534	-8.59224
-0.50946	-0.30892	0.80313	-3.08922
0.83383	-0.40780	0.37207	-4.07800
0.00000	0.00000	0.00000	1.00000

boidNo = 9
boid Wall No = 0
position = = (-5.3, -7.5, 4.0)
Boid Radius= 10
Boid Frame=
 0.73662	-0.52808	-0.42253	-5.28075
-0.16645	-0.74710	0.64353	-7.47101
0.65551	0.40370	0.63823	4.03703
0.00000	0.00000	0.00000	1.00000

boidNo = 10
boid Wall No = 0
position = = (2.4, -5.7, -7.9)
Boid Radius= 10
Boid Frame=
 -0.92690	0.23670	-0.29126	2.36699
-0.37524	-0.56975	0.73115	-5.69746
-0.00712	-0.78700	-0.61692	-7.86996
0.00000	0.00000	0.00000	1.00000

boidNo = 11
boid Wall No = 0
position = = (5.0, -5.8, -6.4)
Boid Radius= 10
Boid Frame=
 -0.85905	0.50378	-0.09078	5.03784
-0.41555	-0.58274	0.69837	-5.82744
-0.29893	-0.63766	-0.70995	-6.37660
0.00000	0.00000	0.00000	1.00000

boidNo = 12
boid Wall No = 0
position = = (7.0, -0.5, 7.1)
Boid Radius= 10
Boid Frame=
 0.50639	0.70247	0.50010	7.02474
-0.66907	-0.04578	0.74179	-0.45777
-0.54398	0.71024	-0.44682	7.10236
0.00000	0.00000	0.00000	1.00000

boidNo = 13
boid Wall No = 1
position = = (-0.9, 9.2, -3.8)
Boid Radius= 9.999999
Boid Frame=
 -0.97195	-0.09153	0.21663	-0.91525
-0.00080	0.92244	0.38615	9.22436
0.23517	-0.37515	0.89664	-3.75147
0.00000	0.00000	0.00000	1.00000

boidNo = 14
boid Wall No = 0
position = = (-9.5, -2.0, 2.5)
Boid Radius= 10
Boid Frame=
 0.29911	-0.94556	0.12828	-9.45557
-0.85090	-0.20346	0.48433	-2.03456
0.43186	0.25402	0.86543	2.54022
0.00000	0.00000	0.00000	1.00000

boidNo = 15
boid Wall No = 0
position = = (9.1, -2.7, 3.0)
Boid Radius= 9.999999
Boid Frame=
 0.07841	0.91420	0.39761	9.14198
-0.60413	-0.27369	0.74841	-2.73693
-0.79302	0.29889	-0.53083	2.98887
0.00000	0.00000	0.00000	1.00000

boidNo = 16
boid Wall No = 0
position = = (9.5, -2.0, 2.5)
Boid Radius= 10
Boid Frame=
 0.07817	0.94869	0.30640	9.48687
-0.61337	-0.19652	0.76495	-1.96520
-0.78591	0.24773	-0.56654	2.47735
0.00000	0.00000	0.00000	1.00000

boidNo = 17
boid Wall No = 0
position = = (1.0, -9.6, 2.7)
Boid Radius= 10
Boid Frame=
 0.69197	0.09829	0.71521	0.98287
-0.13221	-0.95668	0.25938	-9.56683
-0.70972	0.27404	0.64900	2.74040
0.00000	0.00000	0.00000	1.00000

boidNo = 18
boid Wall No = 1
position = = (0.6, 9.3, 3.6)
Boid Radius= 10
Boid Frame=
 0.97403	0.06120	-0.21800	0.61199
0.02214	0.93243	0.36066	9.32433
-0.22534	0.35612	-0.90686	3.56123
0.00000	0.00000	0.00000	1.00000

boidNo = 19
boid Wall No = 1
position = = (4.2, 9.0, 0.7)
Boid Radius= 10
Boid Frame=
 0.58397	0.42029	-0.69450	4.20291
-0.21114	0.90473	0.36997	9.04730
-0.78383	0.06942	-0.61708	0.69416
0.00000	0.00000	0.00000	1.00000

