Iteration Num of Simuation:0
m_SimulationDeltaT of action plan:0
boidNo = 0
boid Wall No = 1
position = = (3.1, 9.4, -1.1)
Boid Radius= 10
Boid Frame=
 -0.15899	0.31145	-0.93687	3.11445
-0.05799	0.94436	0.32377	9.44356
-0.98558	-0.10580	0.13208	-1.05804
0.00000	0.00000	0.00000	1.00000

boidNo = 1
boid Wall No = 0
position = = (7.1, -0.1, 7.1)
Boid Radius= 10
Boid Frame=
 0.56603	0.70610	0.42547	7.06103
-0.59258	-0.01031	0.80545	-0.10308
-0.57311	0.70803	-0.41259	7.08034
0.00000	0.00000	0.00000	1.00000

boidNo = 2
boid Wall No = 0
position = = (9.7, -2.6, 0.2)
Boid Radius= 10
Boid Frame=
 -0.12380	0.96656	0.22456	9.66564
-0.52858	-0.25576	0.80944	-2.55759
-0.83981	0.01849	-0.54257	0.18486
0.00000	0.00000	0.00000	1.00000

boidNo = 3
boid Wall No = 0
position = = (-0.1, -10.0, 0.0)
Boid Radius= 10
Boid Frame=
 -0.09176	-0.00925	-0.99574	-0.09251
-0.00059	-0.99996	0.00935	-9.99956
0.99578	-0.00145	-0.09175	-0.01449
0.00000	0.00000	0.00000	1.00000

boidNo = 4
boid Wall No = 1
position = = (-1.5, 9.9, 0.4)
Boid Radius= 10
Boid Frame=
 -0.56107	-0.15418	0.81329	-1.54176
-0.11758	0.98738	0.10607	9.87383
0.81938	0.03611	0.57212	0.36111
0.00000	0.00000	0.00000	1.00000

boidNo = 5
boid Wall No = 0
position = = (4.4, -8.6, -2.5)
Boid Radius= 10
Boid Frame=
 -0.67678	0.44471	0.58669	4.44706
-0.13631	-0.85885	0.49375	-8.58851
-0.72346	-0.25419	-0.64187	-2.54187
0.00000	0.00000	0.00000	1.00000

boidNo = 6
boid Wall No = 1
position = = (-3.6, 9.1, 2.0)
Boid Radius= 9.999999
Boid Frame=
 0.45357	-0.36094	0.81486	-3.60945
-0.01957	0.91006	0.41401	9.10062
0.89100	0.20373	-0.40572	2.03729
0.00000	0.00000	0.00000	1.00000

boidNo = 7
boid Wall No = 0
position = = (-1.4, -9.9, 0.9)
Boid Radius= 10
Boid Frame=
 0.57866	-0.13725	-0.80394	-1.37246
-0.00812	-0.98666	0.16259	-9.86660
0.81553	0.08756	0.57206	0.87557
0.00000	0.00000	0.00000	1.00000

boidNo = 8
boid Wall No = 0
position = = (-6.4, -7.4, 2.1)
Boid Radius= 10
Boid Frame=
 0.44822	-0.64406	-0.61991	-6.44055
-0.14112	-0.73576	0.66238	-7.35757
0.88271	0.20942	0.42067	2.09415
0.00000	0.00000	0.00000	1.00000

boidNo = 9
boid Wall No = 1
position = = (-6.2, 7.8, -0.1)
Boid Radius= 9.999999
Boid Frame=
 -0.57901	-0.62443	0.52424	-6.24434
-0.45823	0.78106	0.42423	7.81059
0.67437	-0.00541	0.73838	-0.05412
0.00000	0.00000	0.00000	1.00000

boidNo = 10
boid Wall No = 1
position = = (3.9, 3.4, 8.5)
Boid Radius= 9.999999
Boid Frame=
 0.80872	0.39498	0.43584	3.94983
-0.56874	0.33614	0.75069	3.36139
-0.15001	0.85498	-0.49649	8.54985
0.00000	0.00000	0.00000	1.00000

boidNo = 11
boid Wall No = 0
position = = (7.3, -1.3, -6.7)
Boid Radius= 10
Boid Frame=
 -0.01086	0.73012	-0.68323	7.30120
-0.98331	-0.13191	-0.12533	-1.31910
0.18163	-0.67047	-0.71937	-6.70467
0.00000	0.00000	0.00000	1.00000

boidNo = 12
boid Wall No = 0
position = = (0.9, -9.9, 1.1)
Boid Radius= 10
Boid Frame=
 0.73621	0.09119	0.67058	0.91192
-0.00713	-0.98978	0.14243	-9.89779
-0.67672	0.10964	0.72803	1.09643
0.00000	0.00000	0.00000	1.00000

boidNo = 13
boid Wall No = 1
position = = (-8.1, 2.4, -5.4)
Boid Radius= 9.999999
Boid Frame=
 -0.55921	-0.80503	-0.19804	-8.05025
-0.60750	0.23536	0.75865	2.35364
0.56412	-0.54455	0.62067	-5.44553
0.00000	0.00000	0.00000	1.00000

boidNo = 14
boid Wall No = 0
position = = (5.1, -8.2, 2.4)
Boid Radius= 10
Boid Frame=
 0.49110	0.51248	0.70441	5.12481
0.05202	-0.82445	0.56355	-8.24445
-0.86955	0.24011	0.43154	2.40111
0.00000	0.00000	0.00000	1.00000

boidNo = 15
boid Wall No = 0
position = = (1.1, -9.9, -0.1)
Boid Radius= 10
Boid Frame=
 -0.15924	0.10998	0.98109	1.09982
-0.00543	-0.99386	0.11053	-9.93858
-0.98722	-0.01228	-0.15886	-0.12278
0.00000	0.00000	0.00000	1.00000

boidNo = 16
boid Wall No = 0
position = = (-4.5, -0.3, -8.9)
Boid Radius= 10
Boid Frame=
 -0.70972	-0.45465	-0.53814	-4.54647
-0.59140	-0.03059	0.80580	-0.30590
0.38282	-0.89015	0.24717	-8.90146
0.00000	0.00000	0.00000	1.00000

boidNo = 17
boid Wall No = 1
position = = (-4.2, 8.8, -2.1)
Boid Radius= 9.999999
Boid Frame=
 -0.71214	-0.42302	0.56028	-4.23015
-0.18373	0.88256	0.43281	8.82563
0.67757	-0.20528	0.70623	-2.05282
0.00000	0.00000	0.00000	1.00000

boidNo = 18
boid Wall No = 1
position = = (-9.0, 0.4, 4.4)
Boid Radius= 9.999999
Boid Frame=
 0.30777	-0.89834	0.31347	-8.98341
-0.64768	0.04353	0.76066	0.43529
0.69698	0.43714	0.56844	4.37138
0.00000	0.00000	0.00000	1.00000

boidNo = 19
boid Wall No = 0
position = = (-5.2, -7.7, -3.6)
Boid Radius= 10
Boid Frame=
 -0.43211	-0.52024	-0.73664	-5.20237
-0.12942	-0.77261	0.62156	-7.72606
0.89249	-0.36391	-0.26652	-3.63914
0.00000	0.00000	0.00000	1.00000

