Iteration Num of Simuation:0
m_SimulationDeltaT of action plan:0
boidNo = 0
boid Wall No = 0
position = = (-5.4, -7.7, 3.4)
Boid Radius= 10
Boid Frame=
 0.64988	-0.53804	-0.53682	-5.38035
-0.12687	-0.77319	0.62135	-7.73193
0.74938	0.33570	0.57074	3.35695
0.00000	0.00000	0.00000	1.00000

boidNo = 1
boid Wall No = 0
position = = (-5.0, -7.8, 3.7)
Boid Radius= 10
Boid Frame=
 0.85753	-0.49516	0.13948	-4.95164
-0.51025	-0.78418	0.35313	-7.84185
0.06548	0.37399	0.92512	3.73987
0.00000	0.00000	0.00000	1.00000

boidNo = 2
boid Wall No = 0
position = = (-3.7, -8.7, 3.4)
Boid Radius= 10
Boid Frame=
 0.43259	-0.36785	-0.82314	-3.67850
0.16033	-0.86704	0.47173	-8.67042
0.88722	0.33604	0.31609	3.36042
0.00000	0.00000	0.00000	1.00000

boidNo = 3
boid Wall No = 1
position = = (-5.4, 8.3, -1.2)
Boid Radius= 10
Boid Frame=
 -0.53790	-0.53977	0.64755	-5.39767
-0.22827	0.83270	0.50448	8.32699
0.81151	-0.12355	0.57112	-1.23546
0.00000	0.00000	0.00000	1.00000

boidNo = 4
boid Wall No = 0
position = = (-3.0, -5.1, 8.1)
Boid Radius= 9.999999
Boid Frame=
 0.61724	-0.30492	0.72528	-3.04921
-0.74951	-0.50821	0.42421	-5.08213
-0.23925	0.80545	0.54223	8.05446
0.00000	0.00000	0.00000	1.00000

boidNo = 5
boid Wall No = 0
position = = (-3.5, -9.4, 0.1)
Boid Radius= 10
Boid Frame=
 -0.10191	-0.34770	-0.93205	-3.47699
0.04621	-0.93757	0.34471	-9.37573
0.99372	0.00794	-0.11162	0.07936
0.00000	0.00000	0.00000	1.00000

boidNo = 6
boid Wall No = 1
position = = (-0.7, 9.9, 0.9)
Boid Radius= 10
Boid Frame=
 0.09385	-0.07120	0.99304	-0.71200
-0.08295	0.99341	0.07907	9.93412
0.99212	0.08980	-0.08733	0.89797
0.00000	0.00000	0.00000	1.00000

boidNo = 7
boid Wall No = 1
position = = (1.8, 8.8, -4.4)
Boid Radius= 10
Boid Frame=
 -0.69120	0.17778	-0.70046	1.77778
-0.20281	0.88260	0.42414	8.82596
-0.69362	-0.43522	0.57399	-4.35224
0.00000	0.00000	0.00000	1.00000

boidNo = 8
boid Wall No = 1
position = = (-2.1, 5.1, -8.4)
Boid Radius= 10
Boid Frame=
 -0.87435	-0.21367	-0.43573	-2.13667
-0.48066	0.50514	0.71680	5.05140
-0.06695	-0.83617	0.54437	-8.36170
0.00000	0.00000	0.00000	1.00000

boidNo = 9
boid Wall No = 0
position = = (1.5, -5.9, 7.9)
Boid Radius= 10
Boid Frame=
 0.83314	0.15088	0.53208	1.50884
-0.35695	-0.58815	0.72571	-5.88153
-0.42244	0.79455	0.43616	7.94550
0.00000	0.00000	0.00000	1.00000

