Iteration Num of Simuation:0
m_SimulationDeltaT of action plan:0
boidNo = 0
boid Wall No = 0
position = = (5.1, -8.6, 0.7)
Boid Radius= 9.999999
Boid Frame=
 0.12466	0.50854	0.85197	5.08538
-0.00337	-0.85844	0.51290	-8.58444
-0.99219	0.06681	0.10530	0.66814
0.00000	0.00000	0.00000	1.00000

boidNo = 1
boid Wall No = 1
position = = (-9.4, 3.1, 1.6)
Boid Radius= 10
Boid Frame=
 -0.16566	-0.93739	0.30637	-9.37386
-0.80154	0.30897	0.51193	3.08969
0.57454	0.16077	0.80253	1.60767
0.00000	0.00000	0.00000	1.00000

boidNo = 2
boid Wall No = 0
position = = (-2.2, -8.2, -5.3)
Boid Radius= 10
Boid Frame=
 -0.85832	-0.22444	-0.46143	-2.24438
-0.08857	-0.82097	0.56407	-8.20966
0.50542	-0.52502	-0.68477	-5.25016
0.00000	0.00000	0.00000	1.00000

boidNo = 3
boid Wall No = 1
position = = (-1.5, 5.3, 8.3)
Boid Radius= 10
Boid Frame=
 0.75271	-0.15086	0.64083	-1.50861
-0.48302	0.53485	0.69327	5.34849
0.44733	0.83137	-0.32972	8.31371
0.00000	0.00000	0.00000	1.00000

boidNo = 4
boid Wall No = 1
position = = (7.6, 5.3, -3.7)
Boid Radius= 10
Boid Frame=
 0.14843	0.76182	-0.63055	7.61824
-0.70278	0.52985	0.47472	5.29849
-0.69575	-0.37267	-0.61404	-3.72673
0.00000	0.00000	0.00000	1.00000

boidNo = 5
boid Wall No = 0
position = = (4.5, -8.9, 0.1)
Boid Radius= 10
Boid Frame=
 -0.74985	0.44869	-0.48621	4.48695
-0.36997	-0.89362	-0.25409	-8.93622
0.54850	0.01065	-0.83608	0.10647
0.00000	0.00000	0.00000	1.00000

boidNo = 6
boid Wall No = 1
position = = (-7.4, 6.6, -0.8)
Boid Radius= 10
Boid Frame=
 -0.39731	-0.74447	0.53657	-7.44474
-0.34556	0.66303	0.66406	6.63030
0.85014	-0.07842	0.52069	-0.78424
0.00000	0.00000	0.00000	1.00000

boidNo = 7
boid Wall No = 1
position = = (-8.1, 5.8, -0.5)
Boid Radius= 9.999999
Boid Frame=
 -0.46818	-0.81245	0.34747	-8.12446
-0.60041	0.58100	0.54949	5.81004
0.64831	-0.04863	0.75982	-0.48634
0.00000	0.00000	0.00000	1.00000

boidNo = 8
boid Wall No = 1
position = = (-5.1, 7.3, 4.5)
Boid Radius= 10
Boid Frame=
 0.36189	-0.50858	0.78127	-5.08576
-0.29559	0.73223	0.61357	7.32231
0.88412	0.45298	-0.11466	4.52977
0.00000	0.00000	0.00000	1.00000

boidNo = 9
boid Wall No = 0
position = = (1.4, -7.4, 6.6)
Boid Radius= 10
Boid Frame=
 0.91325	0.14362	0.38124	1.43621
-0.15896	-0.73600	0.65805	-7.36003
-0.37511	0.66157	0.64933	6.61568
0.00000	0.00000	0.00000	1.00000

