Iteration Num of Simuation:0
m_SimulationDeltaT of action plan:0
boidNo = 0
boid Wall No = 1
position = = (2.6, 9.6, 0.5)
Boid Radius= 10
Boid Frame=
 0.60654	0.26254	-0.75045	2.62541
-0.12579	0.96371	0.23548	9.63705
-0.78504	0.04843	-0.61755	0.48425
0.00000	0.00000	0.00000	1.00000

boidNo = 1
boid Wall No = 0
position = = (-9.7, -1.0, -2.2)
Boid Radius= 10
Boid Frame=
 -0.09884	-0.96885	-0.22708	-9.68846
-0.66924	-0.10417	0.73571	-1.04165
0.73644	-0.22469	0.63810	-2.24692
0.00000	0.00000	0.00000	1.00000

boidNo = 2
boid Wall No = 1
position = = (-2.2, 9.7, 0.8)
Boid Radius= 10
Boid Frame=
 0.18370	-0.21601	0.95896	-2.16005
-0.03642	0.97339	0.22623	9.73392
0.98231	0.07648	-0.17095	0.76480
0.00000	0.00000	0.00000	1.00000

boidNo = 3
boid Wall No = 1
position = = (1.7, 9.8, -1.0)
Boid Radius= 10
Boid Frame=
 -0.49878	0.16769	-0.85035	1.67693
-0.00077	0.98102	0.19391	9.81018
-0.86673	-0.09738	0.48918	-0.97375
0.00000	0.00000	0.00000	1.00000

boidNo = 4
boid Wall No = 0
position = = (2.7, -8.6, -4.4)
Boid Radius= 10
Boid Frame=
 -0.86501	0.26587	0.42553	2.65871
-0.01192	-0.85872	0.51230	-8.58724
-0.50161	-0.43807	-0.74597	-4.38071
0.00000	0.00000	0.00000	1.00000

boidNo = 5
boid Wall No = 0
position = = (0.7, -9.9, -0.9)
Boid Radius= 10
Boid Frame=
 -0.89058	0.07375	0.44881	0.73754
-0.02602	-0.99341	0.11162	-9.93410
-0.45409	-0.08773	-0.88663	-0.87731
0.00000	0.00000	0.00000	1.00000

boidNo = 6
boid Wall No = 1
position = = (7.8, 4.2, -4.7)
Boid Radius= 10
Boid Frame=
 -0.11875	0.78004	-0.61436	7.80042
-0.63180	0.41796	0.65280	4.17957
-0.76598	-0.46567	-0.44319	-4.65668
0.00000	0.00000	0.00000	1.00000

boidNo = 7
boid Wall No = 0
position = = (-4.2, -9.1, -0.1)
Boid Radius= 10
Boid Frame=
 -0.22359	-0.42310	-0.87806	-4.23099
0.09630	-0.90605	0.41206	-9.06052
0.96991	-0.00757	-0.24333	-0.07572
0.00000	0.00000	0.00000	1.00000

boidNo = 8
boid Wall No = 1
position = = (-7.0, 4.1, 5.8)
Boid Radius= 10
Boid Frame=
 0.33700	-0.70025	0.62935	-7.00250
-0.53045	0.41105	0.74139	4.11046
0.77785	0.58369	0.23293	5.83688
0.00000	0.00000	0.00000	1.00000

boidNo = 9
boid Wall No = 1
position = = (-2.1, 9.8, 0.2)
Boid Radius= 10
Boid Frame=
 -0.08964	-0.21254	0.97303	-2.12544
-0.04445	0.97684	0.20928	9.76845
0.99498	0.02449	0.09701	0.24493
0.00000	0.00000	0.00000	1.00000

boidNo = 10
boid Wall No = 0
position = = (5.9, -0.8, -8.1)
Boid Radius= 10
Boid Frame=
 -0.48044	0.58672	-0.65187	5.86721
-0.83539	-0.07987	0.54382	-0.79869
-0.26701	-0.80584	-0.52852	-8.05841
0.00000	0.00000	0.00000	1.00000

boidNo = 11
boid Wall No = 0
position = = (0.6, -7.7, -6.4)
Boid Radius= 10
Boid Frame=
 -0.99739	0.05513	-0.04668	0.55127
-0.07223	-0.76923	0.63488	-7.69227
0.00091	-0.63659	-0.77120	-6.36593
0.00000	0.00000	0.00000	1.00000

boidNo = 12
boid Wall No = 0
position = = (6.8, -6.4, 3.5)
Boid Radius= 10
Boid Frame=
 0.25440	0.68012	0.68754	6.80120
-0.24086	-0.64397	0.72614	-6.43973
-0.93662	0.35034	0.00001	3.50337
0.00000	0.00000	0.00000	1.00000

boidNo = 13
boid Wall No = 0
position = = (8.8, -3.7, 3.1)
Boid Radius= 10
Boid Frame=
 0.09758	0.87704	0.47040	8.77042
-0.49455	-0.36744	0.78766	-3.67437
-0.86366	0.30950	-0.39788	3.09495
0.00000	0.00000	0.00000	1.00000

boidNo = 14
boid Wall No = 0
position = = (7.2, -6.4, -2.6)
Boid Radius= 10
Boid Frame=
 -0.54601	0.72129	0.42617	7.21287
-0.29799	-0.64263	0.70585	-6.42629
-0.78299	-0.25841	-0.56582	-2.58406
0.00000	0.00000	0.00000	1.00000

boidNo = 15
boid Wall No = 1
position = = (4.2, 7.3, -5.4)
Boid Radius= 10
Boid Frame=
 -0.37185	0.42345	-0.82608	4.23451
-0.40533	0.72652	0.55487	7.26520
-0.83513	-0.54116	0.09852	-5.41164
0.00000	0.00000	0.00000	1.00000

boidNo = 16
boid Wall No = 1
position = = (1.4, 4.3, 8.9)
Boid Radius= 10
Boid Frame=
 0.84755	0.14442	0.51069	1.44425
-0.51841	0.43130	0.73840	4.31295
0.11361	0.89058	-0.44042	8.90576
0.00000	0.00000	0.00000	1.00000

boidNo = 17
boid Wall No = 0
position = = (-7.1, -5.4, -4.5)
Boid Radius= 10
Boid Frame=
 -0.22309	-0.71493	-0.66266	-7.14926
-0.42991	-0.53795	0.72511	-5.37951
0.87488	-0.44664	0.18734	-4.46643
0.00000	0.00000	0.00000	1.00000

boidNo = 18
boid Wall No = 1
position = = (-3.5, 5.5, 7.6)
Boid Radius= 10
Boid Frame=
 0.37804	-0.34502	0.85910	-3.45024
-0.65759	0.55312	0.51151	5.53118
0.65166	0.75830	0.01778	7.58300
0.00000	0.00000	0.00000	1.00000

boidNo = 19
boid Wall No = 0
position = = (10.0, -0.4, 0.4)
Boid Radius= 10
Boid Frame=
 -0.02281	0.99860	0.04764	9.98604
-0.95246	-0.03618	0.30252	-0.36185
-0.30382	0.03848	-0.95195	0.38479
0.00000	0.00000	0.00000	1.00000

