Iteration Num of Simuation:0
m_SimulationDeltaT of action plan:0
boidNo = 0
boid Wall No = 1
position = = (-3.4, 9.3, 1.0)
Boid Radius= 10
Boid Frame=
 -0.02407	-0.34410	0.93862	-3.44104
-0.11895	0.93321	0.33907	9.33211
0.99261	0.10349	0.06339	1.03487
0.00000	0.00000	0.00000	1.00000

boidNo = 1
boid Wall No = 1
position = = (-0.7, 10.0, 0.2)
Boid Radius= 10
Boid Frame=
 0.60339	-0.07370	0.79403	-0.73695
0.02951	0.99710	0.07012	9.97102
0.79690	0.01887	-0.60382	0.18875
0.00000	0.00000	0.00000	1.00000

boidNo = 2
boid Wall No = 1
position = = (0.4, 9.7, -2.5)
Boid Radius= 10
Boid Frame=
 -0.82906	0.04330	-0.55747	0.43297
-0.10736	0.96612	0.23470	9.66120
-0.54875	-0.25444	0.79633	-2.54435
0.00000	0.00000	0.00000	1.00000

boidNo = 3
boid Wall No = 0
position = = (0.4, -9.9, 1.3)
Boid Radius= 10
Boid Frame=
 0.90845	0.03677	0.41638	0.36772
-0.01999	-0.99116	0.13115	-9.91161
-0.41752	0.12747	0.89968	1.27468
0.00000	0.00000	0.00000	1.00000

boidNo = 4
boid Wall No = 1
position = = (5.6, 6.7, -5.0)
Boid Radius= 10
Boid Frame=
 -0.25203	0.55777	-0.79081	5.57768
-0.43262	0.66604	0.60764	6.66041
-0.86563	-0.49526	-0.07344	-4.95262
0.00000	0.00000	0.00000	1.00000

boidNo = 5
boid Wall No = 0
position = = (-1.5, -6.3, 7.6)
Boid Radius= 10
Boid Frame=
 0.96490	-0.14750	0.21726	-1.47499
-0.26109	-0.62746	0.73357	-6.27462
-0.02812	0.76455	0.64395	7.64549
0.00000	0.00000	0.00000	1.00000

boidNo = 6
boid Wall No = 0
position = = (1.8, -0.1, -9.8)
Boid Radius= 10
Boid Frame=
 -0.02788	0.17592	-0.98401	1.75916
-0.99958	-0.01267	0.02606	-0.12674
0.00789	-0.98432	-0.17620	-9.84324
0.00000	0.00000	0.00000	1.00000

boidNo = 7
boid Wall No = 1
position = = (-8.5, 0.3, 5.3)
Boid Radius= 10
Boid Frame=
 0.37815	-0.84700	0.37362	-8.47002
-0.67219	0.02628	0.73992	0.26279
0.63653	0.53094	0.55940	5.30940
0.00000	0.00000	0.00000	1.00000

boidNo = 8
boid Wall No = 0
position = = (3.0, -9.5, 0.9)
Boid Radius= 10
Boid Frame=
 0.95372	0.30029	-0.01585	3.00287
0.30048	-0.94963	0.08895	-9.49632
-0.01166	0.08960	0.99591	0.89595
0.00000	0.00000	0.00000	1.00000

boidNo = 9
boid Wall No = 0
position = = (7.3, -2.9, 6.2)
Boid Radius= 10
Boid Frame=
 0.31654	0.73144	0.60399	7.31436
-0.65679	-0.29042	0.69591	-2.90418
-0.68442	0.61698	-0.38847	6.16976
0.00000	0.00000	0.00000	1.00000

boidNo = 10
boid Wall No = 1
position = = (-3.4, 1.9, -9.2)
Boid Radius= 10
Boid Frame=
 -0.71984	-0.33619	-0.60729	-3.36194
-0.68281	0.18556	0.70664	1.85558
0.12488	-0.92333	0.36313	-9.23332
0.00000	0.00000	0.00000	1.00000

boidNo = 11
boid Wall No = 1
position = = (1.4, 9.8, 1.6)
Boid Radius= 9.999999
Boid Frame=
 0.56774	0.13670	-0.81178	1.36700
0.05813	0.97700	0.20518	9.76998
-0.82115	0.16367	-0.54673	1.63673
0.00000	0.00000	0.00000	1.00000

boidNo = 12
boid Wall No = 0
position = = (-1.6, -6.6, -7.3)
Boid Radius= 10
Boid Frame=
 -0.88004	-0.16059	-0.44693	-1.60587
-0.23918	-0.66315	0.70924	-6.63149
0.41027	-0.73106	-0.54519	-7.31058
0.00000	0.00000	0.00000	1.00000

boidNo = 13
boid Wall No = 1
position = = (-8.1, 1.4, 5.7)
Boid Radius= 10
Boid Frame=
 0.31721	-0.80684	0.49838	-8.06840
-0.72140	0.13584	0.67906	1.35839
0.61560	0.57494	0.53897	5.74941
0.00000	0.00000	0.00000	1.00000

boidNo = 14
boid Wall No = 0
position = = (8.9, -4.2, 1.7)
Boid Radius= 10
Boid Frame=
 -0.15207	0.89259	0.42445	8.92588
-0.63804	-0.41663	0.64755	-4.16632
-0.75484	0.17235	-0.63287	1.72348
0.00000	0.00000	0.00000	1.00000

boidNo = 15
boid Wall No = 1
position = = (9.0, 4.2, -1.1)
Boid Radius= 10
Boid Frame=
 0.18571	0.90207	-0.38959	9.02072
-0.59993	0.41810	0.68211	4.18098
-0.77820	-0.10705	-0.61883	-1.07053
0.00000	0.00000	0.00000	1.00000

boidNo = 16
boid Wall No = 0
position = = (-4.6, -7.8, -4.2)
Boid Radius= 10
Boid Frame=
 -0.60642	-0.46046	-0.64825	-4.60462
-0.06924	-0.78158	0.61994	-7.81585
0.79212	-0.42083	-0.44209	-4.20833
0.00000	0.00000	0.00000	1.00000

boidNo = 17
boid Wall No = 1
position = = (-6.9, 7.2, 0.0)
Boid Radius= 10
Boid Frame=
 -0.29056	-0.69168	0.66118	-6.91680
-0.28258	0.72220	0.63133	7.22197
0.91418	0.00339	0.40530	0.03393
0.00000	0.00000	0.00000	1.00000

boidNo = 18
boid Wall No = 1
position = = (-8.4, 5.3, 0.9)
Boid Radius= 9.999999
Boid Frame=
 -0.25009	-0.84198	0.47804	-8.41978
-0.53327	0.53188	0.65782	5.31882
0.80813	0.09041	0.58202	0.90409
0.00000	0.00000	0.00000	1.00000

boidNo = 19
boid Wall No = 1
position = = (-2.7, 9.5, -1.8)
Boid Radius= 10
Boid Frame=
 -0.88717	-0.26610	0.37698	-2.66103
-0.16913	0.94764	0.27089	9.47636
0.42932	-0.17657	0.88572	-1.76566
0.00000	0.00000	0.00000	1.00000

