Iteration Num of Simuation:0
m_SimulationDeltaT of action plan:0
boidNo = 0
boid Wall No = 0
position = = (-3.4, -6.3, 7.0)
Boid Radius= 10
Boid Frame=
 0.93857	-0.33545	0.08100	-3.35450
-0.28726	-0.62937	0.72206	-6.29369
0.19123	0.70098	0.68707	7.00976
0.00000	0.00000	0.00000	1.00000

boidNo = 1
boid Wall No = 0
position = = (-2.0, -2.3, -9.5)
Boid Radius= 10
Boid Frame=
 -0.79602	-0.19904	-0.57161	-1.99037
-0.52774	-0.23421	0.81648	-2.34214
0.29639	-0.95159	-0.08140	-9.51592
0.00000	0.00000	0.00000	1.00000

boidNo = 2
boid Wall No = 1
position = = (-1.4, 9.6, -2.6)
Boid Radius= 10
Boid Frame=
 -0.78861	-0.13856	0.59909	-1.38557
0.05240	0.95559	0.28999	9.55594
0.61266	-0.26008	0.74633	-2.60082
0.00000	0.00000	0.00000	1.00000

boidNo = 3
boid Wall No = 0
position = = (7.3, -0.4, 6.8)
Boid Radius= 10
Boid Frame=
 0.47382	0.73106	0.49096	7.31062
-0.69100	-0.03695	0.72191	-0.36953
-0.54590	0.68131	-0.48765	6.81310
0.00000	0.00000	0.00000	1.00000

boidNo = 4
boid Wall No = 0
position = = (0.5, -9.9, -1.2)
Boid Radius= 10
Boid Frame=
 -0.91342	0.05286	0.40356	0.52861
-0.00041	-0.99165	0.12897	-9.91649
-0.40701	-0.11764	-0.90582	-1.17638
0.00000	0.00000	0.00000	1.00000

boidNo = 5
boid Wall No = 0
position = = (-7.4, -6.7, -0.9)
Boid Radius= 10
Boid Frame=
 0.11960	-0.73956	-0.66238	-7.39564
-0.26065	-0.66715	0.69783	-6.67151
0.95800	-0.08919	0.27255	-0.89189
0.00000	0.00000	0.00000	1.00000

boidNo = 6
boid Wall No = 0
position = = (-1.0, -9.9, 0.9)
Boid Radius= 10
Boid Frame=
 0.80530	-0.10407	-0.58366	-1.04067
-0.03337	-0.99087	0.13063	-9.90870
0.59192	0.08572	0.80142	0.85719
0.00000	0.00000	0.00000	1.00000

boidNo = 7
boid Wall No = 1
position = = (9.6, 1.4, -2.3)
Boid Radius= 10
Boid Frame=
 -0.03292	0.96330	-0.26641	9.63298
-0.79580	0.13600	0.59009	1.36001
-0.60467	-0.23143	-0.76211	-2.31431
0.00000	0.00000	0.00000	1.00000

boidNo = 8
boid Wall No = 1
position = = (-9.9, 0.1, 1.6)
Boid Radius= 9.999999
Boid Frame=
 0.10898	-0.98733	0.11538	-9.87325
-0.67304	0.01213	0.73951	0.12126
0.73153	0.15825	0.66319	1.58248
0.00000	0.00000	0.00000	1.00000

boidNo = 9
boid Wall No = 0
position = = (5.3, -0.9, -8.5)
Boid Radius= 10
Boid Frame=
 -0.22179	0.52586	-0.82115	5.25855
-0.97440	-0.08767	0.20704	-0.87666
-0.03689	-0.84604	-0.53183	-8.46044
0.00000	0.00000	0.00000	1.00000

