Iteration Num of Simuation:0
m_SimulationDeltaT of action plan:0
boidNo = 0
boid Wall No = 1
position = = (-5.5, 0.7, -8.3)
Boid Radius= 10
Boid Frame=
 -0.59217	-0.54785	-0.59093	-5.47852
-0.73767	0.07340	0.67116	0.73400
0.32432	-0.83335	0.44760	-8.33349
0.00000	0.00000	0.00000	1.00000

boidNo = 1
boid Wall No = 0
position = = (2.1, -5.7, 8.0)
Boid Radius= 10
Boid Frame=
 0.82398	0.20670	0.52758	2.06698
-0.33941	-0.56551	0.75166	-5.65514
-0.45372	0.79842	0.39581	7.98417
0.00000	0.00000	0.00000	1.00000

boidNo = 2
boid Wall No = 1
position = = (6.9, 3.2, -6.5)
Boid Radius= 10
Boid Frame=
 -0.39367	0.68887	-0.60867	6.88870
-0.58933	0.31903	0.74223	3.19029
-0.70548	-0.65091	-0.28038	-6.50906
0.00000	0.00000	0.00000	1.00000

boidNo = 3
boid Wall No = 0
position = = (1.5, -9.4, -2.9)
Boid Radius= 10
Boid Frame=
 -0.95347	0.15103	0.26093	1.51034
-0.06140	-0.94461	0.32241	-9.44606
-0.29518	-0.29139	-0.90992	-2.91391
0.00000	0.00000	0.00000	1.00000

boidNo = 4
boid Wall No = 0
position = = (-6.4, -7.3, -2.3)
Boid Radius= 10
Boid Frame=
 -0.19373	-0.64287	-0.74107	-6.42873
-0.12938	-0.73204	0.66886	-7.32042
0.97249	-0.22545	-0.05864	-2.25453
0.00000	0.00000	0.00000	1.00000

boidNo = 5
boid Wall No = 0
position = = (5.0, -5.8, 6.4)
Boid Radius= 10
Boid Frame=
 0.54263	0.50500	0.67121	5.04999
-0.36340	-0.57930	0.72963	-5.79296
-0.75729	0.63984	0.13083	6.39837
0.00000	0.00000	0.00000	1.00000

boidNo = 6
boid Wall No = 1
position = = (7.0, 6.1, -3.7)
Boid Radius= 10
Boid Frame=
 -0.04063	0.69617	-0.71673	6.96168
-0.48786	0.61218	0.62228	6.12181
-0.87198	-0.37495	-0.31476	-3.74946
0.00000	0.00000	0.00000	1.00000

boidNo = 7
boid Wall No = 0
position = = (0.7, -9.7, -2.3)
Boid Radius= 10
Boid Frame=
 -0.95659	0.06895	0.28316	0.68948
0.00036	-0.97133	0.23775	-9.71327
-0.29143	-0.22753	-0.92914	-2.27532
0.00000	0.00000	0.00000	1.00000

boidNo = 8
boid Wall No = 0
position = = (-3.0, -0.9, 9.5)
Boid Radius= 10
Boid Frame=
 0.80429	-0.29862	0.51375	-2.98624
-0.55910	-0.08744	0.82447	-0.87435
0.20129	0.95036	0.23729	9.50357
0.00000	0.00000	0.00000	1.00000

boidNo = 9
boid Wall No = 0
position = = (0.9, -9.8, -2.0)
Boid Radius= 10
Boid Frame=
 -0.77020	0.08862	0.63162	0.88620
0.06044	-0.97570	0.21060	-9.75701
-0.63494	-0.20038	-0.74613	-2.00384
0.00000	0.00000	0.00000	1.00000

boidNo = 10
boid Wall No = 0
position = = (-3.5, -9.3, 0.3)
Boid Radius= 10
Boid Frame=
 -0.21482	-0.35348	-0.91044	-3.53484
0.11680	-0.93481	0.33539	-9.34812
0.96965	0.03429	-0.24210	0.34289
0.00000	0.00000	0.00000	1.00000

boidNo = 11
boid Wall No = 0
position = = (7.9, -5.8, 1.9)
Boid Radius= 10
Boid Frame=
 -0.00654	0.79434	0.60744	7.94336
-0.32858	-0.57544	0.74894	-5.75435
-0.94445	0.19469	-0.26477	1.94692
0.00000	0.00000	0.00000	1.00000

boidNo = 12
boid Wall No = 0
position = = (-3.3, -9.1, 2.6)
Boid Radius= 10
Boid Frame=
 0.73072	-0.32596	-0.59983	-3.25958
-0.06848	-0.90921	0.41066	-9.09215
0.67923	0.25900	0.68671	2.58999
0.00000	0.00000	0.00000	1.00000

boidNo = 13
boid Wall No = 0
position = = (-0.6, -9.8, -1.9)
Boid Radius= 10
Boid Frame=
 -0.84809	-0.06032	-0.52641	-0.60322
-0.04749	-0.98085	0.18890	-9.80847
0.52772	-0.18520	-0.82898	-1.85203
0.00000	0.00000	0.00000	1.00000

boidNo = 14
boid Wall No = 1
position = = (3.6, 9.3, 0.3)
Boid Radius= 9.999999
Boid Frame=
 0.30482	0.35926	-0.88205	3.59259
-0.08273	0.93261	0.35126	9.32615
-0.94881	0.03410	-0.31400	0.34101
0.00000	0.00000	0.00000	1.00000

boidNo = 15
boid Wall No = 1
position = = (-4.3, 8.8, -1.7)
Boid Radius= 10
Boid Frame=
 -0.50473	-0.43282	0.74693	-4.32821
-0.07806	0.88457	0.45983	8.84571
0.85974	-0.17378	0.48026	-1.73785
0.00000	0.00000	0.00000	1.00000

boidNo = 16
boid Wall No = 0
position = = (-6.8, -5.6, 4.8)
Boid Radius= 10
Boid Frame=
 0.71887	-0.67917	0.14816	-6.79169
-0.63689	-0.55809	0.53189	-5.58087
0.27856	0.47673	0.83375	4.76727
0.00000	0.00000	0.00000	1.00000

boidNo = 17
boid Wall No = 1
position = = (-3.6, 9.1, 2.1)
Boid Radius= 10
Boid Frame=
 0.28265	-0.35791	0.88995	-3.57905
-0.11384	0.90871	0.40160	9.08711
0.95244	0.21482	-0.21610	2.14823
0.00000	0.00000	0.00000	1.00000

boidNo = 18
boid Wall No = 0
position = = (4.3, -8.9, 1.4)
Boid Radius= 10
Boid Frame=
 -0.01161	0.42616	0.90457	4.26163
-0.16227	-0.89345	0.41884	-8.93445
-0.98668	0.14192	-0.07953	1.41920
0.00000	0.00000	0.00000	1.00000

boidNo = 19
boid Wall No = 0
position = = (1.3, -9.9, 0.3)
Boid Radius= 9.999999
Boid Frame=
 0.11479	0.12867	0.98502	1.28671
-0.01526	-0.99123	0.13126	-9.91230
-0.99327	0.03010	0.11182	0.30102
0.00000	0.00000	0.00000	1.00000

