Iteration Num of Simuation:0
m_SimulationDeltaT of action plan:0
boidNo = 0
boid Wall No = 0
position = = (3.8, -5.3, -7.6)
Boid Radius= 10
Boid Frame=
 -0.51186	0.37694	-0.77196	3.76943
-0.80170	-0.53247	0.27157	-5.32473
0.30868	-0.75788	-0.57474	-7.57883
0.00000	0.00000	0.00000	1.00000

boidNo = 1
boid Wall No = 0
position = = (5.2, -8.3, -2.2)
Boid Radius= 10
Boid Frame=
 -0.34850	0.51605	0.78246	5.16046
0.03231	-0.82769	0.56026	-8.27686
-0.93675	-0.22053	-0.27178	-2.20529
0.00000	0.00000	0.00000	1.00000

boidNo = 2
boid Wall No = 0
position = = (2.8, -3.0, 9.1)
Boid Radius= 10
Boid Frame=
 -0.24013	0.28030	0.92939	2.80303
-0.94039	-0.30472	-0.15106	-3.04720
-0.24086	0.91026	-0.33676	9.10262
0.00000	0.00000	0.00000	1.00000

boidNo = 3
boid Wall No = 1
position = = (-0.6, 10.0, 0.2)
Boid Radius= 10
Boid Frame=
 -0.04452	-0.05599	0.99744	-0.55992
-0.02430	0.99819	0.05495	9.98193
0.99871	0.02180	0.04580	0.21796
0.00000	0.00000	0.00000	1.00000

boidNo = 4
boid Wall No = 0
position = = (8.9, -4.2, -1.9)
Boid Radius= 10
Boid Frame=
 -0.38325	0.88791	0.25443	8.87910
-0.44214	-0.41821	0.79348	-4.18213
-0.81095	-0.19161	-0.55286	-1.91607
0.00000	0.00000	0.00000	1.00000

boidNo = 5
boid Wall No = 0
position = = (4.7, -3.9, 7.9)
Boid Radius= 10
Boid Frame=
 0.03971	0.46909	0.88226	4.69089
-0.88786	-0.38850	0.24652	-3.88495
-0.45839	0.79311	-0.40106	7.93112
0.00000	0.00000	0.00000	1.00000

boidNo = 6
boid Wall No = 1
position = = (1.4, 9.9, -0.1)
Boid Radius= 10
Boid Frame=
 -0.36901	0.13883	-0.91900	1.38831
0.03984	0.99023	0.13359	9.90235
-0.92857	-0.01268	0.37094	-0.12680
0.00000	0.00000	0.00000	1.00000

boidNo = 7
boid Wall No = 0
position = = (-7.8, -3.7, 5.1)
Boid Radius= 10
Boid Frame=
 0.62822	-0.77793	0.01285	-7.77932
-0.47879	-0.37352	0.79451	-3.73521
0.61327	0.50528	0.60712	5.05276
0.00000	0.00000	0.00000	1.00000

boidNo = 8
boid Wall No = 1
position = = (-3.1, 8.7, 3.8)
Boid Radius= 10
Boid Frame=
 0.56977	-0.31341	0.75969	-3.13409
-0.14668	0.87079	0.46926	8.70795
0.80861	0.37880	-0.45018	3.78803
0.00000	0.00000	0.00000	1.00000

boidNo = 9
boid Wall No = 1
position = = (-5.7, 0.7, -8.2)
Boid Radius= 10
Boid Frame=
 -0.64410	-0.56784	-0.51253	-5.67840
-0.65915	0.07204	0.74855	0.72039
0.38813	-0.81998	0.42069	-8.19981
0.00000	0.00000	0.00000	1.00000

boidNo = 10
boid Wall No = 0
position = = (-8.7, -5.0, -0.5)
Boid Radius= 10
Boid Frame=
 0.44556	-0.86543	-0.22914	-8.65429
-0.81352	-0.49824	0.29989	-4.98243
0.37370	-0.05279	0.92605	-0.52794
0.00000	0.00000	0.00000	1.00000

boidNo = 11
boid Wall No = 0
position = = (9.0, -1.7, -4.0)
Boid Radius= 10
Boid Frame=
 -0.41703	0.89967	-0.12916	8.99671
-0.61309	-0.17354	0.77072	-1.73537
-0.67098	-0.40060	-0.62394	-4.00596
0.00000	0.00000	0.00000	1.00000

boidNo = 12
boid Wall No = 1
position = = (-3.1, 1.9, 9.3)
Boid Radius= 10
Boid Frame=
 0.69791	-0.30868	0.64625	-3.08675
-0.61937	0.19293	0.76103	1.92929
0.35959	0.93140	0.05654	9.31396
0.00000	0.00000	0.00000	1.00000

boidNo = 13
boid Wall No = 1
position = = (-9.3, 3.0, -2.0)
Boid Radius= 10
Boid Frame=
 -0.35404	-0.93386	0.05055	-9.33862
-0.68801	0.29668	0.66229	2.96683
0.63348	-0.19970	0.74754	-1.99702
0.00000	0.00000	0.00000	1.00000

boidNo = 14
boid Wall No = 1
position = = (0.7, 7.3, -6.8)
Boid Radius= 10
Boid Frame=
 -0.64267	0.06878	-0.76305	0.68777
-0.48969	0.72910	0.47815	7.29099
-0.58923	-0.68094	0.43489	-6.80944
0.00000	0.00000	0.00000	1.00000

boidNo = 15
boid Wall No = 1
position = = (2.9, 1.1, 9.5)
Boid Radius= 10
Boid Frame=
 0.49033	0.29468	0.82021	2.94682
-0.87022	0.11390	0.47931	1.13898
-0.04782	0.94878	-0.31229	9.48783
0.00000	0.00000	0.00000	1.00000

boidNo = 16
boid Wall No = 0
position = = (-8.1, -2.3, -5.3)
Boid Radius= 10
Boid Frame=
 -0.34861	-0.81357	-0.46538	-8.13568
-0.53990	-0.23156	0.80925	-2.31561
0.76614	-0.53337	0.35852	-5.33372
0.00000	0.00000	0.00000	1.00000

boidNo = 17
boid Wall No = 0
position = = (0.2, -10.0, 0.6)
Boid Radius= 10
Boid Frame=
 0.91748	0.01858	0.39735	0.18578
-0.00864	-0.99774	0.06659	-9.97743
-0.39769	0.06453	0.91525	0.64531
0.00000	0.00000	0.00000	1.00000

boidNo = 18
boid Wall No = 0
position = = (6.8, -6.8, -2.7)
Boid Radius= 10
Boid Frame=
 -0.67744	0.67924	0.28233	6.79237
-0.44098	-0.68222	0.58319	-6.82223
-0.58873	-0.27057	-0.76170	-2.70572
0.00000	0.00000	0.00000	1.00000

boidNo = 19
boid Wall No = 1
position = = (0.3, 9.7, -2.3)
Boid Radius= 10
Boid Frame=
 -0.82613	0.02513	-0.56292	0.25134
-0.10860	0.97317	0.20284	9.73171
-0.55291	-0.22870	0.80124	-2.28705
0.00000	0.00000	0.00000	1.00000

