Iteration Num of Simuation:0
m_SimulationDeltaT of action plan:0
boidNo = 0
boid Wall No = 1
position = = (2.2, 2.1, -9.5)
Boid Radius= 10
Boid Frame=
 -0.63309	0.22344	-0.74113	2.23435
-0.71248	0.20609	0.67075	2.06087
-0.30261	-0.95268	-0.02872	-9.52683
0.00000	0.00000	0.00000	1.00000

boidNo = 1
boid Wall No = 0
position = = (-8.3, -0.6, -5.6)
Boid Radius= 10
Boid Frame=
 -0.32633	-0.82930	-0.45363	-8.29296
-0.75569	-0.05941	0.65223	-0.59406
0.56784	-0.55564	0.60730	-5.55644
0.00000	0.00000	0.00000	1.00000

boidNo = 2
boid Wall No = 1
position = = (8.0, 1.7, 5.7)
Boid Radius= 10
Boid Frame=
 0.51344	0.80313	0.30226	8.03131
-0.68769	0.17441	0.70475	1.74406
-0.51329	0.56971	-0.64185	5.69705
0.00000	0.00000	0.00000	1.00000

boidNo = 3
boid Wall No = 1
position = = (4.4, 8.9, 1.4)
Boid Radius= 10
Boid Frame=
 0.62608	0.43720	-0.64566	4.37203
-0.18873	0.88837	0.41855	8.88369
-0.75657	0.14019	-0.63871	1.40192
0.00000	0.00000	0.00000	1.00000

boidNo = 4
boid Wall No = 1
position = = (-2.6, 9.0, 3.5)
Boid Radius= 10
Boid Frame=
 0.20200	-0.26422	0.94307	-2.64224
-0.30441	0.89829	0.31688	8.98288
0.93088	0.35109	-0.10102	3.51090
0.00000	0.00000	0.00000	1.00000

boidNo = 5
boid Wall No = 0
position = = (7.8, -4.2, 4.6)
Boid Radius= 10
Boid Frame=
 -0.25817	0.78420	0.56425	7.84196
-0.89183	-0.41802	0.17290	-4.18017
-0.37146	0.45858	-0.80729	4.58582
0.00000	0.00000	0.00000	1.00000

boidNo = 6
boid Wall No = 1
position = = (9.9, 0.2, -1.5)
Boid Radius= 10
Boid Frame=
 -0.07741	0.98805	-0.13329	9.88050
-0.78337	0.02242	0.62115	0.22417
-0.61672	-0.15250	-0.77227	-1.52498
0.00000	0.00000	0.00000	1.00000

boidNo = 7
boid Wall No = 1
position = = (1.1, 8.7, 4.8)
Boid Radius= 10
Boid Frame=
 0.99202	0.11377	-0.05434	1.13774
-0.07319	0.87059	0.48653	8.70592
-0.10267	0.47867	-0.87197	4.78671
0.00000	0.00000	0.00000	1.00000

boidNo = 8
boid Wall No = 1
position = = (8.5, 0.8, -5.2)
Boid Radius= 10
Boid Frame=
 -0.32467	0.84931	-0.41625	8.49307
-0.70159	0.07889	0.70820	0.78894
-0.63432	-0.52197	-0.57025	-5.21970
0.00000	0.00000	0.00000	1.00000

boidNo = 9
boid Wall No = 0
position = = (0.1, -7.9, 6.2)
Boid Radius= 10
Boid Frame=
 0.99286	0.00919	0.11892	0.09188
-0.06633	-0.78609	0.61454	-7.86095
-0.09913	0.61804	0.77987	6.18038
0.00000	0.00000	0.00000	1.00000

boidNo = 10
boid Wall No = 0
position = = (3.6, -9.3, -0.4)
Boid Radius= 10
Boid Frame=
 0.17841	0.35759	0.91668	3.57589
0.11200	-0.93295	0.34214	-9.32951
-0.97756	-0.04163	0.20650	-0.41626
0.00000	0.00000	0.00000	1.00000

boidNo = 11
boid Wall No = 0
position = = (1.1, -9.9, 0.3)
Boid Radius= 10
Boid Frame=
 0.14542	0.11381	0.98280	1.13805
-0.01381	-0.99303	0.11703	-9.93032
-0.98927	0.03059	0.14283	0.30594
0.00000	0.00000	0.00000	1.00000

boidNo = 12
boid Wall No = 0
position = = (1.2, -9.9, 0.0)
Boid Radius= 10
Boid Frame=
 -0.19040	0.12044	0.97429	1.20441
-0.02260	-0.99272	0.11830	-9.92720
-0.98145	-0.00051	-0.19173	-0.00508
0.00000	0.00000	0.00000	1.00000

boidNo = 13
boid Wall No = 0
position = = (4.2, -9.0, 1.2)
Boid Radius= 10
Boid Frame=
 0.30252	0.42372	0.85378	4.23717
0.01444	-0.89769	0.44039	-8.97691
-0.95303	0.12089	0.27769	1.20894
0.00000	0.00000	0.00000	1.00000

boidNo = 14
boid Wall No = 0
position = = (0.0, -9.8, 2.0)
Boid Radius= 10
Boid Frame=
 0.99888	-0.00399	-0.04705	-0.03995
0.00548	-0.97990	0.19943	-9.79897
0.04691	0.19946	0.97878	1.99464
0.00000	0.00000	0.00000	1.00000

boidNo = 15
boid Wall No = 0
position = = (-8.7, -1.6, 4.6)
Boid Radius= 10
Boid Frame=
 0.46585	-0.87317	0.14336	-8.73173
-0.54781	-0.15736	0.82167	-1.57357
0.69490	0.46131	0.55164	4.61312
0.00000	0.00000	0.00000	1.00000

boidNo = 16
boid Wall No = 0
position = = (2.9, -9.3, 2.3)
Boid Radius= 10
Boid Frame=
 0.62268	0.29112	0.72631	2.91117
0.00057	-0.92838	0.37162	-9.28383
-0.78248	0.23099	0.57825	2.30987
0.00000	0.00000	0.00000	1.00000

boidNo = 17
boid Wall No = 1
position = = (-0.2, 9.7, -2.6)
Boid Radius= 9.999999
Boid Frame=
 -0.98679	-0.02336	0.16034	-0.23357
0.01913	0.96585	0.25840	9.65848
0.16090	-0.25805	0.95264	-2.58053
0.00000	0.00000	0.00000	1.00000

boidNo = 18
boid Wall No = 0
position = = (0.1, -7.9, -6.1)
Boid Radius= 10
Boid Frame=
 -0.97455	0.00631	-0.22408	0.06312
-0.14222	-0.79010	0.59626	-7.90096
0.17328	-0.61295	-0.77089	-6.12951
0.00000	0.00000	0.00000	1.00000

boidNo = 19
boid Wall No = 1
position = = (-8.0, 3.4, 5.0)
Boid Radius= 10
Boid Frame=
 0.21045	-0.79559	0.56812	-7.95586
-0.61811	0.34194	0.70782	3.41943
0.75740	0.50012	0.41980	5.00118
0.00000	0.00000	0.00000	1.00000

