Iteration Num of Simuation:0
m_SimulationDeltaT of action plan:0
boidNo = 0
boid Wall No = 1
position = = (8.5, 4.9, -2.2)
Boid Radius= 9.999999
Boid Frame=
 0.05621	0.84566	-0.53076	8.45658
-0.48900	0.48679	0.72382	4.86791
-0.87047	-0.21886	-0.44089	-2.18855
0.00000	0.00000	0.00000	1.00000

boidNo = 1
boid Wall No = 1
position = = (3.8, 9.2, 0.5)
Boid Radius= 10
Boid Frame=
 0.45328	0.38169	-0.80551	3.81687
-0.14374	0.92315	0.35655	9.23155
-0.87970	0.04583	-0.47331	0.45835
0.00000	0.00000	0.00000	1.00000

boidNo = 2
boid Wall No = 0
position = = (6.8, -6.3, -3.8)
Boid Radius= 10
Boid Frame=
 -0.66072	0.67884	0.32035	6.78839
-0.30188	-0.63105	0.71459	-6.31051
-0.68725	-0.37544	-0.62188	-3.75436
0.00000	0.00000	0.00000	1.00000

boidNo = 3
boid Wall No = 1
position = = (0.6, 9.7, 2.3)
Boid Radius= 10
Boid Frame=
 0.88749	0.05538	0.45748	0.55384
-0.15312	0.97179	0.17939	9.71789
0.43464	0.22926	-0.87093	2.29259
0.00000	0.00000	0.00000	1.00000

boidNo = 4
boid Wall No = 0
position = = (-0.2, -10.0, 0.6)
Boid Radius= 10
Boid Frame=
 0.93396	-0.02395	-0.35656	-0.23949
0.00012	-0.99773	0.06732	-9.97732
0.35737	0.06291	0.93184	0.62915
0.00000	0.00000	0.00000	1.00000

boidNo = 5
boid Wall No = 1
position = = (-4.8, 3.1, -8.2)
Boid Radius= 10
Boid Frame=
 -0.74399	-0.48392	-0.46076	-4.83917
-0.63877	0.31274	0.70297	3.12738
0.19608	-0.81732	0.54179	-8.17325
0.00000	0.00000	0.00000	1.00000

boidNo = 6
boid Wall No = 1
position = = (-9.6, 2.3, -1.4)
Boid Radius= 10
Boid Frame=
 -0.25570	-0.96282	0.08720	-9.62815
-0.60311	0.22936	0.76397	2.29364
0.75556	-0.14275	0.63933	-1.42754
0.00000	0.00000	0.00000	1.00000

boidNo = 7
boid Wall No = 0
position = = (9.3, -3.6, -0.5)
Boid Radius= 10
Boid Frame=
 -0.25819	0.93095	0.25822	9.30948
-0.56401	-0.36225	0.74207	-3.62249
-0.78437	-0.04595	-0.61859	-0.45954
0.00000	0.00000	0.00000	1.00000

boidNo = 8
boid Wall No = 0
position = = (3.8, -9.2, -1.0)
Boid Radius= 10
Boid Frame=
 0.33221	0.38309	0.86191	3.83087
0.23957	-0.91811	0.31573	-9.18108
-0.91227	-0.10160	0.39678	-1.01598
0.00000	0.00000	0.00000	1.00000

boidNo = 9
boid Wall No = 0
position = = (3.4, -9.4, -0.5)
Boid Radius= 10
Boid Frame=
 -0.18950	0.33807	0.92184	3.38074
-0.01692	-0.93984	0.34119	-9.39840
-0.98173	-0.04906	-0.18382	-0.49055
0.00000	0.00000	0.00000	1.00000

