Iteration Num of Simuation:0
m_SimulationDeltaT of action plan:0
boidNo = 0
boid Wall No = 0
position = = (3.6, -7.1, -6.1)
Boid Radius= 10
Boid Frame=
 -0.91869	0.36014	0.16221	3.60140
-0.15585	-0.70786	0.68894	-7.07863
-0.36294	-0.60764	-0.70643	-6.07642
0.00000	0.00000	0.00000	1.00000

boidNo = 1
boid Wall No = 0
position = = (-7.6, -6.2, -2.1)
Boid Radius= 10
Boid Frame=
 0.01613	-0.75657	-0.65372	-7.56569
-0.33585	-0.61992	0.70916	-6.19916
0.94178	-0.20811	0.26409	-2.08107
0.00000	0.00000	0.00000	1.00000

boidNo = 2
boid Wall No = 0
position = = (0.0, -10.0, -0.5)
Boid Radius= 10
Boid Frame=
 -0.96615	-0.00342	-0.25795	-0.03418
-0.00995	-0.99867	0.05050	-9.98675
0.25778	-0.05135	-0.96484	-0.51355
0.00000	0.00000	0.00000	1.00000

boidNo = 3
boid Wall No = 1
position = = (-5.1, 1.7, 8.4)
Boid Radius= 10
Boid Frame=
 0.61738	-0.50812	0.60055	-5.08121
-0.61218	0.16911	0.77242	1.69114
0.49404	0.84452	0.20665	8.44520
0.00000	0.00000	0.00000	1.00000

boidNo = 4
boid Wall No = 0
position = = (2.2, -7.5, -6.2)
Boid Radius= 10
Boid Frame=
 -0.97002	0.21507	0.11320	2.15070
-0.09050	-0.75191	0.65302	-7.51911
-0.22557	-0.62320	-0.74883	-6.23198
0.00000	0.00000	0.00000	1.00000

boidNo = 5
boid Wall No = 1
position = = (-4.9, 1.1, -8.7)
Boid Radius= 10
Boid Frame=
 -0.38215	-0.48864	-0.78434	-4.88640
-0.91834	0.10617	0.38129	1.06171
0.10304	-0.86600	0.48931	-8.66001
0.00000	0.00000	0.00000	1.00000

boidNo = 6
boid Wall No = 0
position = = (7.4, -6.8, 0.1)
Boid Radius= 10
Boid Frame=
 -0.23376	0.73764	0.63344	7.37637
-0.26584	-0.67516	0.68811	-6.75156
-0.93525	0.00754	-0.35392	0.07538
0.00000	0.00000	0.00000	1.00000

boidNo = 7
boid Wall No = 0
position = = (-2.4, -2.8, -9.3)
Boid Radius= 10
Boid Frame=
 -0.74864	-0.24025	-0.61791	-2.40249
-0.55748	-0.27632	0.78286	-2.76323
0.35882	-0.93055	-0.07293	-9.30552
0.00000	0.00000	0.00000	1.00000

boidNo = 8
boid Wall No = 1
position = = (5.1, 4.3, -7.5)
Boid Radius= 10
Boid Frame=
 -0.51472	0.50860	-0.69021	5.08599
-0.54374	0.42878	0.72145	4.28781
-0.66288	-0.74664	-0.05585	-7.46642
0.00000	0.00000	0.00000	1.00000

boidNo = 9
boid Wall No = 0
position = = (3.8, -5.5, -7.4)
Boid Radius= 10
Boid Frame=
 -0.91353	0.38064	-0.14343	3.80644
-0.34851	-0.55057	0.75856	-5.50573
-0.20977	-0.74295	-0.63562	-7.42954
0.00000	0.00000	0.00000	1.00000

boidNo = 10
boid Wall No = 0
position = = (4.2, -0.7, 9.1)
Boid Radius= 10
Boid Frame=
 0.53982	0.41696	0.73126	4.16958
-0.78435	-0.06623	0.61678	-0.66233
-0.30560	0.90651	-0.29129	9.06509
0.00000	0.00000	0.00000	1.00000

boidNo = 11
boid Wall No = 1
position = = (1.5, 9.0, 4.1)
Boid Radius= 10
Boid Frame=
 0.96465	0.14520	-0.21993	1.45197
-0.03767	0.90193	0.43023	9.01931
-0.26083	0.40674	-0.87552	4.06741
0.00000	0.00000	0.00000	1.00000

boidNo = 12
boid Wall No = 0
position = = (-1.4, -9.5, 2.9)
Boid Radius= 10
Boid Frame=
 0.87814	-0.14193	-0.45686	-1.41933
0.01453	-0.94663	0.32201	-9.46625
0.47818	0.28941	0.82921	2.89406
0.00000	0.00000	0.00000	1.00000

boidNo = 13
boid Wall No = 1
position = = (7.5, 6.6, 0.7)
Boid Radius= 10
Boid Frame=
 0.47614	0.75266	-0.45475	7.52656
-0.47335	0.65519	0.58878	6.55189
-0.74110	0.06509	-0.66823	0.65087
0.00000	0.00000	0.00000	1.00000

boidNo = 14
boid Wall No = 1
position = = (-2.8, 6.1, -7.4)
Boid Radius= 10
Boid Frame=
 -0.82516	-0.28294	-0.48894	-2.82941
-0.54794	0.61137	0.57095	6.11370
-0.13738	-0.73903	0.65951	-7.39034
0.00000	0.00000	0.00000	1.00000

boidNo = 15
boid Wall No = 1
position = = (4.5, 4.8, -7.5)
Boid Radius= 10
Boid Frame=
 -0.57674	0.45327	-0.67964	4.53269
-0.48645	0.47783	0.73147	4.77831
-0.65631	-0.75248	0.05510	-7.52479
0.00000	0.00000	0.00000	1.00000

boidNo = 16
boid Wall No = 1
position = = (9.3, 0.3, 3.7)
Boid Radius= 10
Boid Frame=
 0.30425	0.92923	0.20969	9.29229
-0.63617	0.03436	0.77078	0.34364
-0.70903	0.36790	-0.60161	3.67903
0.00000	0.00000	0.00000	1.00000

boidNo = 17
boid Wall No = 0
position = = (0.4, -10.0, 0.4)
Boid Radius= 10
Boid Frame=
 0.69270	0.04059	0.72009	0.40588
-0.00300	-0.99824	0.05915	-9.98244
-0.72122	0.04314	0.69136	0.43137
0.00000	0.00000	0.00000	1.00000

boidNo = 18
boid Wall No = 1
position = = (2.5, 8.9, -3.8)
Boid Radius= 10
Boid Frame=
 -0.68198	0.24670	-0.68850	2.46700
-0.11944	0.89119	0.43763	8.91187
-0.72155	-0.38069	0.57831	-3.80690
0.00000	0.00000	0.00000	1.00000

boidNo = 19
boid Wall No = 1
position = = (0.1, 5.5, -8.4)
Boid Radius= 10
Boid Frame=
 -0.78788	0.00751	-0.61578	0.07505
-0.51135	0.54922	0.66097	5.49219
-0.34316	-0.83564	0.42888	-8.35645
0.00000	0.00000	0.00000	1.00000

