Iteration Num of Simuation:0
m_SimulationDeltaT of action plan:0
boidNo = 0
boid Wall No = 0
position = = (4.5, -8.0, 4.0)
Boid Radius= 10
Boid Frame=
 0.65225	0.45470	0.60648	4.54700
-0.00584	-0.79706	0.60387	-7.97063
-0.75798	0.39742	0.51723	3.97415
0.00000	0.00000	0.00000	1.00000

boidNo = 1
boid Wall No = 0
position = = (-1.4, -9.8, 1.5)
Boid Radius= 9.999999
Boid Frame=
 0.62255	-0.14153	-0.76967	-1.41526
0.03027	-0.97842	0.20439	-9.78421
0.78199	0.15054	0.60484	1.50544
0.00000	0.00000	0.00000	1.00000

boidNo = 2
boid Wall No = 1
position = = (-2.6, 3.6, 9.0)
Boid Radius= 9.999999
Boid Frame=
 0.60666	-0.25755	0.75208	-2.57548
-0.66373	0.35658	0.65750	3.56583
0.43752	0.89806	-0.04538	8.98063
0.00000	0.00000	0.00000	1.00000

boidNo = 3
boid Wall No = 0
position = = (-2.3, -0.5, -9.7)
Boid Radius= 10
Boid Frame=
 -0.58623	-0.23234	-0.77612	-2.32338
-0.78920	-0.05269	0.61188	-0.52689
0.18305	-0.97121	0.15247	-9.71207
0.00000	0.00000	0.00000	1.00000

boidNo = 4
boid Wall No = 1
position = = (-6.8, 7.0, -2.2)
Boid Radius= 10
Boid Frame=
 -0.56175	-0.68344	0.46621	-6.83440
-0.30904	0.69608	0.64805	6.96078
0.76742	-0.21997	0.60223	-2.19968
0.00000	0.00000	0.00000	1.00000

boidNo = 5
boid Wall No = 0
position = = (-8.3, -2.9, 4.7)
Boid Radius= 10
Boid Frame=
 0.36835	-0.83362	0.41157	-8.33621
-0.92603	-0.28978	0.24185	-2.89777
0.08235	0.47022	0.87870	4.70218
0.00000	0.00000	0.00000	1.00000

boidNo = 6
boid Wall No = 0
position = = (-3.6, -9.3, 0.8)
Boid Radius= 10
Boid Frame=
 0.21960	-0.35988	-0.90679	-3.59880
-0.00363	-0.92977	0.36812	-9.29770
0.97558	0.07755	0.20549	0.77545
0.00000	0.00000	0.00000	1.00000

boidNo = 7
boid Wall No = 1
position = = (1.2, 9.8, -1.8)
Boid Radius= 10
Boid Frame=
 -0.58179	0.11715	-0.80486	1.17152
-0.08352	0.97574	0.20239	9.75736
-0.80904	-0.18497	0.55789	-1.84971
0.00000	0.00000	0.00000	1.00000

boidNo = 8
boid Wall No = 1
position = = (7.0, 1.1, 7.0)
Boid Radius= 10
Boid Frame=
 0.54106	0.70437	0.45947	7.04374
-0.72512	0.11401	0.67912	1.14006
-0.42597	0.70061	-0.57244	7.00614
0.00000	0.00000	0.00000	1.00000

boidNo = 9
boid Wall No = 0
position = = (-0.2, -7.5, -6.6)
Boid Radius= 10
Boid Frame=
 -0.93710	-0.02123	-0.34841	-0.21228
-0.21566	-0.74964	0.62573	-7.49635
0.27446	-0.66151	-0.69791	-6.61511
0.00000	0.00000	0.00000	1.00000

boidNo = 10
boid Wall No = 0
position = = (-9.8, -0.8, -1.9)
Boid Radius= 10
Boid Frame=
 -0.06705	-0.97913	-0.19185	-9.79130
-0.75738	-0.07522	0.64863	-0.75225
0.64952	-0.18880	0.73653	-1.88799
0.00000	0.00000	0.00000	1.00000

boidNo = 11
boid Wall No = 0
position = = (4.9, -8.5, -1.8)
Boid Radius= 10
Boid Frame=
 -0.38485	0.48727	0.78388	4.87268
-0.02303	-0.85409	0.51961	-8.54093
-0.92269	-0.18192	-0.33991	-1.81920
0.00000	0.00000	0.00000	1.00000

boidNo = 12
boid Wall No = 1
position = = (6.2, 7.7, -1.5)
Boid Radius= 9.999999
Boid Frame=
 0.10260	0.62191	-0.77634	6.21906
-0.27447	0.76786	0.57884	7.67862
-0.95611	-0.15369	-0.24948	-1.53688
0.00000	0.00000	0.00000	1.00000

boidNo = 13
boid Wall No = 1
position = = (8.9, 2.8, 3.5)
Boid Radius= 10
Boid Frame=
 0.44603	0.89360	0.05041	8.93599
-0.64829	0.28373	0.70656	2.83726
-0.61707	0.34782	-0.70586	3.47823
0.00000	0.00000	0.00000	1.00000

boidNo = 14
boid Wall No = 0
position = = (-7.3, -5.9, 3.6)
Boid Radius= 10
Boid Frame=
 0.60907	-0.72626	-0.31873	-7.26258
-0.30522	-0.58555	0.75098	-5.85550
0.73204	0.36011	0.57831	3.60112
0.00000	0.00000	0.00000	1.00000

boidNo = 15
boid Wall No = 0
position = = (0.4, -9.9, 1.4)
Boid Radius= 10
Boid Frame=
 0.84226	0.04299	0.53735	0.42994
-0.03800	-0.98960	0.13874	-9.89600
-0.53773	0.13727	0.83187	1.37273
0.00000	0.00000	0.00000	1.00000

boidNo = 16
boid Wall No = 0
position = = (-0.6, -0.6, -10.0)
Boid Radius= 10
Boid Frame=
 -0.42890	-0.06419	-0.90107	-0.64187
-0.89964	-0.05994	0.43249	-0.59941
0.08177	-0.99614	0.03204	-9.96136
0.00000	0.00000	0.00000	1.00000

boidNo = 17
boid Wall No = 1
position = = (0.8, 10.0, -0.4)
Boid Radius= 10
Boid Frame=
 0.37151	0.08173	-0.92483	0.81735
-0.07096	0.99570	0.05949	9.95703
-0.92572	-0.04352	-0.37571	-0.43524
0.00000	0.00000	0.00000	1.00000

boidNo = 18
boid Wall No = 1
position = = (8.5, 4.2, -3.1)
Boid Radius= 10
Boid Frame=
 0.01033	0.85274	-0.52223	8.52743
-0.59908	0.42343	0.67957	4.23430
-0.80062	-0.30584	-0.51524	-3.05837
0.00000	0.00000	0.00000	1.00000

boidNo = 19
boid Wall No = 1
position = = (0.3, 9.6, -2.7)
Boid Radius= 10
Boid Frame=
 -0.99896	0.02826	-0.03589	0.28257
0.01739	0.96182	0.27314	9.61818
-0.04223	-0.27223	0.96131	-2.72227
0.00000	0.00000	0.00000	1.00000

