Iteration Num of Simuation:0
m_SimulationDeltaT of action plan:0
boidNo = 0
boid Wall No = 1
position = = (-3.2, 9.5, 0.4)
Boid Radius= 10
Boid Frame=
 -0.44867	-0.31692	0.83562	-3.16921
-0.18363	0.94775	0.26085	9.47753
0.87463	0.03641	0.48342	0.36409
0.00000	0.00000	0.00000	1.00000

boidNo = 1
boid Wall No = 1
position = = (-4.6, 7.3, -5.0)
Boid Radius= 10
Boid Frame=
 -0.87436	-0.46416	0.14162	-4.64160
-0.28611	0.72878	0.62211	7.28780
0.39197	-0.50342	0.77002	-5.03424
0.00000	0.00000	0.00000	1.00000

boidNo = 2
boid Wall No = 1
position = = (-4.3, 9.0, -0.7)
Boid Radius= 10
Boid Frame=
 -0.33000	-0.43143	0.83962	-4.31429
-0.08729	0.89959	0.42793	8.99586
0.93994	-0.06793	0.33452	-0.67925
0.00000	0.00000	0.00000	1.00000

boidNo = 3
boid Wall No = 0
position = = (-0.8, -10.0, 0.5)
Boid Radius= 10
Boid Frame=
 0.69885	-0.08008	-0.71077	-0.80078
-0.02318	-0.99573	0.08939	-9.95727
0.71489	0.04599	0.69772	0.45992
0.00000	0.00000	0.00000	1.00000

boidNo = 4
boid Wall No = 0
position = = (-9.6, -2.1, -1.6)
Boid Radius= 10
Boid Frame=
 0.01606	-0.96394	-0.26564	-9.63940
-0.65718	-0.21040	0.72377	-2.10399
0.75356	-0.16295	0.63686	-1.62949
0.00000	0.00000	0.00000	1.00000

boidNo = 5
boid Wall No = 1
position = = (5.3, 4.3, -7.3)
Boid Radius= 10
Boid Frame=
 -0.51242	0.53424	-0.67232	5.34244
-0.51760	0.43256	0.73823	4.32564
-0.68521	-0.72627	-0.05487	-7.26273
0.00000	0.00000	0.00000	1.00000

boidNo = 6
boid Wall No = 0
position = = (1.1, -9.9, -0.6)
Boid Radius= 10
Boid Frame=
 -0.61151	0.11264	0.78318	1.12639
-0.02459	-0.99204	0.12348	-9.92043
-0.79085	-0.05625	-0.60942	-0.56249
0.00000	0.00000	0.00000	1.00000

boidNo = 7
boid Wall No = 0
position = = (-0.4, -9.9, -1.6)
Boid Radius= 10
Boid Frame=
 -0.93068	-0.03745	-0.36390	-0.37451
-0.02401	-0.98635	0.16291	-9.86348
0.36503	-0.16036	-0.91708	-1.60357
0.00000	0.00000	0.00000	1.00000

boidNo = 8
boid Wall No = 0
position = = (5.5, -0.7, 8.3)
Boid Radius= 10
Boid Frame=
 0.56850	0.55460	0.60764	5.54598
-0.69769	-0.06637	0.71332	-0.66366
-0.43593	0.82947	-0.34921	8.29468
0.00000	0.00000	0.00000	1.00000

boidNo = 9
boid Wall No = 0
position = = (0.7, -7.4, -6.7)
Boid Radius= 10
Boid Frame=
 -0.25461	0.06610	-0.96478	0.66097
-0.65853	-0.74244	0.12292	-7.42444
0.70817	-0.66664	-0.23256	-6.66640
0.00000	0.00000	0.00000	1.00000

boidNo = 10
boid Wall No = 0
position = = (1.4, -9.9, 0.2)
Boid Radius= 10
Boid Frame=
 0.30942	0.13902	0.94071	1.39017
0.02696	-0.99014	0.13746	-9.90141
-0.95054	0.01717	0.31012	0.17172
0.00000	0.00000	0.00000	1.00000

boidNo = 11
boid Wall No = 0
position = = (0.7, -10.0, 0.3)
Boid Radius= 10
Boid Frame=
 0.62352	0.06982	0.77868	0.69824
0.01805	-0.99702	0.07495	-9.97024
-0.78160	0.03268	0.62293	0.32683
0.00000	0.00000	0.00000	1.00000

boidNo = 12
boid Wall No = 0
position = = (-7.7, -6.3, -1.1)
Boid Radius= 10
Boid Frame=
 0.13663	-0.76587	-0.62832	-7.65865
-0.33011	-0.63321	0.70005	-6.33213
0.93400	-0.11177	0.33934	-1.11767
0.00000	0.00000	0.00000	1.00000

boidNo = 13
boid Wall No = 0
position = = (-7.8, -0.1, -6.2)
Boid Radius= 9.999999
Boid Frame=
 -0.34376	-0.78073	-0.52182	-7.80725
-0.82611	-0.01279	0.56336	-0.12794
0.44650	-0.62474	0.64057	-6.24744
0.00000	0.00000	0.00000	1.00000

boidNo = 14
boid Wall No = 0
position = = (4.5, -4.9, -7.5)
Boid Radius= 10
Boid Frame=
 -0.84882	0.44813	-0.28052	4.48132
-0.49522	-0.48814	0.71866	-4.88143
-0.18512	-0.74893	-0.63627	-7.48928
0.00000	0.00000	0.00000	1.00000

boidNo = 15
boid Wall No = 0
position = = (0.0, -6.0, -8.0)
Boid Radius= 10
Boid Frame=
 -0.31255	0.00257	-0.94990	0.02574
-0.76204	-0.59769	0.24912	-5.97688
0.56710	-0.80173	-0.18877	-8.01725
0.00000	0.00000	0.00000	1.00000

boidNo = 16
boid Wall No = 1
position = = (2.3, 9.7, 0.2)
Boid Radius= 10
Boid Frame=
 -0.19146	0.23269	-0.95352	2.32691
0.06647	0.97233	0.22394	9.72335
-0.97925	0.02051	0.20163	0.20507
0.00000	0.00000	0.00000	1.00000

boidNo = 17
boid Wall No = 1
position = = (-3.2, 9.4, -1.1)
Boid Radius= 10
Boid Frame=
 -0.47051	-0.31682	0.82355	-3.16820
-0.05871	0.94249	0.32904	9.42491
0.88044	-0.10647	0.46205	-1.06469
0.00000	0.00000	0.00000	1.00000

boidNo = 18
boid Wall No = 0
position = = (-0.9, -9.7, 2.1)
Boid Radius= 10
Boid Frame=
 0.91055	-0.08741	-0.40404	-0.87406
0.00816	-0.97340	0.22897	-9.73400
0.41331	0.21178	0.88562	2.11784
0.00000	0.00000	0.00000	1.00000

boidNo = 19
boid Wall No = 0
position = = (-3.4, -6.6, -6.7)
Boid Radius= 9.999999
Boid Frame=
 -0.75245	-0.34148	-0.56322	-3.41476
-0.23600	-0.65855	0.71457	-6.58552
0.61492	-0.67060	-0.41494	-6.70600
0.00000	0.00000	0.00000	1.00000

