Iteration Num of Simuation:0
m_SimulationDeltaT of action plan:0
boidNo = 0
boid Wall No = 0
position = = (-5.1, -6.5, -5.6)
Boid Radius= 10
Boid Frame=
 -0.41460	-0.50736	-0.75545	-5.07356
-0.38780	-0.65250	0.65104	-6.52499
0.82324	-0.56288	-0.07377	-5.62882
0.00000	0.00000	0.00000	1.00000

boidNo = 1
boid Wall No = 1
position = = (-0.4, 9.3, 3.6)
Boid Radius= 10
Boid Frame=
 0.99888	-0.03595	0.03073	-0.35946
0.02240	0.93186	0.36212	9.31863
0.04165	0.36103	-0.93163	3.61026
0.00000	0.00000	0.00000	1.00000

boidNo = 2
boid Wall No = 0
position = = (1.5, -0.5, 9.9)
Boid Radius= 10
Boid Frame=
 0.66140	0.14984	0.73491	1.49837
-0.73773	-0.04677	0.67348	-0.46775
-0.13529	0.98760	-0.07960	9.87604
0.00000	0.00000	0.00000	1.00000

boidNo = 3
boid Wall No = 0
position = = (-0.3, -9.9, -1.5)
Boid Radius= 10
Boid Frame=
 -0.98875	-0.02924	-0.14668	-0.29240
0.00688	-0.98856	0.15069	-9.88557
0.14941	-0.14799	-0.97764	-1.47989
0.00000	0.00000	0.00000	1.00000

boidNo = 4
boid Wall No = 0
position = = (9.7, -1.5, -1.7)
Boid Radius= 10
Boid Frame=
 -0.21649	0.97292	-0.08096	9.72922
-0.86545	-0.15287	0.47711	-1.52875
-0.45181	-0.17336	-0.87511	-1.73359
0.00000	0.00000	0.00000	1.00000

boidNo = 5
boid Wall No = 1
position = = (5.5, 2.5, -8.0)
Boid Radius= 10
Boid Frame=
 -0.51102	0.55478	-0.65657	5.54776
-0.65364	0.24525	0.71596	2.45246
-0.55822	-0.79503	-0.23730	-7.95033
0.00000	0.00000	0.00000	1.00000

boidNo = 6
boid Wall No = 0
position = = (1.5, -7.8, -6.1)
Boid Radius= 10
Boid Frame=
 0.12298	0.14844	-0.98125	1.48437
-0.59388	-0.78116	-0.19260	-7.81164
0.79510	-0.60642	0.00791	-6.06423
0.00000	0.00000	0.00000	1.00000

boidNo = 7
boid Wall No = 1
position = = (-3.4, 2.2, 9.2)
Boid Radius= 10
Boid Frame=
 0.63329	-0.33718	0.69660	-3.37180
-0.66799	0.21639	0.71202	2.16386
0.39081	0.91624	0.08820	9.16235
0.00000	0.00000	0.00000	1.00000

boidNo = 8
boid Wall No = 1
position = = (-7.5, 6.6, 0.2)
Boid Radius= 10
Boid Frame=
 -0.27869	-0.74897	0.60115	-7.48967
-0.34424	0.66226	0.66551	6.62260
0.89656	0.02147	0.44239	0.21469
0.00000	0.00000	0.00000	1.00000

boidNo = 9
boid Wall No = 0
position = = (7.6, -4.7, -4.5)
Boid Radius= 10
Boid Frame=
 -0.29617	0.75810	-0.58101	7.58099
-0.86161	-0.47457	-0.18001	-4.74571
0.41220	-0.44729	-0.79374	-4.47290
0.00000	0.00000	0.00000	1.00000

