Iteration Num of Simuation:0
m_SimulationDeltaT of action plan:0
boidNo = 0
boid Wall No = 1
position = = (9.5, 1.5, 2.9)
Boid Radius= 10
Boid Frame=
 0.31656	0.94583	0.07216	9.45826
-0.62141	0.14930	0.76913	1.49301
-0.71669	0.28831	-0.63500	2.88311
0.00000	0.00000	0.00000	1.00000

boidNo = 1
boid Wall No = 1
position = = (4.7, 4.2, 7.8)
Boid Radius= 10
Boid Frame=
 0.81606	0.46744	0.33991	4.67445
-0.54303	0.41872	0.72787	4.18724
-0.19791	0.77857	-0.59554	7.78567
0.00000	0.00000	0.00000	1.00000

boidNo = 2
boid Wall No = 0
position = = (-0.9, -8.3, 5.5)
Boid Radius= 9.999999
Boid Frame=
 0.99217	-0.09405	0.08222	-0.94053
-0.12378	-0.82890	0.54553	-8.28902
-0.01684	0.55143	0.83405	5.51431
0.00000	0.00000	0.00000	1.00000

boidNo = 3
boid Wall No = 0
position = = (3.3, -9.4, 0.9)
Boid Radius= 10
Boid Frame=
 0.39841	0.33441	0.85407	3.34413
0.05659	-0.93835	0.34102	-9.38353
-0.91546	0.08753	0.39277	0.87532
0.00000	0.00000	0.00000	1.00000

boidNo = 4
boid Wall No = 0
position = = (5.1, -4.3, -7.4)
Boid Radius= 10
Boid Frame=
 -0.67052	0.51115	-0.53771	5.11146
-0.74118	-0.42979	0.51568	-4.29790
-0.03249	-0.74432	-0.66703	-7.44319
0.00000	0.00000	0.00000	1.00000

boidNo = 5
boid Wall No = 0
position = = (3.4, -8.1, 4.8)
Boid Radius= 9.999999
Boid Frame=
 -0.71464	0.34183	0.61027	3.41834
-0.55437	-0.80884	-0.19612	-8.08835
-0.42657	0.47847	-0.76753	4.78471
0.00000	0.00000	0.00000	1.00000

boidNo = 6
boid Wall No = 1
position = = (-1.1, 9.9, -0.9)
Boid Radius= 10
Boid Frame=
 -0.79026	-0.10991	0.60283	-1.09913
-0.03519	0.99030	0.13442	9.90299
0.61176	-0.08502	0.78647	-0.85016
0.00000	0.00000	0.00000	1.00000

boidNo = 7
boid Wall No = 1
position = = (8.1, 0.2, -5.9)
Boid Radius= 10
Boid Frame=
 -0.44395	0.80977	-0.38363	8.09773
-0.63098	0.02146	0.77550	0.21465
-0.63622	-0.58635	-0.50142	-5.86350
0.00000	0.00000	0.00000	1.00000

boidNo = 8
boid Wall No = 1
position = = (-8.3, 2.6, 4.9)
Boid Radius= 10
Boid Frame=
 0.23286	-0.83394	0.50033	-8.33938
-0.63440	0.25968	0.72808	2.59676
0.73710	0.48695	0.46859	4.86946
0.00000	0.00000	0.00000	1.00000

boidNo = 9
boid Wall No = 1
position = = (2.3, 9.7, 0.7)
Boid Radius= 10
Boid Frame=
 0.53233	0.22733	-0.81544	2.27335
-0.06213	0.97116	0.23019	9.71161
-0.84426	0.07187	-0.53110	0.71866
0.00000	0.00000	0.00000	1.00000

boidNo = 10
boid Wall No = 1
position = = (-0.5, 9.9, 1.3)
Boid Radius= 10
Boid Frame=
 0.35124	-0.04712	0.93510	-0.47122
-0.10940	0.98983	0.09097	9.89825
0.92987	0.13426	-0.34251	1.34258
0.00000	0.00000	0.00000	1.00000

boidNo = 11
boid Wall No = 1
position = = (0.5, 9.8, 1.7)
Boid Radius= 10
Boid Frame=
 0.84544	0.05249	0.53148	0.52490
-0.13681	0.98324	0.12053	9.83237
0.51624	0.17461	-0.83845	1.74614
0.00000	0.00000	0.00000	1.00000

boidNo = 12
boid Wall No = 1
position = = (0.5, 7.4, 6.8)
Boid Radius= 10
Boid Frame=
 0.89777	0.05260	0.43731	0.52601
-0.33115	0.73525	0.59140	7.35245
0.29042	0.67576	-0.67750	6.75757
0.00000	0.00000	0.00000	1.00000

boidNo = 13
boid Wall No = 1
position = = (9.2, 2.2, 3.3)
Boid Radius= 10
Boid Frame=
 0.39185	0.91818	0.05829	9.18180
-0.62842	0.22084	0.74587	2.20839
-0.67197	0.32890	-0.66354	3.28900
0.00000	0.00000	0.00000	1.00000

boidNo = 14
boid Wall No = 1
position = = (4.3, 9.0, -1.1)
Boid Radius= 10
Boid Frame=
 -0.17546	0.42777	-0.88669	4.27774
-0.03252	0.89765	0.43950	8.97655
-0.98395	-0.10595	0.14359	-1.05950
0.00000	0.00000	0.00000	1.00000

boidNo = 15
boid Wall No = 1
position = = (-4.6, 7.3, -5.0)
Boid Radius= 10
Boid Frame=
 -0.87695	-0.46039	0.13781	-4.60395
-0.28647	0.73104	0.61929	7.31037
0.38586	-0.50361	0.77298	-5.03608
0.00000	0.00000	0.00000	1.00000

boidNo = 16
boid Wall No = 1
position = = (-1.2, 9.4, 3.1)
Boid Radius= 10
Boid Frame=
 0.59408	-0.12133	0.79521	-1.21330
-0.17987	0.94349	0.27833	9.43493
0.78404	0.30838	-0.53868	3.08382
0.00000	0.00000	0.00000	1.00000

boidNo = 17
boid Wall No = 1
position = = (0.9, 8.2, -5.7)
Boid Radius= 10
Boid Frame=
 -0.82849	0.08848	-0.55298	0.88475
-0.25861	0.81541	0.51792	8.15405
-0.49672	-0.57209	0.65267	-5.72089
0.00000	0.00000	0.00000	1.00000

boidNo = 18
boid Wall No = 1
position = = (0.8, 10.0, -0.6)
Boid Radius= 10
Boid Frame=
 -0.69043	0.08065	-0.71889	0.80652
0.01439	0.99510	0.09782	9.95100
-0.72326	-0.05719	0.68821	-0.57191
0.00000	0.00000	0.00000	1.00000

boidNo = 19
boid Wall No = 1
position = = (-7.4, 2.2, -6.3)
Boid Radius= 10
Boid Frame=
 -0.58891	-0.74355	-0.31672	-7.43553
-0.66040	0.21683	0.71892	2.16830
0.46588	-0.63255	0.61874	-6.32545
0.00000	0.00000	0.00000	1.00000

