Iteration Num of Simuation:0
m_SimulationDeltaT of action plan:0
boidNo = 0
boid Wall No = 1
position = = (4.7, 8.0, -3.8)
Boid Radius= 10
Boid Frame=
 -0.37324	0.47139	-0.79905	4.71388
-0.20793	0.79688	0.56723	7.96881
-0.90414	-0.37785	0.19941	-3.77854
0.00000	0.00000	0.00000	1.00000

boidNo = 1
boid Wall No = 1
position = = (8.0, 5.9, -0.8)
Boid Radius= 10
Boid Frame=
 0.39697	0.80329	-0.44401	8.03286
-0.63252	0.58997	0.50185	5.89974
-0.66508	-0.08162	-0.74229	-0.81623
0.00000	0.00000	0.00000	1.00000

boidNo = 2
boid Wall No = 1
position = = (-3.2, 9.5, 0.7)
Boid Radius= 10
Boid Frame=
 -0.71917	-0.31798	0.61780	-3.17984
-0.28963	0.94540	0.14945	9.45400
0.63159	0.07145	0.77200	0.71450
0.00000	0.00000	0.00000	1.00000

boidNo = 3
boid Wall No = 1
position = = (-2.3, 7.8, -5.8)
Boid Radius= 10
Boid Frame=
 -0.83411	-0.22853	-0.50203	-2.28526
-0.46450	0.78186	0.41586	7.81857
-0.29748	-0.58007	0.75831	-5.80066
0.00000	0.00000	0.00000	1.00000

boidNo = 4
boid Wall No = 1
position = = (9.2, 2.2, 3.2)
Boid Radius= 10
Boid Frame=
 0.29942	0.92374	0.23886	9.23739
-0.92164	0.21524	0.32288	2.15244
-0.24685	0.31682	-0.91580	3.16822
0.00000	0.00000	0.00000	1.00000

boidNo = 5
boid Wall No = 0
position = = (-0.2, -9.9, 1.5)
Boid Radius= 9.999999
Boid Frame=
 0.99844	-0.02252	-0.05101	-0.22521
-0.01462	-0.98854	0.15022	-9.88545
0.05381	0.14924	0.98734	1.49238
0.00000	0.00000	0.00000	1.00000

boidNo = 6
boid Wall No = 0
position = = (0.1, -10.0, 0.4)
Boid Radius= 10
Boid Frame=
 0.89195	0.01497	0.45189	0.14969
-0.00501	-0.99906	0.04299	-9.99063
-0.45211	0.04061	0.89104	0.40608
0.00000	0.00000	0.00000	1.00000

boidNo = 7
boid Wall No = 1
position = = (6.8, 7.3, 0.2)
Boid Radius= 10
Boid Frame=
 0.36367	0.68086	-0.63575	6.80860
-0.31510	0.73216	0.60386	7.32160
-0.87662	0.01928	-0.48080	0.19279
0.00000	0.00000	0.00000	1.00000

boidNo = 8
boid Wall No = 0
position = = (6.7, -7.4, -0.9)
Boid Radius= 10
Boid Frame=
 -0.25001	0.66597	0.70284	6.65969
-0.11353	-0.74104	0.66179	-7.41044
-0.96156	-0.08567	-0.26088	-0.85667
0.00000	0.00000	0.00000	1.00000

boidNo = 9
boid Wall No = 1
position = = (-1.6, 5.6, 8.1)
Boid Radius= 10
Boid Frame=
 0.77028	-0.16391	0.61628	-1.63908
-0.44069	0.56169	0.70021	5.61694
0.46093	0.81095	-0.36043	8.10946
0.00000	0.00000	0.00000	1.00000

boidNo = 10
boid Wall No = 1
position = = (4.7, 5.4, -6.9)
Boid Radius= 10
Boid Frame=
 -0.50410	0.47235	-0.72303	4.72353
-0.47928	0.54344	0.68918	5.43437
-0.71846	-0.69394	0.04755	-6.93945
0.00000	0.00000	0.00000	1.00000

boidNo = 11
boid Wall No = 1
position = = (1.8, 8.8, -4.3)
Boid Radius= 10
Boid Frame=
 -0.86465	0.18066	-0.46876	1.80661
-0.06548	0.88461	0.46171	8.84610
-0.49808	-0.42992	0.75305	-4.29916
0.00000	0.00000	0.00000	1.00000

boidNo = 12
boid Wall No = 0
position = = (5.3, -2.7, 8.1)
Boid Radius= 10
Boid Frame=
 0.58217	0.52500	0.62084	5.25001
-0.58053	-0.26621	0.76949	-2.66210
-0.56926	0.80840	-0.14980	8.08397
0.00000	0.00000	0.00000	1.00000

boidNo = 13
boid Wall No = 0
position = = (0.0, -10.0, -0.2)
Boid Radius= 10
Boid Frame=
 -0.99719	-0.00408	0.07486	-0.04081
0.00539	-0.99984	0.01728	-9.99836
-0.07478	-0.01763	-0.99704	-0.17635
0.00000	0.00000	0.00000	1.00000

boidNo = 14
boid Wall No = 0
position = = (2.8, -5.2, 8.1)
Boid Radius= 10
Boid Frame=
 0.77406	0.28347	0.56611	2.83466
-0.37258	-0.51898	0.76931	-5.18981
-0.51187	0.80642	0.29611	8.06416
0.00000	0.00000	0.00000	1.00000

boidNo = 15
boid Wall No = 1
position = = (5.5, 5.7, 6.1)
Boid Radius= 10
Boid Frame=
 0.82515	0.55293	0.11577	5.52929
-0.47695	0.57205	0.66729	5.72047
-0.30274	0.60583	-0.73574	6.05832
0.00000	0.00000	0.00000	1.00000

boidNo = 16
boid Wall No = 0
position = = (-0.2, -10.0, 0.2)
Boid Radius= 10
Boid Frame=
 0.84947	-0.02317	-0.52713	-0.23169
-0.00787	-0.99948	0.03125	-9.99481
0.52758	0.02240	0.84921	0.22398
0.00000	0.00000	0.00000	1.00000

boidNo = 17
boid Wall No = 1
position = = (-0.6, 8.8, -4.8)
Boid Radius= 10
Boid Frame=
 -0.99766	-0.05871	-0.03489	-0.58713
-0.06824	0.87772	0.47429	8.77717
-0.00278	-0.47557	0.87967	-4.75568
0.00000	0.00000	0.00000	1.00000

boidNo = 18
boid Wall No = 0
position = = (0.6, -10.0, -0.2)
Boid Radius= 10
Boid Frame=
 0.42384	0.05617	0.90400	0.56174
0.04539	-0.99814	0.04074	-9.98138
-0.90460	-0.02376	0.42560	-0.23759
0.00000	0.00000	0.00000	1.00000

boidNo = 19
boid Wall No = 0
position = = (-1.8, -6.5, -7.4)
Boid Radius= 10
Boid Frame=
 -0.81669	-0.18108	-0.54793	-1.81079
-0.32129	-0.64604	0.69239	-6.46039
0.47936	-0.74151	-0.46944	-7.41515
0.00000	0.00000	0.00000	1.00000

boidNo = 20
boid Wall No = 1
position = = (0.3, 9.9, 1.2)
Boid Radius= 10
Boid Frame=
 0.95900	0.02655	-0.28216	0.26551
0.00870	0.99237	0.12295	9.92375
-0.28328	0.12036	-0.95146	1.20364
0.00000	0.00000	0.00000	1.00000

boidNo = 21
boid Wall No = 0
position = = (1.4, -6.3, 7.6)
Boid Radius= 10
Boid Frame=
 0.73016	0.14274	0.66820	1.42738
-0.45147	-0.63328	0.62860	-6.33275
-0.51288	0.76065	0.39795	7.60650
0.00000	0.00000	0.00000	1.00000

boidNo = 22
boid Wall No = 1
position = = (5.1, 8.6, -0.9)
Boid Radius= 10
Boid Frame=
 0.01768	0.50557	-0.86260	5.05570
-0.11287	0.85823	0.50069	8.58233
-0.99345	-0.08851	-0.07224	-0.88511
0.00000	0.00000	0.00000	1.00000

boidNo = 23
boid Wall No = 1
position = = (-8.0, 4.8, 3.7)
Boid Radius= 9.999999
Boid Frame=
 0.10002	-0.79810	0.59417	-7.98097
-0.49809	0.47678	0.72428	4.76785
0.86133	0.36840	0.34984	3.68398
0.00000	0.00000	0.00000	1.00000

boidNo = 24
boid Wall No = 0
position = = (-2.6, -9.6, 0.6)
Boid Radius= 10
Boid Frame=
 0.15532	-0.25875	-0.95337	-2.58754
0.02243	-0.96391	0.26527	-9.63914
0.98761	0.06258	0.14391	0.62581
0.00000	0.00000	0.00000	1.00000

boidNo = 25
boid Wall No = 0
position = = (1.3, -9.6, -2.4)
Boid Radius= 10
Boid Frame=
 -0.97743	0.13142	0.16544	1.31417
-0.08626	-0.96299	0.25535	-9.62993
-0.19287	-0.23532	-0.95259	-2.35316
0.00000	0.00000	0.00000	1.00000

boidNo = 26
boid Wall No = 1
position = = (-1.8, 9.3, -3.2)
Boid Radius= 10
Boid Frame=
 -0.83943	-0.18169	0.51220	-1.81692
0.01995	0.93153	0.36313	9.31526
0.54310	-0.31504	0.77833	-3.15036
0.00000	0.00000	0.00000	1.00000

boidNo = 27
boid Wall No = 0
position = = (6.5, -4.3, 6.2)
Boid Radius= 10
Boid Frame=
 0.43246	0.65019	0.62468	6.50192
-0.46268	-0.43461	0.77268	-4.34615
-0.77389	0.62319	-0.11288	6.23186
0.00000	0.00000	0.00000	1.00000

boidNo = 28
boid Wall No = 1
position = = (-9.0, 3.3, 2.9)
Boid Radius= 10
Boid Frame=
 0.00275	-0.89614	0.44376	-8.96141
-0.65578	0.33340	0.67734	3.33399
0.75494	0.29288	0.58676	2.92876
0.00000	0.00000	0.00000	1.00000

boidNo = 29
boid Wall No = 1
position = = (5.3, 7.6, -3.7)
Boid Radius= 10
Boid Frame=
 -0.32086	0.52966	-0.78518	5.29663
-0.22350	0.76326	0.60621	7.63257
-0.92038	-0.37000	0.12652	-3.69995
0.00000	0.00000	0.00000	1.00000

