Iteration Num of Simuation:0
m_SimulationDeltaT of action plan:0
boidNo = 0
boid Wall No = 0
position = = (-9.7, -2.3, 0.1)
Boid Radius= 10
Boid Frame=
 0.13667	-0.97243	-0.18896	-9.72428
-0.52869	-0.23291	0.81623	-2.32912
0.83774	0.01165	0.54594	0.11651
0.00000	0.00000	0.00000	1.00000

boidNo = 1
boid Wall No = 0
position = = (-0.2, -9.9, 1.3)
Boid Radius= 10
Boid Frame=
 0.99799	-0.02151	-0.05965	-0.21510
-0.01342	-0.99105	0.13281	-9.91050
0.06198	0.13175	0.98934	1.31745
0.00000	0.00000	0.00000	1.00000

boidNo = 2
boid Wall No = 0
position = = (4.4, -7.9, 4.4)
Boid Radius= 10
Boid Frame=
 0.29858	0.43616	0.84889	4.36162
-0.33010	-0.78737	0.52066	-7.87369
-0.89548	0.43568	0.09112	4.35676
0.00000	0.00000	0.00000	1.00000

boidNo = 3
boid Wall No = 1
position = = (3.7, 9.2, -1.1)
Boid Radius= 10
Boid Frame=
 -0.19565	0.36879	-0.90869	3.68792
-0.03765	0.92309	0.38274	9.23088
-0.97995	-0.10910	0.16671	-1.09095
0.00000	0.00000	0.00000	1.00000

boidNo = 4
boid Wall No = 1
position = = (3.0, 0.0, -9.5)
Boid Radius= 10
Boid Frame=
 -0.73275	0.29760	-0.61197	2.97602
-0.64079	0.00094	0.76771	0.00940
-0.22905	-0.95469	-0.19001	-9.54690
0.00000	0.00000	0.00000	1.00000

boidNo = 5
boid Wall No = 0
position = = (1.0, -8.1, 5.7)
Boid Radius= 10
Boid Frame=
 0.98703	0.09793	0.12717	0.97934
0.00546	-0.81232	0.58319	-8.12320
-0.16042	0.57493	0.80232	5.74930
0.00000	0.00000	0.00000	1.00000

boidNo = 6
boid Wall No = 1
position = = (-3.3, 8.5, 4.0)
Boid Radius= 10
Boid Frame=
 0.64726	-0.33199	0.68617	-3.31990
-0.10206	0.85432	0.50962	8.54324
0.75540	0.39989	-0.51909	3.99891
0.00000	0.00000	0.00000	1.00000

boidNo = 7
boid Wall No = 0
position = = (3.5, -7.9, -5.1)
Boid Radius= 10
Boid Frame=
 -0.90182	0.34659	0.25805	3.46586
-0.13269	-0.79047	0.59796	-7.90470
-0.41122	-0.50501	-0.75885	-5.05010
0.00000	0.00000	0.00000	1.00000

boidNo = 8
boid Wall No = 1
position = = (4.8, 6.0, 6.5)
Boid Radius= 10
Boid Frame=
 0.86231	0.47513	0.17515	4.75131
-0.46161	0.59536	0.65762	5.95357
-0.20818	0.64792	-0.73271	6.47921
0.00000	0.00000	0.00000	1.00000

boidNo = 9
boid Wall No = 0
position = = (-9.1, -2.3, 3.5)
Boid Radius= 10
Boid Frame=
 0.41252	-0.91048	0.02910	-9.10483
-0.55456	-0.22566	0.80096	-2.25661
0.72270	0.34655	0.59801	3.46551
0.00000	0.00000	0.00000	1.00000

boidNo = 10
boid Wall No = 0
position = = (-8.2, -4.3, 3.8)
Boid Radius= 10
Boid Frame=
 0.30214	-0.81966	0.48669	-8.19665
-0.88697	-0.42879	-0.17152	-4.28788
-0.34927	0.37986	0.85657	3.79856
0.00000	0.00000	0.00000	1.00000

boidNo = 11
boid Wall No = 1
position = = (-0.7, 6.9, 7.2)
Boid Radius= 10
Boid Frame=
 0.87349	-0.06823	0.48204	-0.68234
-0.30603	0.69310	0.65265	6.93102
0.37864	0.71760	-0.58454	7.17603
0.00000	0.00000	0.00000	1.00000

boidNo = 12
boid Wall No = 0
position = = (3.3, -7.4, 5.8)
Boid Radius= 10
Boid Frame=
 0.78538	0.33305	0.52179	3.33050
-0.12103	-0.74404	0.65709	-7.44036
-0.60707	0.57921	0.54404	5.79213
0.00000	0.00000	0.00000	1.00000

boidNo = 13
boid Wall No = 1
position = = (-6.5, 0.3, 7.6)
Boid Radius= 10
Boid Frame=
 0.52221	-0.64779	0.55467	-6.47789
-0.70818	0.03299	0.70526	0.32990
0.47516	0.76110	0.44152	7.61105
0.00000	0.00000	0.00000	1.00000

boidNo = 14
boid Wall No = 1
position = = (-5.8, 2.3, -7.8)
Boid Radius= 10
Boid Frame=
 -0.68750	-0.57606	-0.44214	-5.76065
-0.65655	0.23292	0.71742	2.32922
0.31029	-0.78352	0.53835	-7.83516
0.00000	0.00000	0.00000	1.00000

boidNo = 15
boid Wall No = 1
position = = (-3.9, 8.9, -2.4)
Boid Radius= 10
Boid Frame=
 -0.71665	-0.39410	0.57541	-3.94103
-0.13486	0.88777	0.44008	8.87773
0.68427	-0.23778	0.68937	-2.37785
0.00000	0.00000	0.00000	1.00000

boidNo = 16
boid Wall No = 0
position = = (2.3, -2.5, -9.4)
Boid Radius= 10
Boid Frame=
 -0.81411	0.23203	-0.53234	2.32034
-0.57881	-0.25007	0.77618	-2.50067
-0.04698	-0.94001	-0.33789	-9.40014
0.00000	0.00000	0.00000	1.00000

boidNo = 17
boid Wall No = 1
position = = (-1.3, 2.0, 9.7)
Boid Radius= 10
Boid Frame=
 0.74941	-0.12509	0.65019	-1.25093
-0.62254	0.20127	0.75626	2.01271
0.22547	0.97152	-0.07296	9.71515
0.00000	0.00000	0.00000	1.00000

boidNo = 18
boid Wall No = 1
position = = (6.9, 5.5, 4.7)
Boid Radius= 10
Boid Frame=
 0.71774	0.69274	-0.07052	6.92736
-0.46220	0.54971	0.69584	5.49709
-0.52080	0.46684	-0.71473	4.66837
0.00000	0.00000	0.00000	1.00000

boidNo = 19
boid Wall No = 0
position = = (-0.1, -10.0, 0.4)
Boid Radius= 10
Boid Frame=
 0.96323	-0.01414	-0.26829	-0.14140
-0.00163	-0.99890	0.04678	-9.98904
0.26866	0.04462	0.96220	0.44622
0.00000	0.00000	0.00000	1.00000

