Iteration Num of Simuation:0
m_SimulationDeltaT of action plan:0
boidNo = 0
boid Wall No = 0
position = = (-9.4, -2.1, 2.7)
Boid Radius= 10
Boid Frame=
 0.15024	-0.93950	0.30784	-9.39500
-0.96455	-0.20762	-0.16290	-2.07620
-0.21696	0.27246	0.93739	2.72458
0.00000	0.00000	0.00000	1.00000

boidNo = 1
boid Wall No = 1
position = = (-0.8, 10.0, 0.0)
Boid Radius= 10
Boid Frame=
 0.49178	-0.07849	0.86718	-0.78489
0.03880	0.99692	0.06823	9.96915
0.86985	-0.00010	-0.49331	-0.00098
0.00000	0.00000	0.00000	1.00000

boidNo = 2
boid Wall No = 1
position = = (1.6, 9.8, 0.9)
Boid Radius= 10
Boid Frame=
 0.36715	0.15700	-0.91682	1.56996
0.02684	0.98345	0.17915	9.83455
-0.92977	0.09038	-0.35686	0.90381
0.00000	0.00000	0.00000	1.00000

boidNo = 3
boid Wall No = 0
position = = (-1.0, -9.5, -3.0)
Boid Radius= 10
Boid Frame=
 -0.98902	-0.09933	0.10939	-0.99330
0.12738	-0.94835	0.29054	-9.48347
-0.07488	-0.30128	-0.95059	-3.01284
0.00000	0.00000	0.00000	1.00000

boidNo = 4
boid Wall No = 1
position = = (-3.3, 7.2, 6.0)
Boid Radius= 10
Boid Frame=
 0.55154	-0.33452	0.76414	-3.34524
-0.36884	0.72384	0.58310	7.23844
0.74818	0.60344	-0.27584	6.03443
0.00000	0.00000	0.00000	1.00000

boidNo = 5
boid Wall No = 1
position = = (7.8, 6.2, -0.5)
Boid Radius= 9.999999
Boid Frame=
 0.25223	0.78062	-0.57185	7.80616
-0.38957	0.62287	0.67843	6.22872
-0.88578	-0.05166	-0.46122	-0.51658
0.00000	0.00000	0.00000	1.00000

boidNo = 6
boid Wall No = 1
position = = (-7.9, 3.9, -4.8)
Boid Radius= 10
Boid Frame=
 -0.60730	-0.78662	-0.11139	-7.86622
-0.62835	0.38978	0.67324	3.89777
0.48616	-0.47885	0.73099	-4.78853
0.00000	0.00000	0.00000	1.00000

boidNo = 7
boid Wall No = 1
position = = (-6.4, 6.2, -4.5)
Boid Radius= 10
Boid Frame=
 -0.69954	-0.63976	-0.31836	-6.39764
-0.71458	0.62341	0.31739	6.23405
0.00459	-0.44952	0.89326	-4.49520
0.00000	0.00000	0.00000	1.00000

boidNo = 8
boid Wall No = 1
position = = (0.2, 6.2, 7.8)
Boid Radius= 10
Boid Frame=
 0.87467	0.02323	0.48416	0.23227
-0.39156	0.62263	0.67751	6.22629
0.28571	0.78217	-0.55369	7.82173
0.00000	0.00000	0.00000	1.00000

boidNo = 9
boid Wall No = 1
position = = (-8.9, 2.6, 3.7)
Boid Radius= 10
Boid Frame=
 0.14951	-0.89049	0.42973	-8.90494
-0.60321	0.26223	0.75325	2.62225
0.78345	0.37183	0.49795	3.71831
0.00000	0.00000	0.00000	1.00000

