Iteration Num of Simuation:0
m_SimulationDeltaT of action plan:0
boidNo = 0
boid Wall No = 1
position = = (-3.9, 8.7, -3.2)
Boid Radius= 10
Boid Frame=
 -0.88943	-0.38931	-0.23948	-3.89313
-0.44224	0.86538	0.23567	8.65382
-0.11549	-0.31551	0.94187	-3.15514
0.00000	0.00000	0.00000	1.00000

boidNo = 1
boid Wall No = 1
position = = (-2.8, 8.7, -4.0)
Boid Radius= 10
Boid Frame=
 -0.95842	-0.27596	-0.07260	-2.75961
-0.28171	0.87450	0.39483	8.74502
0.04547	-0.39886	0.91588	-3.98863
0.00000	0.00000	0.00000	1.00000

boidNo = 2
boid Wall No = 0
position = = (-9.1, -4.1, 0.9)
Boid Radius= 10
Boid Frame=
 0.38459	-0.90913	-0.15994	-9.09125
-0.73246	-0.40600	0.54650	-4.06001
0.56177	0.09303	0.82205	0.93027
0.00000	0.00000	0.00000	1.00000

boidNo = 3
boid Wall No = 0
position = = (4.2, -5.0, 7.6)
Boid Radius= 10
Boid Frame=
 0.09711	0.42424	0.90033	4.24236
-0.80415	-0.49957	0.32214	-4.99570
-0.58644	0.75528	-0.29263	7.55284
0.00000	0.00000	0.00000	1.00000

boidNo = 4
boid Wall No = 1
position = = (-2.0, 8.4, 5.1)
Boid Radius= 10
Boid Frame=
 0.52858	-0.19680	0.82576	-1.96799
-0.34905	0.83633	0.42275	8.36332
0.77380	0.51168	-0.37337	5.11683
0.00000	0.00000	0.00000	1.00000

boidNo = 5
boid Wall No = 0
position = = (3.8, -7.5, 5.5)
Boid Radius= 10
Boid Frame=
 0.70668	0.37803	0.59808	3.78029
-0.15079	-0.74542	0.64932	-7.45419
-0.69128	0.54904	0.46977	5.49040
0.00000	0.00000	0.00000	1.00000

boidNo = 6
boid Wall No = 0
position = = (6.8, -6.3, 3.7)
Boid Radius= 10
Boid Frame=
 0.26837	0.68098	0.68135	6.80981
-0.25426	-0.63215	0.73195	-6.32145
-0.92916	0.36967	-0.00349	3.69672
0.00000	0.00000	0.00000	1.00000

boidNo = 7
boid Wall No = 0
position = = (-10.0, -0.2, -0.9)
Boid Radius= 10
Boid Frame=
 -0.05915	-0.99545	-0.07476	-9.95446
-0.63468	-0.02030	0.77251	-0.20304
0.77051	-0.09314	0.63059	-0.93145
0.00000	0.00000	0.00000	1.00000

boidNo = 8
boid Wall No = 0
position = = (7.5, -6.5, -0.5)
Boid Radius= 10
Boid Frame=
 -0.28562	0.75411	0.59139	7.54106
-0.25171	-0.65446	0.71297	-6.54464
-0.92470	-0.05478	-0.37674	-0.54780
0.00000	0.00000	0.00000	1.00000

boidNo = 9
boid Wall No = 1
position = = (6.3, 6.3, 4.5)
Boid Radius= 10
Boid Frame=
 0.76510	0.62614	-0.15025	6.26139
-0.38805	0.63456	0.66839	6.34561
-0.51385	0.45308	-0.72847	4.53081
0.00000	0.00000	0.00000	1.00000

boidNo = 10
boid Wall No = 1
position = = (-0.4, 3.1, 9.5)
Boid Radius= 10
Boid Frame=
 0.63181	-0.04015	0.77408	-0.40147
-0.72813	0.31169	0.61047	3.11688
0.26578	0.94934	-0.16769	9.49336
0.00000	0.00000	0.00000	1.00000

boidNo = 11
boid Wall No = 1
position = = (5.8, 7.8, -2.4)
Boid Radius= 10
Boid Frame=
 0.51256	0.57930	-0.63379	5.79297
-0.58112	0.77743	0.24062	7.77434
-0.63212	-0.24497	-0.73512	-2.44973
0.00000	0.00000	0.00000	1.00000

boidNo = 12
boid Wall No = 1
position = = (4.2, 7.8, -4.6)
Boid Radius= 10
Boid Frame=
 0.18648	0.41697	-0.88958	4.16975
-0.57164	0.78247	0.24693	7.82466
-0.79903	-0.46247	-0.38427	-4.62471
0.00000	0.00000	0.00000	1.00000

boidNo = 13
boid Wall No = 0
position = = (7.4, -6.3, -2.3)
Boid Radius= 10
Boid Frame=
 -0.48632	0.73684	0.46964	7.36842
-0.25929	-0.63496	0.72773	-6.34964
-0.83442	-0.23213	-0.49985	-2.32131
0.00000	0.00000	0.00000	1.00000

boidNo = 14
boid Wall No = 1
position = = (-2.3, 6.4, -7.3)
Boid Radius= 10
Boid Frame=
 -0.92854	-0.22750	-0.29336	-2.27503
-0.36967	0.63915	0.67441	6.39150
-0.03407	-0.73466	0.67758	-7.34663
0.00000	0.00000	0.00000	1.00000

boidNo = 15
boid Wall No = 0
position = = (2.8, -9.5, 1.7)
Boid Radius= 10
Boid Frame=
 0.62030	0.27537	0.73444	2.75371
0.04114	-0.94648	0.32013	-9.46481
-0.78329	0.16836	0.59843	1.68358
0.00000	0.00000	0.00000	1.00000

boidNo = 16
boid Wall No = 0
position = = (6.2, -3.3, -7.2)
Boid Radius= 10
Boid Frame=
 -0.74729	0.61841	-0.24314	6.18413
-0.52544	-0.32595	0.78592	-3.25955
-0.40677	-0.71507	-0.56852	-7.15066
0.00000	0.00000	0.00000	1.00000

boidNo = 17
boid Wall No = 0
position = = (-4.3, -5.1, 7.5)
Boid Radius= 10
Boid Frame=
 0.88438	-0.42939	0.18303	-4.29392
-0.40469	-0.50996	0.75905	-5.09961
0.23259	0.74536	0.62477	7.45361
0.00000	0.00000	0.00000	1.00000

boidNo = 18
boid Wall No = 0
position = = (1.2, -7.6, -6.4)
Boid Radius= 10
Boid Frame=
 -0.99323	0.11589	-0.00785	1.15894
-0.09355	-0.75799	0.64552	-7.57995
-0.06886	-0.64188	-0.76371	-6.41882
0.00000	0.00000	0.00000	1.00000

boidNo = 19
boid Wall No = 0
position = = (0.8, -8.0, 5.9)
Boid Radius= 10
Boid Frame=
 0.98820	0.07886	0.13131	0.78855
-0.01578	-0.80033	0.59935	-8.00328
-0.15236	0.59435	0.78964	5.94354
0.00000	0.00000	0.00000	1.00000

