Iteration Num of Simuation:0
m_SimulationDeltaT of action plan:0
boidNo = 0
boid Wall No = 1
position = = (-3.3, 8.8, 3.5)
Boid Radius= 10
Boid Frame=
 0.53611	-0.32517	0.77901	-3.25170
-0.13718	0.87701	0.46048	8.77006
0.83293	0.35373	-0.42557	3.53730
0.00000	0.00000	0.00000	1.00000

boidNo = 1
boid Wall No = 1
position = = (5.2, 8.6, -0.2)
Boid Radius= 10
Boid Frame=
 0.20958	0.51699	-0.82994	5.16991
-0.15360	0.85566	0.49422	8.55657
-0.96565	-0.02390	-0.25874	-0.23899
0.00000	0.00000	0.00000	1.00000

boidNo = 2
boid Wall No = 1
position = = (3.7, 9.0, -2.1)
Boid Radius= 10
Boid Frame=
 0.19177	0.37093	-0.90864	3.70932
-0.29479	0.90485	0.30716	9.04846
-0.93612	-0.20896	-0.28287	-2.08957
0.00000	0.00000	0.00000	1.00000

boidNo = 3
boid Wall No = 1
position = = (8.4, 3.6, 4.0)
Boid Radius= 10
Boid Frame=
 0.53361	0.84300	0.06787	8.43002
-0.65539	0.36146	0.66318	3.61462
-0.53453	0.39836	-0.74537	3.98362
0.00000	0.00000	0.00000	1.00000

boidNo = 4
boid Wall No = 0
position = = (-6.8, -7.0, -2.2)
Boid Radius= 9.999999
Boid Frame=
 -0.09980	-0.67748	-0.72874	-6.77476
-0.20373	-0.70297	0.68142	-7.02969
0.97393	-0.21647	0.06786	-2.16474
0.00000	0.00000	0.00000	1.00000

boidNo = 5
boid Wall No = 0
position = = (9.6, -0.9, 2.8)
Boid Radius= 10
Boid Frame=
 0.16224	0.95596	0.24460	9.55955
-0.63777	-0.08756	0.76523	-0.87560
-0.75295	0.28015	-0.59547	2.80148
0.00000	0.00000	0.00000	1.00000

boidNo = 6
boid Wall No = 1
position = = (0.7, 3.2, -9.4)
Boid Radius= 10
Boid Frame=
 -0.77740	0.07342	-0.62471	0.73418
-0.57375	0.32429	0.75210	3.24286
-0.25780	-0.94311	0.20998	-9.43106
0.00000	0.00000	0.00000	1.00000

boidNo = 7
boid Wall No = 1
position = = (1.0, 6.5, 7.6)
Boid Radius= 10
Boid Frame=
 0.82593	0.09717	0.55533	0.97173
-0.47640	0.64703	0.59532	6.47026
0.30146	0.75625	-0.58069	7.56251
0.00000	0.00000	0.00000	1.00000

boidNo = 8
boid Wall No = 1
position = = (3.1, 2.6, -9.2)
Boid Radius= 10
Boid Frame=
 -0.66169	0.30743	-0.68386	3.07426
-0.63362	0.25836	0.72923	2.58357
-0.40086	-0.91583	-0.02384	-9.15828
0.00000	0.00000	0.00000	1.00000

boidNo = 9
boid Wall No = 0
position = = (6.2, -5.3, -5.8)
Boid Radius= 10
Boid Frame=
 -0.78077	0.62471	0.01147	6.24708
-0.41160	-0.52807	0.74279	-5.28065
-0.47008	-0.57523	-0.66943	-5.75228
0.00000	0.00000	0.00000	1.00000

boidNo = 10
boid Wall No = 1
position = = (-3.1, 8.3, -4.7)
Boid Radius= 10
Boid Frame=
 -0.93622	-0.30579	-0.17316	-3.05790
-0.35130	0.82698	0.43896	8.26982
-0.00897	-0.47180	0.88166	-4.71797
0.00000	0.00000	0.00000	1.00000

boidNo = 11
boid Wall No = 0
position = = (-4.9, -8.6, 1.5)
Boid Radius= 10
Boid Frame=
 0.33909	-0.48548	-0.80581	-4.85480
-0.03212	-0.86203	0.50584	-8.62031
0.94020	0.14565	0.30790	1.45647
0.00000	0.00000	0.00000	1.00000

boidNo = 12
boid Wall No = 1
position = = (-0.5, 10.0, -0.8)
Boid Radius= 10
Boid Frame=
 -0.62870	-0.05156	0.77593	-0.51561
0.02650	0.99580	0.08764	9.95800
0.77719	-0.07566	0.62470	-0.75659
0.00000	0.00000	0.00000	1.00000

boidNo = 13
boid Wall No = 1
position = = (-0.5, 9.9, -1.4)
Boid Radius= 10
Boid Frame=
 -0.73199	-0.05180	0.67934	-0.51803
0.05876	0.98859	0.13870	9.88590
0.67878	-0.14144	0.72059	-1.41440
0.00000	0.00000	0.00000	1.00000

boidNo = 14
boid Wall No = 1
position = = (-9.3, 1.0, -3.7)
Boid Radius= 10
Boid Frame=
 -0.33060	-0.92510	-0.18681	-9.25098
-0.68773	0.10058	0.71896	1.00583
0.64632	-0.36616	0.66947	-3.66164
0.00000	0.00000	0.00000	1.00000

boidNo = 15
boid Wall No = 1
position = = (-3.1, 6.7, 6.8)
Boid Radius= 10
Boid Frame=
 0.43907	-0.31379	0.84188	-3.13786
-0.53041	0.66579	0.52478	6.65790
0.72518	0.67695	-0.12589	6.76951
0.00000	0.00000	0.00000	1.00000

boidNo = 16
boid Wall No = 1
position = = (-0.7, 9.9, 1.2)
Boid Radius= 10
Boid Frame=
 0.18543	-0.06772	0.98032	-0.67722
-0.10084	0.99104	0.08754	9.91044
0.97747	0.11509	-0.17694	1.15089
0.00000	0.00000	0.00000	1.00000

boidNo = 17
boid Wall No = 0
position = = (6.3, -6.4, -4.4)
Boid Radius= 10
Boid Frame=
 -0.75375	0.63491	0.16957	6.34906
-0.38418	-0.63507	0.67015	-6.35068
-0.53317	-0.43998	-0.72260	-4.39982
0.00000	0.00000	0.00000	1.00000

boidNo = 18
boid Wall No = 1
position = = (-2.7, 9.4, 2.0)
Boid Radius= 10
Boid Frame=
 0.65564	-0.26834	0.70579	-2.68340
0.02574	0.94212	0.33428	9.42122
0.75464	0.20100	-0.62460	2.00999
0.00000	0.00000	0.00000	1.00000

boidNo = 19
boid Wall No = 1
position = = (0.6, 9.5, 3.0)
Boid Radius= 10
Boid Frame=
 0.96243	0.05570	-0.26577	0.55697
0.02864	0.95245	0.30333	9.52454
-0.27003	0.29955	-0.91507	2.99548
0.00000	0.00000	0.00000	1.00000

