Iteration Num of Simuation:0
m_SimulationDeltaT of action plan:0
boidNo = 0
boid Wall No = 0
position = = (-9.4, -1.9, -2.8)
Boid Radius= 10
Boid Frame=
 -0.04147	-0.94227	-0.33229	-9.42267
-0.75356	-0.18888	0.62966	-1.88884
0.65607	-0.27651	0.70222	-2.76507
0.00000	0.00000	0.00000	1.00000

boidNo = 1
boid Wall No = 1
position = = (-1.0, 9.2, 3.7)
Boid Radius= 10
Boid Frame=
 0.80044	-0.10500	0.59014	-1.04999
-0.14360	0.92227	0.35887	9.22275
0.58195	0.37200	-0.72315	3.72001
0.00000	0.00000	0.00000	1.00000

boidNo = 2
boid Wall No = 0
position = = (-4.9, -4.1, 7.7)
Boid Radius= 10
Boid Frame=
 0.84150	-0.49249	0.22211	-4.92488
-0.44939	-0.40989	0.79375	-4.09893
0.29987	0.76775	0.56625	7.67753
0.00000	0.00000	0.00000	1.00000

boidNo = 3
boid Wall No = 1
position = = (-5.1, 1.6, -8.5)
Boid Radius= 10
Boid Frame=
 -0.67542	-0.50967	-0.53295	-5.09674
-0.68226	0.15762	0.71391	1.57623
0.27986	-0.84581	0.45419	-8.45806
0.00000	0.00000	0.00000	1.00000

boidNo = 4
boid Wall No = 0
position = = (3.6, -8.5, -3.8)
Boid Radius= 10
Boid Frame=
 -0.93012	0.36143	0.06518	3.61432
-0.30068	-0.85132	0.42995	-8.51315
-0.21089	-0.38030	-0.90050	-3.80302
0.00000	0.00000	0.00000	1.00000

boidNo = 5
boid Wall No = 0
position = = (-0.3, -4.2, -9.1)
Boid Radius= 10
Boid Frame=
 -0.86529	-0.02821	-0.50048	-0.28211
-0.44506	-0.41615	0.79293	-4.16154
0.23065	-0.90886	-0.34754	-9.08856
0.00000	0.00000	0.00000	1.00000

boidNo = 6
boid Wall No = 0
position = = (5.0, -4.8, 7.2)
Boid Radius= 10
Boid Frame=
 0.39662	0.49573	0.77262	4.95733
-0.61523	-0.48111	0.62452	-4.81109
-0.68131	0.72304	-0.11418	7.23037
0.00000	0.00000	0.00000	1.00000

boidNo = 7
boid Wall No = 0
position = = (-5.5, -4.8, 6.9)
Boid Radius= 10
Boid Frame=
 0.81465	-0.54511	0.19798	-5.45113
-0.49581	-0.47754	0.72535	-4.77536
0.30085	0.68907	0.65930	6.89066
0.00000	0.00000	0.00000	1.00000

boidNo = 8
boid Wall No = 0
position = = (5.5, -8.4, -0.5)
Boid Radius= 10
Boid Frame=
 0.01886	0.54746	0.83662	5.47455
0.07085	-0.83540	0.54506	-8.35399
-0.99731	-0.04899	0.05454	-0.48995
0.00000	0.00000	0.00000	1.00000

boidNo = 9
boid Wall No = 0
position = = (9.3, -1.2, -3.4)
Boid Radius= 10
Boid Frame=
 -0.33998	0.93126	-0.13102	9.31260
-0.62153	-0.11795	0.77446	-1.17951
-0.70577	-0.34473	-0.61891	-3.44735
0.00000	0.00000	0.00000	1.00000

