Iteration Num of Simuation:0
m_SimulationDeltaT of action plan:0
boidNo = 0
boid Wall No = 0
position = = (-2.1, -9.5, 2.5)
Boid Radius= 10
Boid Frame=
 0.76761	-0.20775	-0.60631	-2.07753
0.00085	-0.94568	0.32511	-9.45676
0.64092	0.25007	0.72573	2.50073
0.00000	0.00000	0.00000	1.00000

boidNo = 1
boid Wall No = 1
position = = (-7.1, 1.7, 6.8)
Boid Radius= 10
Boid Frame=
 0.27738	-0.70933	0.64801	-7.09327
-0.82461	0.17035	0.53945	1.70350
0.49303	0.68399	0.53766	6.83986
0.00000	0.00000	0.00000	1.00000

boidNo = 2
boid Wall No = 1
position = = (-1.6, 9.0, 4.1)
Boid Radius= 10
Boid Frame=
 0.91024	-0.15801	0.38274	-1.58011
-0.02675	0.89995	0.43517	8.99951
0.41321	0.40635	-0.81495	4.06350
0.00000	0.00000	0.00000	1.00000

boidNo = 3
boid Wall No = 1
position = = (5.8, 4.0, -7.1)
Boid Radius= 10
Boid Frame=
 -0.39685	0.58369	-0.70839	5.83687
-0.61981	0.39883	0.67585	3.98832
-0.67701	-0.70728	-0.20349	-7.07279
0.00000	0.00000	0.00000	1.00000

boidNo = 4
boid Wall No = 1
position = = (-8.0, 5.4, 2.5)
Boid Radius= 10
Boid Frame=
 -0.05457	-0.80411	0.59198	-8.04106
-0.47799	0.54155	0.69155	5.41554
0.87667	0.24522	0.41391	2.45220
0.00000	0.00000	0.00000	1.00000

boidNo = 5
boid Wall No = 0
position = = (-2.9, -9.6, 0.1)
Boid Radius= 10
Boid Frame=
 -0.11270	-0.29492	-0.94885	-2.94921
0.04554	-0.95547	0.29157	-9.55466
0.99258	0.01035	-0.12111	0.10352
0.00000	0.00000	0.00000	1.00000

boidNo = 6
boid Wall No = 0
position = = (4.6, -7.7, 4.4)
Boid Radius= 10
Boid Frame=
 0.63277	0.46447	0.61957	4.64473
-0.05747	-0.76975	0.63575	-7.69750
-0.77221	0.43789	0.46038	4.37892
0.00000	0.00000	0.00000	1.00000

boidNo = 7
boid Wall No = 1
position = = (0.8, 9.3, -3.5)
Boid Radius= 10
Boid Frame=
 -0.89881	0.07857	-0.43123	0.78567
-0.08444	0.93434	0.34623	9.34342
-0.43012	-0.34761	0.83317	-3.47610
0.00000	0.00000	0.00000	1.00000

boidNo = 8
boid Wall No = 1
position = = (-7.5, 6.4, -1.6)
Boid Radius= 9.999999
Boid Frame=
 -0.49145	-0.74822	0.44569	-7.48218
-0.37888	0.64448	0.66415	6.44478
0.78417	-0.15754	0.60021	-1.57539
0.00000	0.00000	0.00000	1.00000

boidNo = 9
boid Wall No = 0
position = = (-2.9, -8.9, -3.5)
Boid Radius= 10
Boid Frame=
 -0.83798	-0.28959	-0.46253	-2.89590
0.06109	-0.89203	0.44783	-8.92031
0.54228	-0.34701	-0.76519	-3.47013
0.00000	0.00000	0.00000	1.00000

boidNo = 10
boid Wall No = 0
position = = (-9.0, -3.7, -2.4)
Boid Radius= 10
Boid Frame=
 0.19093	-0.89870	-0.39482	-8.98702
-0.81480	-0.36940	0.44682	-3.69399
0.54740	-0.23639	0.80279	-2.36389
0.00000	0.00000	0.00000	1.00000

boidNo = 11
boid Wall No = 1
position = = (-0.6, 3.0, 9.5)
Boid Radius= 10
Boid Frame=
 0.64447	-0.05739	0.76247	-0.57385
-0.71740	0.29964	0.62893	2.99637
0.26456	0.95233	-0.15194	9.52326
0.00000	0.00000	0.00000	1.00000

boidNo = 12
boid Wall No = 0
position = = (2.7, -9.6, -0.7)
Boid Radius= 10
Boid Frame=
 -0.40132	0.27178	0.87469	2.71785
-0.04779	-0.95987	0.27633	-9.59875
-0.91469	-0.06909	-0.39821	-0.69092
0.00000	0.00000	0.00000	1.00000

boidNo = 13
boid Wall No = 1
position = = (-7.2, 4.6, 5.2)
Boid Radius= 10
Boid Frame=
 0.06433	-0.72035	0.69063	-7.20346
-0.70460	0.45730	0.54260	4.57295
0.70668	0.52152	0.47814	5.21520
0.00000	0.00000	0.00000	1.00000

boidNo = 14
boid Wall No = 0
position = = (-7.0, -6.3, -3.3)
Boid Radius= 10
Boid Frame=
 -0.03845	-0.70433	-0.70883	-7.04331
-0.43493	-0.62684	0.64646	-6.26841
0.89964	-0.33315	0.28223	-3.33149
0.00000	0.00000	0.00000	1.00000

boidNo = 15
boid Wall No = 1
position = = (4.8, 2.1, 8.5)
Boid Radius= 10
Boid Frame=
 0.74554	0.48254	0.45970	4.82544
-0.60698	0.20678	0.76735	2.06777
-0.27522	0.85111	-0.44705	8.51114
0.00000	0.00000	0.00000	1.00000

boidNo = 16
boid Wall No = 0
position = = (1.3, -9.2, 3.8)
Boid Radius= 10
Boid Frame=
 0.94286	0.12664	-0.30819	1.26636
0.23061	-0.91564	0.32928	-9.15640
0.24049	0.38153	0.89252	3.81533
0.00000	0.00000	0.00000	1.00000

boidNo = 17
boid Wall No = 1
position = = (0.5, 9.3, 3.7)
Boid Radius= 10
Boid Frame=
 0.99853	0.05288	-0.01169	0.52880
-0.04485	0.92839	0.36889	9.28390
-0.03036	0.36783	-0.92940	3.67827
0.00000	0.00000	0.00000	1.00000

boidNo = 18
boid Wall No = 1
position = = (-7.6, 5.9, -2.7)
Boid Radius= 10
Boid Frame=
 -0.57838	-0.76035	0.29554	-7.60350
-0.42410	0.58974	0.68727	5.89741
0.69686	-0.27217	0.66356	-2.72165
0.00000	0.00000	0.00000	1.00000

boidNo = 19
boid Wall No = 0
position = = (-4.9, -1.9, 8.5)
Boid Radius= 10
Boid Frame=
 0.65180	-0.48571	0.58245	-4.85709
-0.72827	-0.18655	0.65941	-1.86551
0.21163	0.85398	0.47532	8.53982
0.00000	0.00000	0.00000	1.00000

