Iteration Num of Simuation:0
m_SimulationDeltaT of action plan:0
boidNo = 0
boid Wall No = 1
position = = (-3.8, 8.7, -3.0)
Boid Radius= 10
Boid Frame=
 -0.70058	-0.38470	0.60099	-3.84704
-0.06684	0.87390	0.48148	8.73903
0.71043	-0.29715	0.63796	-2.97148
0.00000	0.00000	0.00000	1.00000

boidNo = 1
boid Wall No = 0
position = = (7.3, -1.9, 6.5)
Boid Radius= 10
Boid Frame=
 -0.01857	0.73378	0.67914	7.33775
-0.96677	-0.18641	0.17496	-1.86407
-0.25498	0.65332	-0.71285	6.53320
0.00000	0.00000	0.00000	1.00000

boidNo = 2
boid Wall No = 0
position = = (0.2, -10.0, -0.3)
Boid Radius= 10
Boid Frame=
 -0.88308	0.01611	0.46894	0.16113
0.00115	-0.99933	0.03650	-9.99333
-0.46921	-0.03277	-0.88248	-0.32775
0.00000	0.00000	0.00000	1.00000

boidNo = 3
boid Wall No = 0
position = = (-3.3, -9.3, -1.6)
Boid Radius= 10
Boid Frame=
 -0.36280	-0.32539	-0.87321	-3.25390
-0.02960	-0.93256	0.35980	-9.32558
0.93140	-0.15638	-0.32870	-1.56385
0.00000	0.00000	0.00000	1.00000

boidNo = 4
boid Wall No = 1
position = = (3.2, 7.5, -5.8)
Boid Radius= 10
Boid Frame=
 -0.61630	0.32277	-0.71833	3.22770
-0.29476	0.75130	0.59048	7.51298
-0.73027	-0.57565	0.36788	-5.75649
0.00000	0.00000	0.00000	1.00000

boidNo = 5
boid Wall No = 1
position = = (7.5, 5.7, 3.2)
Boid Radius= 10
Boid Frame=
 0.62208	0.75467	-0.20857	7.54666
-0.47277	0.57439	0.66825	5.74394
-0.62410	0.31710	-0.71410	3.17096
0.00000	0.00000	0.00000	1.00000

boidNo = 6
boid Wall No = 0
position = = (-0.2, -7.1, 7.0)
Boid Radius= 10
Boid Frame=
 0.84674	-0.02408	0.53145	-0.24084
-0.38641	-0.71448	0.58327	-7.14485
-0.36567	0.69924	0.61429	6.99236
0.00000	0.00000	0.00000	1.00000

boidNo = 7
boid Wall No = 1
position = = (1.5, 9.9, -0.9)
Boid Radius= 10
Boid Frame=
 0.34767	0.14503	-0.92633	1.45033
-0.13621	0.98530	0.10314	9.85296
-0.92767	-0.09032	-0.36231	-0.90320
0.00000	0.00000	0.00000	1.00000

boidNo = 8
boid Wall No = 1
position = = (8.0, 5.7, -2.0)
Boid Radius= 10
Boid Frame=
 0.26556	0.80082	-0.53681	8.00819
-0.63089	0.56538	0.53134	5.65382
-0.72902	-0.19757	-0.65537	-1.97567
0.00000	0.00000	0.00000	1.00000

boidNo = 9
boid Wall No = 0
position = = (9.9, -0.6, -1.5)
Boid Radius= 10
Boid Frame=
 -0.13170	0.98704	-0.09166	9.87042
-0.82063	-0.05669	0.56863	-0.56694
-0.55607	-0.15011	-0.81747	-1.50112
0.00000	0.00000	0.00000	1.00000

boidNo = 10
boid Wall No = 0
position = = (3.0, -1.6, 9.4)
Boid Radius= 10
Boid Frame=
 -0.06751	0.30044	0.95141	3.00444
-0.98617	-0.16477	-0.01794	-1.64771
-0.15137	0.93946	-0.30741	9.39459
0.00000	0.00000	0.00000	1.00000

boidNo = 11
boid Wall No = 0
position = = (5.7, -6.0, -5.6)
Boid Radius= 10
Boid Frame=
 -0.81166	0.57434	0.10654	5.74339
-0.32527	-0.59588	0.73425	-5.95878
-0.48520	-0.56131	-0.67046	-5.61307
0.00000	0.00000	0.00000	1.00000

boidNo = 12
boid Wall No = 0
position = = (6.3, -5.5, 5.5)
Boid Radius= 10
Boid Frame=
 -0.46740	0.62690	0.62332	6.26899
-0.83268	-0.54903	-0.07221	-5.49031
-0.29696	0.55278	-0.77862	5.52777
0.00000	0.00000	0.00000	1.00000

boidNo = 13
boid Wall No = 0
position = = (3.6, -9.2, 1.5)
Boid Radius= 10
Boid Frame=
 0.42447	0.35514	0.83289	3.55135
0.01324	-0.92221	0.38647	-9.22206
-0.90535	0.15302	0.39615	1.53022
0.00000	0.00000	0.00000	1.00000

boidNo = 14
boid Wall No = 0
position = = (5.1, -8.6, -1.0)
Boid Radius= 10
Boid Frame=
 -0.10976	0.50578	0.85565	5.05779
0.05142	-0.85681	0.51306	-8.56811
-0.99263	-0.10031	-0.06803	-1.00310
0.00000	0.00000	0.00000	1.00000

boidNo = 15
boid Wall No = 0
position = = (1.9, -9.8, 0.8)
Boid Radius= 10
Boid Frame=
 0.32903	0.19426	0.92412	1.94260
-0.01450	-0.97746	0.21063	-9.77458
-0.94421	0.08270	0.31879	0.82701
0.00000	0.00000	0.00000	1.00000

boidNo = 16
boid Wall No = 1
position = = (-2.1, 4.2, 8.8)
Boid Radius= 10
Boid Frame=
 0.41136	-0.21482	0.88579	-2.14823
-0.78136	0.41728	0.46406	4.17285
0.46932	0.88302	-0.00380	8.83020
0.00000	0.00000	0.00000	1.00000

boidNo = 17
boid Wall No = 1
position = = (-3.7, 9.0, -2.3)
Boid Radius= 10
Boid Frame=
 -0.62064	-0.36781	0.69247	-3.67814
-0.05565	0.90158	0.42901	9.01584
0.78212	-0.22773	0.58003	-2.27726
0.00000	0.00000	0.00000	1.00000

boidNo = 18
boid Wall No = 0
position = = (6.8, -6.4, 3.4)
Boid Radius= 10
Boid Frame=
 0.23374	0.68379	0.69123	6.83794
-0.25458	-0.64308	0.72225	-6.43077
-0.93838	0.34479	-0.02377	3.44786
0.00000	0.00000	0.00000	1.00000

boidNo = 19
boid Wall No = 1
position = = (0.3, 6.3, 7.8)
Boid Radius= 10
Boid Frame=
 0.80959	0.03328	0.58605	0.33282
-0.47435	0.62519	0.61979	6.25185
0.34576	0.77977	-0.52193	7.79767
0.00000	0.00000	0.00000	1.00000

