Iteration Num of Simuation:0
m_SimulationDeltaT of action plan:0
boidNo = 0
boid Wall No = 1
position = = (-6.1, 3.4, 7.2)
Boid Radius= 10
Boid Frame=
 0.41980	-0.60783	0.67403	-6.07827
-0.63386	0.33518	0.69705	3.35181
0.64961	0.71986	0.24457	7.19861
0.00000	0.00000	0.00000	1.00000

boidNo = 1
boid Wall No = 1
position = = (-4.0, 3.3, 8.6)
Boid Radius= 10
Boid Frame=
 0.59822	-0.39504	0.69719	-3.95043
-0.61304	0.33469	0.71566	3.34687
0.51606	0.85553	0.04196	8.55527
0.00000	0.00000	0.00000	1.00000

boidNo = 2
boid Wall No = 0
position = = (0.3, -9.6, 2.7)
Boid Radius= 10
Boid Frame=
 0.80427	0.03341	0.59333	0.33413
-0.13314	-0.96291	0.23470	-9.62908
-0.57916	0.26775	0.76999	2.67753
0.00000	0.00000	0.00000	1.00000

boidNo = 3
boid Wall No = 1
position = = (-8.4, 4.8, -2.6)
Boid Radius= 10
Boid Frame=
 -0.50420	-0.83826	0.20761	-8.38260
-0.50597	0.48156	0.71561	4.81565
0.69984	-0.25576	0.66694	-2.55765
0.00000	0.00000	0.00000	1.00000

boidNo = 4
boid Wall No = 0
position = = (4.3, -9.0, 0.3)
Boid Radius= 10
Boid Frame=
 0.13884	0.42853	0.89280	4.28527
0.03368	-0.90305	0.42821	-9.03051
-0.98974	0.02939	0.13981	0.29385
0.00000	0.00000	0.00000	1.00000

boidNo = 5
boid Wall No = 0
position = = (4.5, -7.9, 4.3)
Boid Radius= 10
Boid Frame=
 0.66664	0.44603	0.59720	4.46027
-0.02790	-0.78571	0.61796	-7.85712
-0.74486	0.42862	0.51134	4.28622
0.00000	0.00000	0.00000	1.00000

boidNo = 6
boid Wall No = 0
position = = (1.4, -3.5, -9.3)
Boid Radius= 10
Boid Frame=
 -0.83456	0.13945	-0.53298	1.39446
-0.54524	-0.34762	0.76281	-3.47621
0.07890	-0.92721	-0.36614	-9.27208
0.00000	0.00000	0.00000	1.00000

boidNo = 7
boid Wall No = 0
position = = (-7.4, -3.7, 5.7)
Boid Radius= 10
Boid Frame=
 0.65753	-0.73564	0.16277	-7.35636
-0.58960	-0.36790	0.71904	-3.67901
0.46907	0.56876	0.67564	5.68761
0.00000	0.00000	0.00000	1.00000

boidNo = 8
boid Wall No = 1
position = = (2.6, 3.8, 8.9)
Boid Radius= 10
Boid Frame=
 0.80187	0.26389	0.53606	2.63891
-0.59728	0.37787	0.70744	3.77867
0.01587	0.88746	-0.46062	8.87456
0.00000	0.00000	0.00000	1.00000

boidNo = 9
boid Wall No = 0
position = = (0.2, -10.0, 0.2)
Boid Radius= 9.999999
Boid Frame=
 0.72532	0.02285	0.68803	0.22846
0.00124	-0.99949	0.03188	-9.99491
-0.68841	0.02227	0.72498	0.22267
0.00000	0.00000	0.00000	1.00000

boidNo = 10
boid Wall No = 1
position = = (2.9, 9.5, -0.7)
Boid Radius= 10
Boid Frame=
 0.61771	0.28859	-0.73154	2.88587
-0.24363	0.95469	0.17090	9.54693
-0.74772	-0.07266	-0.66003	-0.72663
0.00000	0.00000	0.00000	1.00000

boidNo = 11
boid Wall No = 1
position = = (5.7, 6.7, -4.7)
Boid Radius= 10
Boid Frame=
 -0.23711	0.57058	-0.78627	5.70577
-0.41320	0.67326	0.61318	6.73259
-0.87923	-0.47028	-0.07613	-4.70281
0.00000	0.00000	0.00000	1.00000

boidNo = 12
boid Wall No = 1
position = = (-0.3, 2.8, -9.6)
Boid Radius= 10
Boid Frame=
 -0.69913	-0.03056	-0.71434	-0.30564
-0.69189	0.28082	0.66515	2.80824
-0.18027	-0.95927	0.21748	-9.59273
0.00000	0.00000	0.00000	1.00000

boidNo = 13
boid Wall No = 0
position = = (7.9, -3.7, -4.9)
Boid Radius= 10
Boid Frame=
 -0.61179	0.79101	-0.00293	7.91014
-0.48493	-0.37213	0.79143	-3.72130
-0.62494	-0.48561	-0.61126	-4.85609
0.00000	0.00000	0.00000	1.00000

boidNo = 14
boid Wall No = 1
position = = (7.3, 4.4, 5.3)
Boid Radius= 10
Boid Frame=
 0.68315	0.72795	0.05821	7.27955
-0.53139	0.44084	0.72339	4.40840
-0.50093	0.52511	-0.68799	5.25111
0.00000	0.00000	0.00000	1.00000

boidNo = 15
boid Wall No = 0
position = = (-8.7, -1.4, -4.7)
Boid Radius= 10
Boid Frame=
 -0.19993	-0.87023	-0.45026	-8.70229
-0.77656	-0.13949	0.61441	-1.39488
0.59748	-0.47249	0.64790	-4.72488
0.00000	0.00000	0.00000	1.00000

boidNo = 16
boid Wall No = 0
position = = (-2.8, -8.6, 4.3)
Boid Radius= 9.999999
Boid Frame=
 0.69548	-0.28482	-0.65969	-2.84817
0.12678	-0.85504	0.50282	-8.55045
0.70728	0.43333	0.55855	4.33334
0.00000	0.00000	0.00000	1.00000

boidNo = 17
boid Wall No = 0
position = = (6.9, -2.2, 6.9)
Boid Radius= 10
Boid Frame=
 0.20759	0.69189	0.69151	6.91892
-0.84873	-0.22409	0.47900	-2.24087
-0.48638	0.68635	-0.54071	6.86345
0.00000	0.00000	0.00000	1.00000

boidNo = 18
boid Wall No = 0
position = = (2.6, -6.2, -7.4)
Boid Radius= 10
Boid Frame=
 -0.86309	0.25953	-0.43326	2.59533
-0.49353	-0.61552	0.61446	-6.15522
0.10721	-0.74416	-0.65934	-7.44161
0.00000	0.00000	0.00000	1.00000

boidNo = 19
boid Wall No = 1
position = = (-7.9, 6.0, 1.6)
Boid Radius= 9.999999
Boid Frame=
 -0.29210	-0.78534	0.54582	-7.85339
-0.58492	0.59823	0.54772	5.98226
0.75667	0.15927	0.63410	1.59274
0.00000	0.00000	0.00000	1.00000

