Iteration Num of Simuation:0
m_SimulationDeltaT of action plan:0
boidNo = 0
boid Wall No = 1
position = = (8.7, 0.9, 4.8)
Boid Radius= 10
Boid Frame=
 0.42518	0.87257	0.24050	8.72571
-0.62897	0.09377	0.77176	0.93772
-0.65086	0.47940	-0.58869	4.79402
0.00000	0.00000	0.00000	1.00000

boidNo = 1
boid Wall No = 0
position = = (-4.0, -8.9, -2.3)
Boid Radius= 10
Boid Frame=
 -0.67732	-0.40197	-0.61617	-4.01967
0.12185	-0.88726	0.44488	-8.87264
0.72553	-0.22624	-0.64994	-2.26242
0.00000	0.00000	0.00000	1.00000

boidNo = 2
boid Wall No = 0
position = = (-8.0, -0.8, 6.0)
Boid Radius= 10
Boid Frame=
 0.52550	-0.79698	0.29779	-7.96977
-0.57596	-0.07562	0.81397	-0.75623
0.62620	0.59926	0.49877	5.99257
0.00000	0.00000	0.00000	1.00000

boidNo = 3
boid Wall No = 0
position = = (-1.4, -9.7, -1.8)
Boid Radius= 10
Boid Frame=
 -0.68290	-0.14496	-0.71599	-1.44955
-0.03237	-0.97315	0.22789	-9.73148
0.72980	-0.17880	-0.65987	-1.78803
0.00000	0.00000	0.00000	1.00000

boidNo = 4
boid Wall No = 1
position = = (-6.9, 2.6, -6.8)
Boid Radius= 10
Boid Frame=
 -0.64820	-0.68973	-0.32266	-6.89730
-0.63572	0.25692	0.72791	2.56920
0.41916	-0.67695	0.60501	-6.76953
0.00000	0.00000	0.00000	1.00000

boidNo = 5
boid Wall No = 1
position = = (-0.5, 9.9, -1.4)
Boid Radius= 10
Boid Frame=
 -0.93743	-0.04761	-0.34489	-0.47613
-0.09430	0.98830	0.11989	9.88298
-0.33515	-0.14491	0.93095	-1.44913
0.00000	0.00000	0.00000	1.00000

boidNo = 6
boid Wall No = 0
position = = (-0.4, -0.3, -10.0)
Boid Radius= 10
Boid Frame=
 -0.82270	-0.03754	-0.56723	-0.37538
-0.56663	-0.02603	0.82356	-0.26032
0.04568	-0.99896	-0.00015	-9.98956
0.00000	0.00000	0.00000	1.00000

boidNo = 7
boid Wall No = 1
position = = (-2.6, 6.5, 7.1)
Boid Radius= 10
Boid Frame=
 0.72804	-0.26343	0.63290	-2.63431
-0.35146	0.64923	0.67452	6.49230
0.58859	0.71352	-0.38008	7.13516
0.00000	0.00000	0.00000	1.00000

boidNo = 8
boid Wall No = 1
position = = (-4.8, 8.5, 2.3)
Boid Radius= 10
Boid Frame=
 0.24809	-0.47895	0.84206	-4.78948
-0.12280	0.84667	0.51775	8.46672
0.96092	0.23185	-0.15123	2.31853
0.00000	0.00000	0.00000	1.00000

boidNo = 9
boid Wall No = 0
position = = (0.8, -9.6, -2.9)
Boid Radius= 10
Boid Frame=
 -0.98428	0.07549	0.15967	0.75486
-0.02543	-0.95521	0.29484	-9.55208
-0.17477	-0.28615	-0.94211	-2.86146
0.00000	0.00000	0.00000	1.00000

boidNo = 10
boid Wall No = 1
position = = (-6.4, 5.2, -5.7)
Boid Radius= 10
Boid Frame=
 -0.63997	-0.64156	-0.42288	-6.41564
-0.76807	0.51799	0.37650	5.17993
0.02250	-0.56576	0.82427	-5.65755
0.00000	0.00000	0.00000	1.00000

boidNo = 11
boid Wall No = 0
position = = (-9.3, -1.9, 3.2)
Boid Radius= 10
Boid Frame=
 0.36167	-0.92902	0.07824	-9.29019
-0.64175	-0.18720	0.74371	-1.87203
0.67628	0.31919	0.66390	3.19185
0.00000	0.00000	0.00000	1.00000

boidNo = 12
boid Wall No = 0
position = = (1.4, -9.9, 0.6)
Boid Radius= 10
Boid Frame=
 0.42459	0.13762	0.89487	1.37617
0.00027	-0.98840	0.15187	-9.88400
-0.90539	0.06424	0.41970	0.64244
0.00000	0.00000	0.00000	1.00000

boidNo = 13
boid Wall No = 1
position = = (2.1, 5.3, 8.2)
Boid Radius= 10
Boid Frame=
 0.88129	0.21500	0.42084	2.14998
-0.46749	0.52697	0.70976	5.26973
0.06918	0.82224	-0.56492	8.22238
0.00000	0.00000	0.00000	1.00000

boidNo = 14
boid Wall No = 0
position = = (6.9, -7.2, 0.7)
Boid Radius= 10
Boid Frame=
 -0.09165	0.68894	0.71900	6.88937
-0.18047	-0.72158	0.66840	-7.21578
-0.97930	0.06849	-0.19046	0.68494
0.00000	0.00000	0.00000	1.00000

boidNo = 15
boid Wall No = 0
position = = (-7.4, -4.3, 5.2)
Boid Radius= 10
Boid Frame=
 0.67572	-0.73715	-0.00441	-7.37149
-0.46933	-0.43481	0.76855	-4.34809
0.56846	0.51725	0.63977	5.17255
0.00000	0.00000	0.00000	1.00000

boidNo = 16
boid Wall No = 0
position = = (6.3, -7.4, -2.4)
Boid Radius= 10
Boid Frame=
 -0.46050	0.62721	0.62813	6.27208
-0.10885	-0.74219	0.66129	-7.42188
-0.88096	-0.23615	-0.41005	-2.36152
0.00000	0.00000	0.00000	1.00000

boidNo = 17
boid Wall No = 1
position = = (-0.3, 9.6, -2.7)
Boid Radius= 10
Boid Frame=
 -0.96840	-0.03262	0.24727	-0.32622
0.03659	0.96210	0.27022	9.62104
0.24671	-0.27072	0.93051	-2.70724
0.00000	0.00000	0.00000	1.00000

boidNo = 18
boid Wall No = 1
position = = (-5.8, 8.0, 1.5)
Boid Radius= 10
Boid Frame=
 -0.03263	-0.58445	0.81077	-5.84452
-0.20301	0.79817	0.56720	7.98169
0.97863	0.14609	0.14470	1.46091
0.00000	0.00000	0.00000	1.00000

boidNo = 19
boid Wall No = 1
position = = (-3.1, 9.4, 1.5)
Boid Radius= 10
Boid Frame=
 -0.40592	-0.31292	0.85867	-3.12916
-0.27344	0.93810	0.21260	9.38101
0.87204	0.14849	0.46636	1.48493
0.00000	0.00000	0.00000	1.00000

