Iteration Num of Simuation:0
m_SimulationDeltaT of action plan:0
boidNo = 0
boid Wall No = 1
position = = (1.5, 11.9, 0.7)
Boid Radius= 12
Boid Frame=
 -0.06980	0.12748	-0.98938	1.52974
0.06418	0.99032	0.12307	11.88384
-0.99549	0.05491	0.07731	0.65892
0.00000	0.00000	0.00000	1.00000

boidNo = 1
boid Wall No = 1
position = = (10.5, 5.1, 2.7)
Boid Radius= 12
Boid Frame=
 0.44177	0.87818	-0.18342	10.53815
-0.54038	0.42368	0.72697	5.08412
-0.71613	0.22203	-0.66171	2.66442
0.00000	0.00000	0.00000	1.00000

boidNo = 2
boid Wall No = 1
position = = (11.2, 4.3, -0.6)
Boid Radius= 12
Boid Frame=
 0.27758	0.93323	-0.22810	11.19878
-0.80667	0.35536	0.47223	4.26427
-0.52176	-0.05292	-0.85145	-0.63508
0.00000	0.00000	0.00000	1.00000

boidNo = 3
boid Wall No = 0
position = = (-3.0, -11.3, 2.7)
Boid Radius= 12
Boid Frame=
 0.37236	-0.24635	-0.89480	-2.95618
0.12027	-0.94319	0.30972	-11.31828
0.92026	0.22295	0.32157	2.67537
0.00000	0.00000	0.00000	1.00000

boidNo = 4
boid Wall No = 0
position = = (4.0, -11.2, 1.2)
Boid Radius= 12
Boid Frame=
 0.41950	0.33606	0.84326	4.03274
0.05630	-0.93679	0.34533	-11.24150
-0.90601	0.09739	0.41191	1.16865
0.00000	0.00000	0.00000	1.00000

boidNo = 5
boid Wall No = 1
position = = (1.7, 11.4, -3.2)
Boid Radius= 12
Boid Frame=
 -0.94194	0.14464	-0.30304	1.73572
0.04921	0.95219	0.30152	11.42628
-0.33217	-0.26910	0.90402	-3.22915
0.00000	0.00000	0.00000	1.00000

boidNo = 6
boid Wall No = 1
position = = (-3.0, 11.6, 1.1)
Boid Radius= 12
Boid Frame=
 0.22930	-0.25109	0.94041	-3.01303
-0.03157	0.96373	0.26501	11.56475
0.97284	0.09045	-0.21306	1.08544
0.00000	0.00000	0.00000	1.00000

boidNo = 7
boid Wall No = 0
position = = (3.8, -3.6, -10.8)
Boid Radius= 12
Boid Frame=
 -0.79484	0.32054	-0.51525	3.84643
-0.60131	-0.30194	0.73977	-3.62334
-0.08154	-0.89782	-0.43274	-10.77388
0.00000	0.00000	0.00000	1.00000

boidNo = 8
boid Wall No = 0
position = = (-9.3, -5.2, 5.5)
Boid Radius= 12
Boid Frame=
 0.62851	-0.77416	-0.07524	-9.28988
-0.44233	-0.43532	0.78412	-5.22385
0.63979	0.45954	0.61603	5.51449
0.00000	0.00000	0.00000	1.00000

boidNo = 9
boid Wall No = 1
position = = (-6.7, 4.2, 9.0)
Boid Radius= 12
Boid Frame=
 0.51487	-0.55517	0.65322	-6.66206
-0.56430	0.35414	0.74576	4.24967
0.64536	0.75258	0.13095	9.03091
0.00000	0.00000	0.00000	1.00000

boidNo = 10
boid Wall No = 1
position = = (-3.4, 11.5, -0.2)
Boid Radius= 12
Boid Frame=
 0.02090	-0.28029	0.95969	-3.36349
0.02196	0.95979	0.27984	11.51754
0.99954	-0.01522	-0.02622	-0.18265
0.00000	0.00000	0.00000	1.00000

boidNo = 11
boid Wall No = 1
position = = (5.6, 0.7, 10.6)
Boid Radius= 12
Boid Frame=
 0.70333	0.46758	0.53544	5.61092
-0.62752	0.05449	0.77670	0.65393
-0.33399	0.88227	-0.33174	10.58725
0.00000	0.00000	0.00000	1.00000

boidNo = 12
boid Wall No = 0
position = = (-11.9, -0.4, -1.5)
Boid Radius= 12
Boid Frame=
 -0.06949	-0.99189	-0.10641	-11.90270
-0.65797	-0.03460	0.75225	-0.41523
0.74983	-0.12229	0.65023	-1.46744
0.00000	0.00000	0.00000	1.00000

boidNo = 13
boid Wall No = 1
position = = (6.7, 6.4, -7.6)
Boid Radius= 12
Boid Frame=
 -0.28411	0.56011	-0.77818	6.72130
-0.59701	0.53174	0.60069	6.38083
-0.75024	-0.63524	-0.18332	-7.62294
0.00000	0.00000	0.00000	1.00000

boidNo = 14
boid Wall No = 1
position = = (5.2, 10.2, 3.7)
Boid Radius= 12
Boid Frame=
 0.71925	0.43138	-0.54460	5.17659
-0.11815	0.84841	0.51599	10.18088
-0.68463	0.30678	-0.66118	3.68140
0.00000	0.00000	0.00000	1.00000

boidNo = 15
boid Wall No = 1
position = = (10.6, 5.6, -0.3)
Boid Radius= 12
Boid Frame=
 0.26139	0.88254	-0.39089	10.59050
-0.53183	0.46964	0.70469	5.63566
-0.80550	-0.02369	-0.59212	-0.28429
0.00000	0.00000	0.00000	1.00000

boidNo = 16
boid Wall No = 0
position = = (-8.0, -7.6, -4.8)
Boid Radius= 12
Boid Frame=
 -0.30877	-0.66501	-0.68002	-7.98011
-0.25885	-0.62921	0.73286	-7.55058
0.91524	-0.40231	-0.02214	-4.82769
0.00000	0.00000	0.00000	1.00000

boidNo = 17
boid Wall No = 0
position = = (-0.3, -12.0, 0.1)
Boid Radius= 12
Boid Frame=
 0.03622	-0.02451	-0.99904	-0.29418
0.00705	-0.99967	0.02479	-11.99602
0.99932	0.00794	0.03603	0.09532
0.00000	0.00000	0.00000	1.00000

boidNo = 18
boid Wall No = 0
position = = (10.2, -5.3, 3.6)
Boid Radius= 12
Boid Frame=
 -0.10245	0.84729	0.52115	10.16750
-0.69088	-0.43754	0.57554	-5.25047
-0.71567	0.30109	-0.63020	3.61311
0.00000	0.00000	0.00000	1.00000

boidNo = 19
boid Wall No = 1
position = = (-3.0, 10.5, -5.0)
Boid Radius= 12
Boid Frame=
 -0.91901	-0.24900	0.30566	-2.98796
-0.07605	0.87272	0.48227	10.47259
0.38684	-0.41996	0.82097	-5.03954
0.00000	0.00000	0.00000	1.00000

boidNo = 20
boid Wall No = 1
position = = (-2.3, 11.7, -1.3)
Boid Radius= 12
Boid Frame=
 -0.60306	-0.19104	0.77448	-2.29249
-0.02777	0.97534	0.21896	11.70405
0.79721	-0.11054	0.59350	-1.32648
0.00000	0.00000	0.00000	1.00000

boidNo = 21
boid Wall No = 1
position = = (9.4, 5.0, -5.6)
Boid Radius= 12
Boid Frame=
 -0.18001	0.78037	-0.59885	9.36440
-0.56206	0.41802	0.71368	5.01630
-0.80727	-0.46506	-0.36336	-5.58075
0.00000	0.00000	0.00000	1.00000

boidNo = 22
boid Wall No = 0
position = = (0.2, -11.4, -3.6)
Boid Radius= 12
Boid Frame=
 -0.96752	0.01373	-0.25240	0.16474
-0.08933	-0.95266	0.29063	-11.43188
0.23646	-0.30374	-0.92295	-3.64484
0.00000	0.00000	0.00000	1.00000

boidNo = 23
boid Wall No = 0
position = = (-5.1, -10.8, -1.0)
Boid Radius= 12
Boid Frame=
 -0.40614	-0.42189	-0.81059	-5.06263
0.10366	-0.90259	0.41783	-10.83110
0.90791	-0.08568	-0.41031	-1.02811
0.00000	0.00000	0.00000	1.00000

boidNo = 24
boid Wall No = 0
position = = (4.2, -0.6, -11.2)
Boid Radius= 12
Boid Frame=
 -0.74752	0.34777	-0.56593	4.17326
-0.61812	-0.05225	0.78435	-0.62695
-0.24321	-0.93612	-0.25402	-11.23347
0.00000	0.00000	0.00000	1.00000

boidNo = 25
boid Wall No = 0
position = = (0.5, -11.6, -2.9)
Boid Radius= 12
Boid Frame=
 -0.94789	0.03935	0.31616	0.47222
0.03957	-0.97011	0.23940	-11.64136
-0.31613	-0.23944	-0.91800	-2.87327
0.00000	0.00000	0.00000	1.00000

boidNo = 26
boid Wall No = 1
position = = (-7.7, 9.2, -1.0)
Boid Radius= 12
Boid Frame=
 -0.53459	-0.63802	0.55421	-7.65619
-0.36087	0.76533	0.53296	9.18392
0.76419	-0.08492	0.63938	-1.01901
0.00000	0.00000	0.00000	1.00000

boidNo = 27
boid Wall No = 0
position = = (2.6, -11.2, -3.4)
Boid Radius= 12
Boid Frame=
 -0.60068	0.21667	0.76957	2.60003
0.09947	-0.93484	0.34084	-11.21813
-0.79328	-0.28128	-0.53999	-3.37541
0.00000	0.00000	0.00000	1.00000

boidNo = 28
boid Wall No = 1
position = = (-9.7, 3.5, 6.1)
Boid Radius= 12
Boid Frame=
 0.25047	-0.81121	0.52839	-9.73454
-0.61307	0.28950	0.73507	3.47402
0.74927	0.50806	0.42482	6.09671
0.00000	0.00000	0.00000	1.00000

boidNo = 29
boid Wall No = 1
position = = (1.9, 6.6, 9.8)
Boid Radius= 12
Boid Frame=
 0.81517	0.15540	0.55799	1.86474
-0.53984	0.55297	0.63466	6.63564
0.20993	0.81858	-0.53465	9.82298
0.00000	0.00000	0.00000	1.00000

