Iteration Num of Simuation:0
m_SimulationDeltaT of action plan:0
boidNo = 0
boid Wall No = 0
position = = (0.6, -9.5, -2.9)
Boid Radius= 10
Boid Frame=
 -0.97366	0.05822	0.22043	0.58218
0.01027	-0.95466	0.29752	-9.54661
-0.22775	-0.29195	-0.92892	-2.91948
0.00000	0.00000	0.00000	1.00000

boidNo = 1
boid Wall No = 0
position = = (-5.4, -8.2, -1.7)
Boid Radius= 10
Boid Frame=
 -0.33898	-0.53897	-0.77110	-5.38974
0.02617	-0.82471	0.56494	-8.24715
0.94043	-0.17133	-0.29367	-1.71325
0.00000	0.00000	0.00000	1.00000

boidNo = 2
boid Wall No = 1
position = = (8.3, 2.3, -5.1)
Boid Radius= 10
Boid Frame=
 -0.21319	0.82679	-0.52055	8.26790
-0.71301	0.23260	0.66145	2.32600
-0.66796	-0.51217	-0.53992	-5.12167
0.00000	0.00000	0.00000	1.00000

boidNo = 3
boid Wall No = 1
position = = (1.0, 9.9, 0.5)
Boid Radius= 10
Boid Frame=
 0.84746	0.10060	-0.52124	1.00596
-0.05725	0.99347	0.09865	9.93474
-0.52777	0.05376	-0.84769	0.53761
0.00000	0.00000	0.00000	1.00000

boidNo = 4
boid Wall No = 0
position = = (-4.1, -8.4, 3.5)
Boid Radius= 10
Boid Frame=
 0.66479	-0.41239	-0.62289	-4.12394
-0.01813	-0.84248	0.53842	-8.42478
0.74681	0.34664	0.56755	3.46643
0.00000	0.00000	0.00000	1.00000

boidNo = 5
boid Wall No = 0
position = = (-3.1, -4.6, -8.3)
Boid Radius= 10
Boid Frame=
 0.23232	-0.30956	-0.92206	-3.09564
-0.88549	-0.45953	-0.06883	-4.59532
0.40241	-0.83247	0.38087	-8.32466
0.00000	0.00000	0.00000	1.00000

boidNo = 6
boid Wall No = 1
position = = (3.7, 8.7, 3.3)
Boid Radius= 9.999999
Boid Frame=
 0.80135	0.36642	-0.47284	3.66416
-0.11217	0.86847	0.48289	8.68466
-0.58758	0.33393	-0.73705	3.33926
0.00000	0.00000	0.00000	1.00000

boidNo = 7
boid Wall No = 0
position = = (-1.4, -9.4, 3.2)
Boid Radius= 10
Boid Frame=
 -0.51136	-0.14324	0.84735	-1.43242
-0.20325	-0.93788	-0.28120	-9.37876
-0.83499	0.31602	-0.45047	3.16022
0.00000	0.00000	0.00000	1.00000

boidNo = 8
boid Wall No = 0
position = = (-5.0, -7.4, -4.5)
Boid Radius= 9.999999
Boid Frame=
 -0.51837	-0.50084	-0.69315	-5.00840
-0.15892	-0.74001	0.65355	-7.40012
0.84026	-0.44893	-0.30400	-4.48934
0.00000	0.00000	0.00000	1.00000

boidNo = 9
boid Wall No = 0
position = = (-0.2, -9.9, -1.6)
Boid Radius= 10
Boid Frame=
 -0.99883	-0.01612	-0.04570	-0.16116
0.00843	-0.98650	0.16356	-9.86497
0.04772	-0.16298	-0.98547	-1.62984
0.00000	0.00000	0.00000	1.00000

boidNo = 10
boid Wall No = 0
position = = (3.1, -9.5, -1.0)
Boid Radius= 10
Boid Frame=
 -0.61461	0.30834	0.72607	3.08340
-0.11506	-0.94564	0.30419	-9.45638
-0.78039	-0.10342	-0.61668	-1.03420
0.00000	0.00000	0.00000	1.00000

boidNo = 11
boid Wall No = 1
position = = (0.8, 9.9, 1.0)
Boid Radius= 10
Boid Frame=
 0.73499	0.07770	-0.67361	0.77701
0.00997	0.99207	0.12531	9.92068
-0.67801	0.09881	-0.72838	0.98812
0.00000	0.00000	0.00000	1.00000

boidNo = 12
boid Wall No = 1
position = = (7.3, 6.0, -3.3)
Boid Radius= 10
Boid Frame=
 0.11048	0.72620	-0.67855	7.26196
-0.57897	0.60195	0.54995	6.01953
-0.80783	-0.33210	-0.48695	-3.32102
0.00000	0.00000	0.00000	1.00000

boidNo = 13
boid Wall No = 0
position = = (-0.1, -10.0, 0.0)
Boid Radius= 10
Boid Frame=
 -0.20463	-0.00612	-0.97882	-0.06116
-0.00032	-0.99998	0.00632	-9.99980
0.97884	-0.00161	-0.20462	-0.01608
0.00000	0.00000	0.00000	1.00000

boidNo = 14
boid Wall No = 1
position = = (0.0, 9.8, 1.7)
Boid Radius= 10
Boid Frame=
 0.97603	0.00182	-0.21761	0.01821
0.03620	0.98468	0.17059	9.84676
-0.21458	0.17438	-0.96101	1.74383
0.00000	0.00000	0.00000	1.00000

boidNo = 15
boid Wall No = 0
position = = (-5.6, -3.8, 7.3)
Boid Radius= 10
Boid Frame=
 0.53752	-0.56439	0.62653	-5.64386
-0.84278	-0.38433	0.37684	-3.84325
-0.02811	0.73059	0.68224	7.30591
0.00000	0.00000	0.00000	1.00000

boidNo = 16
boid Wall No = 1
position = = (4.3, 2.2, -8.8)
Boid Radius= 10
Boid Frame=
 -0.62633	0.43252	-0.64856	4.32520
-0.62643	0.21593	0.74897	2.15933
-0.46399	-0.87539	-0.13570	-8.75385
0.00000	0.00000	0.00000	1.00000

boidNo = 17
boid Wall No = 0
position = = (-0.6, -9.9, 1.0)
Boid Radius= 10
Boid Frame=
 0.83404	-0.06382	-0.54800	-0.63824
0.00156	-0.99301	0.11802	-9.93010
0.55170	0.09929	0.82811	0.99290
0.00000	0.00000	0.00000	1.00000

boidNo = 18
boid Wall No = 1
position = = (2.7, 6.8, 6.8)
Boid Radius= 10
Boid Frame=
 0.90631	0.27046	0.32474	2.70459
-0.41875	0.67836	0.60371	6.78362
0.05701	0.68314	-0.72806	6.83138
0.00000	0.00000	0.00000	1.00000

boidNo = 19
boid Wall No = 1
position = = (-7.7, 0.8, 6.4)
Boid Radius= 10
Boid Frame=
 0.18647	-0.76829	0.61234	-7.68290
-0.92206	0.07832	0.37904	0.78315
0.33917	0.63529	0.69381	6.35293
0.00000	0.00000	0.00000	1.00000

