Iteration Num of Simuation:0
m_SimulationDeltaT of action plan:0
boidNo = 0
boid Wall No = 1
position = = (3.3, 9.1, 2.6)
Boid Radius= 10
Boid Frame=
 0.89761	0.32508	0.29770	3.25084
-0.38217	0.91048	0.15806	9.10475
0.21966	0.25565	-0.94148	2.55646
0.00000	0.00000	0.00000	1.00000

boidNo = 1
boid Wall No = 1
position = = (-4.8, 8.6, 1.8)
Boid Radius= 10
Boid Frame=
 0.15946	-0.47890	0.86327	-4.78901
-0.11263	0.85992	0.49785	8.59920
0.98076	0.17661	-0.08318	1.76613
0.00000	0.00000	0.00000	1.00000

boidNo = 2
boid Wall No = 0
position = = (-3.0, -7.4, -6.0)
Boid Radius= 10
Boid Frame=
 -0.75787	-0.29787	-0.58043	-2.97871
-0.19832	-0.74239	0.63994	-7.42394
0.62153	-0.60010	-0.50357	-6.00104
0.00000	0.00000	0.00000	1.00000

boidNo = 3
boid Wall No = 0
position = = (-8.4, -5.3, 0.8)
Boid Radius= 10
Boid Frame=
 0.31726	-0.84456	-0.43135	-8.44560
-0.36744	-0.52879	0.76510	-5.28792
0.87426	0.08425	0.47809	0.84245
0.00000	0.00000	0.00000	1.00000

boidNo = 4
boid Wall No = 0
position = = (-7.1, -6.0, -3.6)
Boid Radius= 10
Boid Frame=
 -0.10120	-0.71201	-0.69484	-7.12008
-0.41898	-0.60297	0.67889	-6.02969
0.90234	-0.35982	0.23729	-3.59823
0.00000	0.00000	0.00000	1.00000

boidNo = 5
boid Wall No = 1
position = = (-0.8, 7.9, -6.0)
Boid Radius= 10
Boid Frame=
 -0.42905	-0.07751	-0.89995	-0.77514
-0.57175	0.79462	0.20414	7.94623
-0.69930	-0.60213	0.38525	-6.02134
0.00000	0.00000	0.00000	1.00000

boidNo = 6
boid Wall No = 1
position = = (-2.5, 4.8, -8.4)
Boid Radius= 9.999999
Boid Frame=
 -0.83731	-0.24764	-0.48742	-2.47638
-0.54276	0.48371	0.68662	4.83707
-0.06574	-0.83947	0.53942	-8.39466
0.00000	0.00000	0.00000	1.00000

boidNo = 7
boid Wall No = 1
position = = (2.0, 9.8, 1.0)
Boid Radius= 10
Boid Frame=
 0.96509	0.19543	-0.17439	1.95432
-0.17353	0.97578	0.13317	9.75783
-0.19619	0.09825	-0.97563	0.98254
0.00000	0.00000	0.00000	1.00000

boidNo = 8
boid Wall No = 0
position = = (3.9, -8.4, -3.9)
Boid Radius= 10
Boid Frame=
 -0.27038	0.38577	-0.88209	3.85766
-0.50661	-0.83612	-0.21038	-8.36116
0.81868	-0.38999	-0.42150	-3.89993
0.00000	0.00000	0.00000	1.00000

boidNo = 9
boid Wall No = 1
position = = (-3.0, 9.5, -0.5)
Boid Radius= 10
Boid Frame=
 -0.41866	-0.30297	0.85611	-3.02969
-0.08453	0.95162	0.29543	9.51618
0.90420	-0.05132	0.42402	-0.51320
0.00000	0.00000	0.00000	1.00000

boidNo = 10
boid Wall No = 0
position = = (0.0, -10.0, 0.8)
Boid Radius= 10
Boid Frame=
 0.99324	-0.00390	-0.11605	-0.03899
0.00490	-0.99714	0.07542	-9.97140
0.11601	0.07548	0.99038	0.75479
0.00000	0.00000	0.00000	1.00000

boidNo = 11
boid Wall No = 0
position = = (5.1, -6.4, 5.8)
Boid Radius= 10
Boid Frame=
 -0.61518	0.50843	0.60254	5.08431
-0.73872	-0.63872	-0.21526	-6.38717
-0.27541	0.57753	-0.76851	5.77528
0.00000	0.00000	0.00000	1.00000

boidNo = 12
boid Wall No = 1
position = = (-3.2, 9.2, -2.3)
Boid Radius= 10
Boid Frame=
 -0.92656	-0.31998	-0.19773	-3.19979
-0.35411	0.91932	0.17165	9.19317
-0.12685	-0.22906	0.96511	-2.29064
0.00000	0.00000	0.00000	1.00000

boidNo = 13
boid Wall No = 1
position = = (6.9, 4.8, 5.4)
Boid Radius= 10
Boid Frame=
 0.69125	0.69263	0.20602	6.92628
-0.65311	0.47682	0.58830	4.76816
-0.30924	0.54121	-0.78196	5.41214
0.00000	0.00000	0.00000	1.00000

boidNo = 14
boid Wall No = 0
position = = (-2.5, -9.6, 0.9)
Boid Radius= 10
Boid Frame=
 0.32694	-0.25137	-0.91100	-2.51373
0.00615	-0.96339	0.26804	-9.63389
0.94502	0.09324	0.31343	0.93241
0.00000	0.00000	0.00000	1.00000

boidNo = 15
boid Wall No = 0
position = = (7.2, -2.9, -6.3)
Boid Radius= 10
Boid Frame=
 -0.67325	0.72035	-0.16682	7.20352
-0.50933	-0.28824	0.81086	-2.88243
-0.53602	-0.63088	-0.56096	-6.30879
0.00000	0.00000	0.00000	1.00000

boidNo = 16
boid Wall No = 0
position = = (1.9, -9.7, 1.5)
Boid Radius= 10
Boid Frame=
 0.71033	0.18522	0.67907	1.85223
0.02809	-0.97145	0.23559	-9.71447
-0.70331	0.14827	0.69525	1.48267
0.00000	0.00000	0.00000	1.00000

boidNo = 17
boid Wall No = 1
position = = (-5.0, 8.6, -0.4)
Boid Radius= 10
Boid Frame=
 -0.28020	-0.50440	0.81674	-5.04396
-0.12042	0.86258	0.49139	8.62576
0.95236	-0.03934	0.30243	-0.39338
0.00000	0.00000	0.00000	1.00000

boidNo = 18
boid Wall No = 1
position = = (2.7, 9.5, 1.6)
Boid Radius= 10
Boid Frame=
 0.96252	0.26860	0.03741	2.68603
-0.27110	0.94927	0.15937	9.49266
-0.00730	0.16354	-0.98651	1.63542
0.00000	0.00000	0.00000	1.00000

boidNo = 19
boid Wall No = 0
position = = (6.7, -5.9, -4.5)
Boid Radius= 10
Boid Frame=
 -0.74084	0.67085	0.03347	6.70848
-0.50846	-0.59267	0.62466	-5.92674
-0.43889	-0.44576	-0.78018	-4.45759
0.00000	0.00000	0.00000	1.00000

