Iteration Num of Simuation:0
m_SimulationDeltaT of action plan:0
boidNo = 0
boid Wall No = 1
position = = (-5.3, 7.9, -3.1)
Boid Radius= 10
Boid Frame=
 -0.79771	-0.52755	0.29215	-5.27551
-0.33468	0.79030	0.51324	7.90298
0.50165	-0.31164	0.80699	-3.11641
0.00000	0.00000	0.00000	1.00000

boidNo = 1
boid Wall No = 1
position = = (-5.9, 6.2, -5.2)
Boid Radius= 9.999999
Boid Frame=
 -0.76107	-0.58554	-0.27912	-5.85541
-0.64287	0.62345	0.44501	6.23450
0.08655	-0.51812	0.85092	-5.18123
0.00000	0.00000	0.00000	1.00000

boidNo = 2
boid Wall No = 0
position = = (-4.3, -2.0, -8.8)
Boid Radius= 10
Boid Frame=
 -0.69776	-0.43003	-0.57289	-4.30028
-0.54474	-0.20081	0.81421	-2.00813
0.46518	-0.88020	0.09414	-8.80199
0.00000	0.00000	0.00000	1.00000

boidNo = 3
boid Wall No = 1
position = = (-3.0, 7.1, -6.3)
Boid Radius= 10
Boid Frame=
 -0.91577	-0.30283	-0.26392	-3.02831
-0.40140	0.71499	0.57242	7.14995
-0.01536	-0.63014	0.77633	-6.30140
0.00000	0.00000	0.00000	1.00000

boidNo = 4
boid Wall No = 1
position = = (3.8, 2.1, 9.0)
Boid Radius= 9.999999
Boid Frame=
 0.70574	0.38011	0.59787	3.80106
-0.69602	0.21452	0.68522	2.14518
-0.13220	0.89972	-0.41596	8.99723
0.00000	0.00000	0.00000	1.00000

boidNo = 5
boid Wall No = 1
position = = (3.4, 8.6, -3.9)
Boid Radius= 10
Boid Frame=
 -0.61129	0.33846	-0.71538	3.38459
-0.11645	0.85563	0.50432	8.55627
-0.78279	-0.39160	0.48362	-3.91598
0.00000	0.00000	0.00000	1.00000

boidNo = 6
boid Wall No = 0
position = = (-4.6, -2.3, -8.6)
Boid Radius= 9.999999
Boid Frame=
 -0.65278	-0.45568	-0.60517	-4.55684
-0.57234	-0.22670	0.78806	-2.26695
0.49630	-0.86079	0.11282	-8.60791
0.00000	0.00000	0.00000	1.00000

boidNo = 7
boid Wall No = 0
position = = (-3.8, -9.2, 0.5)
Boid Radius= 10
Boid Frame=
 -0.02942	-0.38023	-0.92442	-3.80229
0.06397	-0.92365	0.37787	-9.23645
0.99752	0.04802	-0.05149	0.48016
0.00000	0.00000	0.00000	1.00000

boidNo = 8
boid Wall No = 1
position = = (5.5, 8.3, 1.1)
Boid Radius= 10
Boid Frame=
 0.43905	0.54571	-0.71375	5.45713
-0.17555	0.83120	0.52753	8.31202
-0.88115	0.10631	-0.46074	1.06309
0.00000	0.00000	0.00000	1.00000

boidNo = 9
boid Wall No = 1
position = = (1.0, 4.7, -8.8)
Boid Radius= 10
Boid Frame=
 -0.74203	0.09534	-0.66355	0.95337
-0.55460	0.46873	0.68754	4.68729
-0.37657	-0.87818	0.29494	-8.78182
0.00000	0.00000	0.00000	1.00000

boidNo = 10
boid Wall No = 1
position = = (-7.4, 3.5, 5.8)
Boid Radius= 10
Boid Frame=
 0.30351	-0.73776	0.60298	-7.37763
-0.59159	0.35017	0.72622	3.50171
0.74693	0.57714	0.33018	5.77136
0.00000	0.00000	0.00000	1.00000

boidNo = 11
boid Wall No = 1
position = = (4.4, 1.6, 8.9)
Boid Radius= 10
Boid Frame=
 0.69437	0.43684	0.57185	4.36837
-0.68495	0.15756	0.71135	1.57561
-0.22064	0.88563	-0.40862	8.85634
0.00000	0.00000	0.00000	1.00000

boidNo = 12
boid Wall No = 1
position = = (0.3, 9.9, 1.3)
Boid Radius= 10
Boid Frame=
 0.98108	0.02666	0.19177	0.26661
-0.05012	0.99168	0.11853	9.91685
0.18702	0.12590	-0.97426	1.25899
0.00000	0.00000	0.00000	1.00000

boidNo = 13
boid Wall No = 0
position = = (-8.2, -0.4, -5.7)
Boid Radius= 10
Boid Frame=
 -0.36975	-0.81749	-0.44159	-8.17486
-0.73336	-0.03504	0.67893	-0.35045
0.57049	-0.57488	0.58656	-5.74882
0.00000	0.00000	0.00000	1.00000

boidNo = 14
boid Wall No = 0
position = = (-5.9, -8.0, -0.8)
Boid Radius= 10
Boid Frame=
 -0.12417	-0.59226	-0.79612	-5.92265
-0.00964	-0.80157	0.59782	-8.01569
0.99221	-0.08191	-0.09382	-0.81910
0.00000	0.00000	0.00000	1.00000

boidNo = 15
boid Wall No = 1
position = = (9.6, 0.8, 2.6)
Boid Radius= 10
Boid Frame=
 0.23834	0.96245	0.12992	9.62451
-0.69698	0.07635	0.71301	0.76349
-0.67632	0.26050	-0.68901	2.60497
0.00000	0.00000	0.00000	1.00000

boidNo = 16
boid Wall No = 0
position = = (6.5, -6.1, -4.5)
Boid Radius= 9.999999
Boid Frame=
 -0.71948	0.64722	0.25192	6.47216
-0.29524	-0.61334	0.73256	-6.13343
-0.62864	-0.45268	-0.63237	-4.52682
0.00000	0.00000	0.00000	1.00000

boidNo = 17
boid Wall No = 1
position = = (0.0, 8.2, 5.7)
Boid Radius= 10
Boid Frame=
 0.95956	-0.00266	0.28150	-0.02656
-0.15698	0.82500	0.54289	8.24999
0.23368	0.56513	-0.79122	5.65127
0.00000	0.00000	0.00000	1.00000

boidNo = 18
boid Wall No = 0
position = = (7.7, -1.8, -6.1)
Boid Radius= 10
Boid Frame=
 -0.55964	0.77069	-0.30469	7.70695
-0.65344	-0.18422	0.73422	-1.84222
-0.50973	-0.60999	-0.60670	-6.09994
0.00000	0.00000	0.00000	1.00000

boidNo = 19
boid Wall No = 0
position = = (-0.6, -9.9, -1.3)
Boid Radius= 10
Boid Frame=
 -0.85997	-0.06405	-0.50631	-0.64054
-0.01033	-0.98970	0.14275	-9.89705
0.51024	-0.12799	-0.85045	-1.27991
0.00000	0.00000	0.00000	1.00000

boidNo = 20
boid Wall No = 0
position = = (-0.7, -10.0, 0.6)
Boid Radius= 10
Boid Frame=
 0.86151	-0.06793	-0.50317	-0.67930
-0.02605	-0.99562	0.08982	-9.95618
0.50707	0.06427	0.85951	0.64273
0.00000	0.00000	0.00000	1.00000

boidNo = 21
boid Wall No = 0
position = = (-6.3, -6.2, -4.8)
Boid Radius= 10
Boid Frame=
 0.01893	-0.62828	-0.77775	-6.28285
-0.62264	-0.61605	0.48250	-6.16046
0.78228	-0.47513	0.40285	-4.75127
0.00000	0.00000	0.00000	1.00000

boidNo = 22
boid Wall No = 0
position = = (-2.6, -5.0, 8.3)
Boid Radius= 10
Boid Frame=
 0.55948	-0.26051	0.78684	-2.60514
-0.77665	-0.49633	0.38791	-4.96331
-0.28948	0.82812	0.48002	8.28123
0.00000	0.00000	0.00000	1.00000

boidNo = 23
boid Wall No = 0
position = = (-6.8, -0.2, -7.4)
Boid Radius= 10
Boid Frame=
 -0.52547	-0.67629	-0.51625	-6.76288
-0.68435	-0.02456	0.72874	-0.24557
0.50552	-0.73623	0.44991	-7.36228
0.00000	0.00000	0.00000	1.00000

boidNo = 24
boid Wall No = 0
position = = (3.6, -8.9, 2.7)
Boid Radius= 10
Boid Frame=
 0.50815	0.36453	0.78032	3.64531
-0.05049	-0.89185	0.44951	-8.91849
-0.85979	0.26781	0.43479	2.67810
0.00000	0.00000	0.00000	1.00000

boidNo = 25
boid Wall No = 0
position = = (-0.9, -8.9, -4.4)
Boid Radius= 10
Boid Frame=
 -0.98559	-0.09222	0.14177	-0.92220
0.14447	-0.89488	0.42227	-8.94884
-0.08793	-0.43667	-0.89532	-4.36667
0.00000	0.00000	0.00000	1.00000

boidNo = 26
boid Wall No = 1
position = = (-1.8, 7.8, 6.0)
Boid Radius= 9.999999
Boid Frame=
 0.75804	-0.18122	0.62653	-1.81216
-0.27869	0.77851	0.56236	7.78514
0.58967	0.60090	-0.53964	6.00897
0.00000	0.00000	0.00000	1.00000

boidNo = 27
boid Wall No = 1
position = = (1.5, 7.1, -6.9)
Boid Radius= 10
Boid Frame=
 -0.28387	0.14811	-0.94736	1.48112
-0.64089	0.70558	0.30235	7.05580
-0.71322	-0.69298	0.10537	-6.92979
0.00000	0.00000	0.00000	1.00000

boidNo = 28
boid Wall No = 0
position = = (-9.7, -2.2, 1.4)
Boid Radius= 10
Boid Frame=
 0.26194	-0.96501	-0.01162	-9.65014
-0.80109	-0.22413	0.55499	-2.24132
0.53818	0.13606	0.83177	1.36063
0.00000	0.00000	0.00000	1.00000

boidNo = 29
boid Wall No = 1
position = = (6.1, 7.3, -3.1)
Boid Radius= 10
Boid Frame=
 0.06331	0.60523	-0.79353	6.05229
-0.42741	0.73496	0.52646	7.34960
-0.90184	-0.30583	-0.30521	-3.05828
0.00000	0.00000	0.00000	1.00000

