Iteration Num of Simuation:0
m_SimulationDeltaT of action plan:0
boidNo = 0
boid Wall No = 1
position = = (4.3, 9.0, -0.7)
Boid Radius= 9.999999
Boid Frame=
 0.10847	0.42679	-0.89782	4.26791
-0.13232	0.90131	0.41247	9.01313
-0.98526	-0.07406	-0.15423	-0.74058
0.00000	0.00000	0.00000	1.00000

boidNo = 1
boid Wall No = 1
position = = (-2.3, 9.7, -0.7)
Boid Radius= 10
Boid Frame=
 -0.81561	-0.23074	0.53061	-2.30737
-0.15199	0.97028	0.18831	9.70279
0.55829	-0.07294	0.82644	-0.72940
0.00000	0.00000	0.00000	1.00000

boidNo = 2
boid Wall No = 0
position = = (4.4, -9.0, -0.2)
Boid Radius= 10
Boid Frame=
 0.27081	0.44351	0.85438	4.43505
0.15801	-0.89599	0.41502	-8.95987
-0.94958	-0.02261	0.31272	-0.22611
0.00000	0.00000	0.00000	1.00000

boidNo = 3
boid Wall No = 1
position = = (-5.2, 8.5, 0.7)
Boid Radius= 10
Boid Frame=
 -0.52483	-0.51946	0.67433	-5.19461
-0.38664	0.85124	0.35482	8.51241
0.75833	0.07450	0.64760	0.74501
0.00000	0.00000	0.00000	1.00000

boidNo = 4
boid Wall No = 1
position = = (6.6, 1.4, 7.3)
Boid Radius= 10
Boid Frame=
 0.45173	0.66407	0.59577	6.64074
-0.85725	0.13813	0.49603	1.38126
-0.24711	0.73480	-0.63167	7.34797
0.00000	0.00000	0.00000	1.00000

boidNo = 5
boid Wall No = 1
position = = (-2.3, 9.3, 2.9)
Boid Radius= 9.999999
Boid Frame=
 0.74003	-0.22573	0.63357	-2.25729
-0.02804	0.93082	0.36439	9.30825
0.67199	0.28742	-0.68251	2.87423
0.00000	0.00000	0.00000	1.00000

boidNo = 6
boid Wall No = 1
position = = (7.4, 6.7, -0.4)
Boid Radius= 10
Boid Frame=
 0.56825	0.73914	-0.36161	7.39138
-0.65086	0.67263	0.35207	6.72629
-0.50346	-0.03529	-0.86330	-0.35291
0.00000	0.00000	0.00000	1.00000

boidNo = 7
boid Wall No = 1
position = = (1.0, 9.5, 3.0)
Boid Radius= 10
Boid Frame=
 0.95541	0.09568	-0.27934	0.95678
-0.00181	0.94793	0.31848	9.47927
-0.29527	0.30378	-0.90583	3.03776
0.00000	0.00000	0.00000	1.00000

boidNo = 8
boid Wall No = 0
position = = (-6.2, -6.9, 3.8)
Boid Radius= 10
Boid Frame=
 0.69499	-0.61872	-0.36631	-6.18716
-0.25767	-0.68993	0.67646	-6.89931
0.67127	0.37575	0.63892	3.75748
0.00000	0.00000	0.00000	1.00000

boidNo = 9
boid Wall No = 1
position = = (-8.4, 5.4, -0.1)
Boid Radius= 10
Boid Frame=
 -0.47757	-0.84298	0.24759	-8.42984
-0.74185	0.53789	0.40043	5.37886
0.47073	-0.00756	0.88224	-0.07560
0.00000	0.00000	0.00000	1.00000

boidNo = 10
boid Wall No = 0
position = = (1.8, -0.9, -9.8)
Boid Radius= 10
Boid Frame=
 -0.80766	0.17870	-0.56192	1.78704
-0.58186	-0.08710	0.80861	-0.87102
-0.09556	-0.98004	-0.17433	-9.80040
0.00000	0.00000	0.00000	1.00000

boidNo = 11
boid Wall No = 0
position = = (6.1, -7.9, -0.2)
Boid Radius= 10
Boid Frame=
 -0.09958	0.61430	0.78276	6.14300
-0.05102	-0.78879	0.61254	-7.88792
-0.99372	-0.02106	-0.10988	-0.21061
0.00000	0.00000	0.00000	1.00000

boidNo = 12
boid Wall No = 0
position = = (5.8, -0.9, -8.1)
Boid Radius= 9.999999
Boid Frame=
 -0.55799	0.57697	-0.59644	5.76971
-0.76978	-0.09140	0.63174	-0.91399
-0.30998	-0.81163	-0.49514	-8.11635
0.00000	0.00000	0.00000	1.00000

boidNo = 13
boid Wall No = 0
position = = (-0.3, -4.9, -8.7)
Boid Radius= 10
Boid Frame=
 -0.68136	-0.03067	-0.73130	-0.30672
-0.62929	-0.48572	0.60669	-4.85717
0.37382	-0.87358	-0.31165	-8.73578
0.00000	0.00000	0.00000	1.00000

boidNo = 14
boid Wall No = 0
position = = (2.4, -9.7, -0.4)
Boid Radius= 10
Boid Frame=
 -0.22973	0.23801	0.94370	2.38014
-0.01327	-0.97031	0.24150	-9.70311
-0.97317	-0.04296	-0.22606	-0.42959
0.00000	0.00000	0.00000	1.00000

boidNo = 15
boid Wall No = 1
position = = (4.9, 8.2, 2.9)
Boid Radius= 10
Boid Frame=
 0.86773	0.49414	-0.05363	4.94142
-0.44321	0.81807	0.36650	8.18072
-0.22498	0.29425	-0.92887	2.94250
0.00000	0.00000	0.00000	1.00000

boidNo = 16
boid Wall No = 1
position = = (-8.0, 2.4, -5.5)
Boid Radius= 10
Boid Frame=
 -0.52408	-0.79973	-0.29287	-7.99731
-0.73022	0.24496	0.63779	2.44963
0.43832	-0.54811	0.71236	-5.48108
0.00000	0.00000	0.00000	1.00000

boidNo = 17
boid Wall No = 1
position = = (1.4, 9.9, 0.6)
Boid Radius= 10
Boid Frame=
 0.95519	0.13623	-0.26277	1.36232
-0.11377	0.98857	0.09894	9.88568
-0.27325	0.06461	-0.95977	0.64613
0.00000	0.00000	0.00000	1.00000

boidNo = 18
boid Wall No = 0
position = = (-1.7, -9.7, 1.7)
Boid Radius= 10
Boid Frame=
 0.91284	-0.16860	-0.37188	-1.68597
-0.08778	-0.97050	0.22454	-9.70505
0.39876	0.17232	0.90072	1.72324
0.00000	0.00000	0.00000	1.00000

boidNo = 19
boid Wall No = 0
position = = (-4.1, -5.1, -7.6)
Boid Radius= 10
Boid Frame=
 -0.67942	-0.40566	-0.61141	-4.05658
-0.39068	-0.50534	0.76942	-5.05340
0.62109	-0.76163	-0.18486	-7.61625
0.00000	0.00000	0.00000	1.00000

