Iteration Num of Simuation:0
m_SimulationDeltaT of action plan:0
boidNo = 0
boid Wall No = 0
position = = (-6.7, -6.6, 3.4)
Boid Radius= 10
Boid Frame=
 0.63022	-0.67424	-0.38499	-6.74241
-0.27598	-0.65801	0.70061	-6.58012
0.72571	0.33529	0.60077	3.35290
0.00000	0.00000	0.00000	1.00000

boidNo = 1
boid Wall No = 1
position = = (-0.5, 10.0, 0.6)
Boid Radius= 10
Boid Frame=
 0.86832	-0.05143	0.49334	-0.51431
0.01344	0.99668	0.08026	9.96684
0.49583	0.06306	-0.86613	0.63062
0.00000	0.00000	0.00000	1.00000

boidNo = 2
boid Wall No = 0
position = = (6.1, -7.9, 0.2)
Boid Radius= 9.999999
Boid Frame=
 -0.14285	0.60753	0.78135	6.07527
-0.13209	-0.79408	0.59328	-7.94085
-0.98089	0.01846	-0.19369	0.18457
0.00000	0.00000	0.00000	1.00000

boidNo = 3
boid Wall No = 1
position = = (0.4, 9.5, -3.1)
Boid Radius= 10
Boid Frame=
 -0.35668	0.04220	-0.93327	0.42195
-0.27327	0.95057	0.14742	9.50574
-0.89337	-0.30762	0.32752	-3.07618
0.00000	0.00000	0.00000	1.00000

boidNo = 4
boid Wall No = 0
position = = (2.0, -9.8, 0.1)
Boid Radius= 10
Boid Frame=
 0.00141	0.20312	0.97915	2.03116
-0.00891	-0.97911	0.20312	-9.79113
-0.99996	0.00901	-0.00043	0.09008
0.00000	0.00000	0.00000	1.00000

boidNo = 5
boid Wall No = 0
position = = (4.1, -8.0, -4.4)
Boid Radius= 10
Boid Frame=
 -0.76290	0.41195	0.49828	4.11951
-0.04168	-0.80045	0.59795	-8.00448
-0.64518	-0.43541	-0.62783	-4.35408
0.00000	0.00000	0.00000	1.00000

boidNo = 6
boid Wall No = 1
position = = (1.4, 5.4, -8.3)
Boid Radius= 10
Boid Frame=
 -0.78619	0.14298	-0.60121	1.42981
-0.44938	0.53555	0.71501	5.35548
-0.42421	-0.83231	0.35679	-8.32313
0.00000	0.00000	0.00000	1.00000

boidNo = 7
boid Wall No = 1
position = = (6.9, 2.2, -6.9)
Boid Radius= 10
Boid Frame=
 -0.34535	0.69347	-0.63232	6.93470
-0.73357	0.22077	0.64276	2.20767
-0.58533	-0.68583	-0.43247	-6.85829
0.00000	0.00000	0.00000	1.00000

boidNo = 8
boid Wall No = 1
position = = (-1.0, 8.6, -5.1)
Boid Radius= 10
Boid Frame=
 -0.98910	-0.09713	-0.11067	-0.97133
-0.13967	0.85692	0.49618	8.56915
-0.04664	-0.50622	0.86114	-5.06223
0.00000	0.00000	0.00000	1.00000

boidNo = 9
boid Wall No = 0
position = = (0.4, -3.7, -9.3)
Boid Radius= 9.999999
Boid Frame=
 0.15510	0.03597	-0.98724	0.35965
-0.91378	-0.37456	-0.15720	-3.74557
0.37543	-0.92651	0.02523	-9.26506
0.00000	0.00000	0.00000	1.00000

boidNo = 10
boid Wall No = 0
position = = (9.1, -1.5, 3.9)
Boid Radius= 10
Boid Frame=
 0.25289	0.90816	0.33361	9.08158
-0.55007	-0.14870	0.82177	-1.48695
-0.79591	0.39133	-0.46195	3.91329
0.00000	0.00000	0.00000	1.00000

boidNo = 11
boid Wall No = 0
position = = (-4.7, -3.3, 8.2)
Boid Radius= 10
Boid Frame=
 0.82804	-0.46575	0.31215	-4.65748
-0.49135	-0.33463	0.80412	-3.34628
0.27006	0.81921	0.50593	8.19209
0.00000	0.00000	0.00000	1.00000

boidNo = 12
boid Wall No = 1
position = = (7.0, 5.2, -4.9)
Boid Radius= 10
Boid Frame=
 0.06121	0.70032	-0.71120	7.00323
-0.72433	0.52140	0.45109	5.21402
-0.68673	-0.48753	-0.53918	-4.87532
0.00000	0.00000	0.00000	1.00000

boidNo = 13
boid Wall No = 0
position = = (9.8, -2.0, 0.7)
Boid Radius= 10
Boid Frame=
 -0.05025	0.97790	0.20294	9.77901
-0.56331	-0.19554	0.80277	-1.95543
-0.82472	0.07397	-0.56069	0.73974
0.00000	0.00000	0.00000	1.00000

boidNo = 14
boid Wall No = 0
position = = (7.0, -5.9, 4.1)
Boid Radius= 10
Boid Frame=
 0.18311	0.70083	0.68942	7.00831
-0.40447	-0.58547	0.70258	-5.85473
-0.89603	0.40750	-0.17626	4.07501
0.00000	0.00000	0.00000	1.00000

boidNo = 15
boid Wall No = 1
position = = (9.9, 1.0, -1.1)
Boid Radius= 10
Boid Frame=
 -0.01119	0.98872	-0.14938	9.88717
-0.69619	0.09953	0.71092	0.99530
-0.71777	-0.11195	-0.68723	-1.11949
0.00000	0.00000	0.00000	1.00000

boidNo = 16
boid Wall No = 1
position = = (5.4, 3.0, -7.9)
Boid Radius= 10
Boid Frame=
 -0.45486	0.53935	-0.70866	5.39349
-0.68586	0.29543	0.66507	2.95434
-0.56807	-0.78856	-0.23554	-7.88557
0.00000	0.00000	0.00000	1.00000

boidNo = 17
boid Wall No = 0
position = = (-3.5, -6.9, -6.4)
Boid Radius= 10
Boid Frame=
 -0.67009	-0.34850	-0.65539	-3.48500
-0.29373	-0.68637	0.66530	-6.86370
0.68169	-0.63831	-0.35756	-6.38313
0.00000	0.00000	0.00000	1.00000

boidNo = 18
boid Wall No = 1
position = = (3.3, 9.3, 1.7)
Boid Radius= 10
Boid Frame=
 0.43059	0.32522	-0.84192	3.25217
0.01563	0.93000	0.36724	9.29997
-0.90241	0.17129	-0.39536	1.71289
0.00000	0.00000	0.00000	1.00000

boidNo = 19
boid Wall No = 1
position = = (3.4, 0.2, 9.4)
Boid Radius= 10
Boid Frame=
 0.70716	0.34249	0.61857	3.42495
-0.66441	0.02263	0.74703	0.22626
-0.24186	0.93925	-0.24355	9.39247
0.00000	0.00000	0.00000	1.00000

