Iteration Num of Simuation:0
m_SimulationDeltaT of action plan:0
boidNo = 0
boid Wall No = 1
position = = (0.2, 3.1, -9.5)
Boid Radius= 10
Boid Frame=
 -0.71672	0.01625	-0.69718	0.16246
-0.65823	0.31446	0.68400	3.14455
-0.23034	-0.94913	0.21468	-9.49133
0.00000	0.00000	0.00000	1.00000

boidNo = 1
boid Wall No = 1
position = = (0.7, 6.6, -7.5)
Boid Radius= 10
Boid Frame=
 -0.82218	0.06932	-0.56498	0.69321
-0.38601	0.66157	0.64290	6.61573
-0.41834	-0.74667	0.51718	-7.46670
0.00000	0.00000	0.00000	1.00000

boidNo = 2
boid Wall No = 1
position = = (-2.8, 6.5, 7.1)
Boid Radius= 10
Boid Frame=
 0.65083	-0.27701	0.70689	-2.77005
-0.41436	0.65058	0.63644	6.50581
0.63618	0.70712	-0.30864	7.07116
0.00000	0.00000	0.00000	1.00000

boidNo = 3
boid Wall No = 1
position = = (8.4, 5.4, 1.1)
Boid Radius= 10
Boid Frame=
 0.38911	0.83713	-0.38445	8.37134
-0.44666	0.53645	0.71604	5.36449
-0.80566	0.10691	-0.58265	1.06905
0.00000	0.00000	0.00000	1.00000

boidNo = 4
boid Wall No = 0
position = = (-8.2, -1.7, 5.5)
Boid Radius= 9.999999
Boid Frame=
 0.49730	-0.81858	0.28743	-8.18582
-0.68355	-0.16565	0.71086	-1.65654
0.53428	0.54998	0.64192	5.49984
0.00000	0.00000	0.00000	1.00000

boidNo = 5
boid Wall No = 0
position = = (-2.4, -8.4, 4.9)
Boid Radius= 10
Boid Frame=
 0.95310	-0.23595	-0.18955	-2.35949
-0.10187	-0.83984	0.53318	-8.39844
0.28500	0.48887	0.82449	4.88867
0.00000	0.00000	0.00000	1.00000

boidNo = 6
boid Wall No = 0
position = = (-2.3, -1.1, -9.7)
Boid Radius= 10
Boid Frame=
 -0.15286	-0.23061	-0.96097	-2.30607
-0.97695	-0.11137	0.18213	-1.11370
0.14902	-0.96665	0.20827	-9.66653
0.00000	0.00000	0.00000	1.00000

boidNo = 7
boid Wall No = 1
position = = (1.3, 3.6, 9.3)
Boid Radius= 10
Boid Frame=
 0.79628	0.12555	0.59176	1.25548
-0.59260	0.35838	0.72138	3.58376
0.12150	0.92510	-0.35977	9.25097
0.00000	0.00000	0.00000	1.00000

boidNo = 8
boid Wall No = 1
position = = (4.9, 5.3, -6.9)
Boid Radius= 10
Boid Frame=
 -0.45880	0.49425	-0.73839	4.94253
-0.51160	0.53251	0.67432	5.32505
-0.72648	-0.68713	-0.00855	-6.87134
0.00000	0.00000	0.00000	1.00000

boidNo = 9
boid Wall No = 0
position = = (4.3, -2.3, -8.8)
Boid Radius= 10
Boid Frame=
 -0.73452	0.42591	-0.52828	4.25910
-0.65227	-0.22843	0.72275	-2.28431
-0.18715	-0.87545	-0.44560	-8.75454
0.00000	0.00000	0.00000	1.00000

boidNo = 10
boid Wall No = 0
position = = (-8.3, -3.7, -4.2)
Boid Radius= 10
Boid Frame=
 0.12362	-0.82655	-0.54912	-8.26548
-0.85484	-0.36973	0.36408	-3.69733
0.50396	-0.42440	0.75227	-4.24400
0.00000	0.00000	0.00000	1.00000

boidNo = 11
boid Wall No = 1
position = = (-1.1, 9.5, 2.8)
Boid Radius= 10
Boid Frame=
 0.10327	-0.11092	0.98845	-1.10924
-0.27088	0.95306	0.13525	9.53064
0.95706	0.28172	-0.06837	2.81717
0.00000	0.00000	0.00000	1.00000

boidNo = 12
boid Wall No = 0
position = = (-4.2, -8.9, -1.7)
Boid Radius= 10
Boid Frame=
 -0.49958	-0.41890	-0.75824	-4.18904
0.07415	-0.89277	0.44437	-8.92769
0.86309	-0.16578	-0.47707	-1.65779
0.00000	0.00000	0.00000	1.00000

boidNo = 13
boid Wall No = 1
position = = (3.0, 9.4, -1.4)
Boid Radius= 10
Boid Frame=
 -0.02811	0.29517	-0.95503	2.95166
-0.14052	0.94476	0.29613	9.44756
-0.98968	-0.14252	-0.01491	-1.42522
0.00000	0.00000	0.00000	1.00000

boidNo = 14
boid Wall No = 0
position = = (-1.5, -9.2, 3.7)
Boid Radius= 10
Boid Frame=
 0.93003	-0.14930	-0.33579	-1.49302
-0.00425	-0.91806	0.39643	-9.18056
0.36746	0.36726	0.85445	3.67262
0.00000	0.00000	0.00000	1.00000

boidNo = 15
boid Wall No = 1
position = = (1.3, 9.9, 0.7)
Boid Radius= 10
Boid Frame=
 0.55508	0.13160	-0.82132	1.31605
-0.01462	0.98880	0.14856	9.88795
-0.83167	0.07046	-0.55078	0.70460
0.00000	0.00000	0.00000	1.00000

boidNo = 16
boid Wall No = 0
position = = (-6.4, -4.6, 6.2)
Boid Radius= 10
Boid Frame=
 0.76733	-0.63609	0.08121	-6.36095
-0.45981	-0.45750	0.76110	-4.57501
0.44698	0.62135	0.64353	6.21350
0.00000	0.00000	0.00000	1.00000

boidNo = 17
boid Wall No = 1
position = = (8.3, 5.4, -1.4)
Boid Radius= 10
Boid Frame=
 0.18345	0.83128	-0.52471	8.31280
-0.50394	0.53782	0.67586	5.37821
-0.84403	-0.14044	-0.51758	-1.40436
0.00000	0.00000	0.00000	1.00000

boidNo = 18
boid Wall No = 0
position = = (-0.2, -5.3, 8.5)
Boid Radius= 10
Boid Frame=
 0.75297	-0.01858	0.65779	-0.18583
-0.56467	-0.53154	0.63136	-5.31540
-0.33791	0.84683	0.41073	8.46829
0.00000	0.00000	0.00000	1.00000

boidNo = 19
boid Wall No = 1
position = = (-5.9, 0.4, 8.0)
Boid Radius= 10
Boid Frame=
 0.56217	-0.59383	0.57561	-5.93833
-0.69116	0.04486	0.72131	0.44860
0.45416	0.80334	0.38521	8.03337
0.00000	0.00000	0.00000	1.00000

boidNo = 20
boid Wall No = 1
position = = (-3.1, 0.5, 9.5)
Boid Radius= 10
Boid Frame=
 0.64708	-0.30891	0.69704	-3.08906
-0.72149	0.04741	0.69080	0.47408
0.24644	0.94991	0.19220	9.49910
0.00000	0.00000	0.00000	1.00000

boidNo = 21
boid Wall No = 0
position = = (-1.7, -9.8, -1.1)
Boid Radius= 10
Boid Frame=
 -0.50571	-0.16923	-0.84594	-1.69232
-0.00657	-0.97979	0.19994	-9.79787
0.86268	-0.10667	-0.49438	-1.06673
0.00000	0.00000	0.00000	1.00000

boidNo = 22
boid Wall No = 1
position = = (-0.5, 9.1, -4.2)
Boid Radius= 10
Boid Frame=
 -0.99630	-0.05154	0.06883	-0.51541
-0.01793	0.90737	0.41994	9.07374
0.08410	-0.41715	0.90494	-4.17153
0.00000	0.00000	0.00000	1.00000

boidNo = 23
boid Wall No = 0
position = = (-0.4, -10.0, 0.6)
Boid Radius= 10
Boid Frame=
 0.79142	-0.04074	-0.60991	-0.40740
0.00749	-0.99706	0.07632	-9.97055
0.61122	0.06497	0.78879	0.64973
0.00000	0.00000	0.00000	1.00000

boidNo = 24
boid Wall No = 0
position = = (-7.0, -1.1, -7.1)
Boid Radius= 10
Boid Frame=
 -0.40502	-0.69767	-0.59095	-6.97666
-0.75355	-0.11133	0.64789	-1.11329
0.51780	-0.70772	0.48064	-7.07720
0.00000	0.00000	0.00000	1.00000

boidNo = 25
boid Wall No = 1
position = = (-3.1, 6.9, -6.5)
Boid Radius= 10
Boid Frame=
 -0.93495	-0.31271	-0.16758	-3.12712
-0.34511	0.69205	0.63401	6.92052
0.08229	-0.65060	0.75495	-6.50597
0.00000	0.00000	0.00000	1.00000

boidNo = 26
boid Wall No = 0
position = = (-8.4, -4.4, -3.2)
Boid Radius= 9.999999
Boid Frame=
 -0.00612	-0.84006	-0.54246	-8.40062
-0.58264	-0.43788	0.68468	-4.37876
0.81270	-0.32025	0.48678	-3.20250
0.00000	0.00000	0.00000	1.00000

boidNo = 27
boid Wall No = 0
position = = (6.6, -5.7, 4.9)
Boid Radius= 10
Boid Frame=
 0.30645	0.65649	0.68929	6.56485
-0.39521	-0.57102	0.71955	-5.71019
-0.86597	0.49291	-0.08446	4.92915
0.00000	0.00000	0.00000	1.00000

boidNo = 28
boid Wall No = 0
position = = (1.1, -9.9, 0.7)
Boid Radius= 9.999999
Boid Frame=
 0.35800	0.10788	0.92747	1.07882
-0.02419	-0.99190	0.12471	-9.91898
-0.93341	0.06708	0.35249	0.67084
0.00000	0.00000	0.00000	1.00000

boidNo = 29
boid Wall No = 1
position = = (0.1, 10.0, 0.6)
Boid Radius= 10
Boid Frame=
 0.70137	0.01031	-0.71272	0.10309
0.03361	0.99831	0.04751	9.98305
-0.71200	0.05728	-0.69983	0.57276
0.00000	0.00000	0.00000	1.00000

boidNo = 30
boid Wall No = 0
position = = (-0.4, -9.9, 1.0)
Boid Radius= 10
Boid Frame=
 0.93197	-0.04221	-0.36007	-0.42209
-0.00370	-0.99426	0.10697	-9.94255
0.36251	0.09836	0.92677	0.98361
0.00000	0.00000	0.00000	1.00000

boidNo = 31
boid Wall No = 1
position = = (5.0, 8.6, 0.3)
Boid Radius= 10
Boid Frame=
 0.30063	0.50368	-0.80990	5.03677
-0.14372	0.86341	0.48361	8.63406
-0.94285	0.02898	-0.33195	0.28985
0.00000	0.00000	0.00000	1.00000

boidNo = 32
boid Wall No = 0
position = = (-4.4, -8.8, -1.5)
Boid Radius= 10
Boid Frame=
 -0.43924	-0.44274	-0.78169	-4.42743
0.07233	-0.88473	0.46046	-8.84730
0.89545	-0.14571	-0.42064	-1.45711
0.00000	0.00000	0.00000	1.00000

boidNo = 33
boid Wall No = 0
position = = (1.8, -4.8, 8.6)
Boid Radius= 10
Boid Frame=
 0.72421	0.18153	0.66525	1.81527
-0.52412	-0.48202	0.70210	-4.82022
-0.44812	0.85715	0.25395	8.57148
0.00000	0.00000	0.00000	1.00000

boidNo = 34
boid Wall No = 0
position = = (-1.4, -0.7, -9.9)
Boid Radius= 9.999999
Boid Frame=
 -0.56679	-0.14159	-0.81161	-1.41591
-0.81261	-0.06620	0.57904	-0.66203
0.13572	-0.98771	0.07754	-9.87709
0.00000	0.00000	0.00000	1.00000

boidNo = 35
boid Wall No = 0
position = = (1.4, -3.7, -9.2)
Boid Radius= 10
Boid Frame=
 -0.87463	0.14457	-0.46273	1.44572
-0.48171	-0.36658	0.79597	-3.66580
0.05455	-0.91909	-0.39026	-9.19085
0.00000	0.00000	0.00000	1.00000

boidNo = 36
boid Wall No = 0
position = = (-5.9, -2.6, -7.7)
Boid Radius= 10
Boid Frame=
 -0.41396	-0.58631	-0.69633	-5.86308
-0.71574	-0.26300	0.64695	-2.63001
0.56245	-0.76621	0.31077	-7.66207
0.00000	0.00000	0.00000	1.00000

boidNo = 37
boid Wall No = 1
position = = (4.8, 2.3, 8.5)
Boid Radius= 10
Boid Frame=
 0.70629	0.47690	0.52319	4.76898
-0.67498	0.23083	0.70080	2.30827
-0.21344	0.84811	-0.48493	8.48108
0.00000	0.00000	0.00000	1.00000

boidNo = 38
boid Wall No = 0
position = = (-8.3, -5.6, 1.0)
Boid Radius= 10
Boid Frame=
 0.33648	-0.82533	-0.45344	-8.25333
-0.33666	-0.55512	0.76059	-5.55122
0.87945	0.10327	0.46465	1.03272
0.00000	0.00000	0.00000	1.00000

boidNo = 39
boid Wall No = 0
position = = (-1.6, -9.6, -2.3)
Boid Radius= 10
Boid Frame=
 -0.93837	-0.16089	-0.30591	-1.60886
0.07646	-0.95976	0.27021	-9.59760
0.33707	-0.23017	-0.91291	-2.30166
0.00000	0.00000	0.00000	1.00000

boidNo = 40
boid Wall No = 1
position = = (4.3, 8.6, 2.7)
Boid Radius= 10
Boid Frame=
 0.75747	0.42766	-0.49331	4.27656
-0.18148	0.86374	0.47013	8.63738
-0.62715	0.26658	-0.73186	2.66584
0.00000	0.00000	0.00000	1.00000

boidNo = 41
boid Wall No = 0
position = = (-1.2, -8.6, -4.9)
Boid Radius= 10
Boid Frame=
 -0.99178	-0.12023	0.04375	-1.20226
0.12609	-0.86063	0.49337	-8.60634
0.02166	-0.49483	-0.86872	-4.94829
0.00000	0.00000	0.00000	1.00000

boidNo = 42
boid Wall No = 1
position = = (7.2, 6.9, -1.0)
Boid Radius= 10
Boid Frame=
 0.29008	0.71895	-0.63163	7.18953
-0.42462	0.68818	0.58831	6.88180
-0.85764	-0.09755	-0.50491	-0.97548
0.00000	0.00000	0.00000	1.00000

boidNo = 43
boid Wall No = 1
position = = (0.1, 7.8, -6.3)
Boid Radius= 10
Boid Frame=
 -0.75559	0.00857	-0.65499	0.08567
-0.40670	0.77771	0.47933	7.77714
-0.51351	-0.62856	0.58414	-6.28560
0.00000	0.00000	0.00000	1.00000

boidNo = 44
boid Wall No = 0
position = = (-5.2, -8.4, 1.6)
Boid Radius= 9.999999
Boid Frame=
 0.35459	-0.51645	-0.77945	-5.16449
-0.03525	-0.84041	0.54080	-8.40411
0.93436	0.16429	0.31621	1.64288
0.00000	0.00000	0.00000	1.00000

boidNo = 45
boid Wall No = 0
position = = (-7.5, -6.6, -0.7)
Boid Radius= 10
Boid Frame=
 0.11013	-0.74556	-0.65727	-7.45563
-0.22401	-0.66290	0.71441	-6.62899
0.96835	-0.06856	0.24002	-0.68558
0.00000	0.00000	0.00000	1.00000

boidNo = 46
boid Wall No = 0
position = = (6.1, -7.0, -3.8)
Boid Radius= 10
Boid Frame=
 -0.65454	0.60976	0.44695	6.09764
-0.17258	-0.69608	0.69691	-6.96082
-0.73606	-0.37902	-0.56085	-3.79023
0.00000	0.00000	0.00000	1.00000

boidNo = 47
boid Wall No = 0
position = = (1.6, -5.8, -8.0)
Boid Radius= 10
Boid Frame=
 -0.85937	0.15578	-0.48704	1.55785
-0.47921	-0.57768	0.66079	-5.77680
0.17841	-0.80126	-0.57110	-8.01260
0.00000	0.00000	0.00000	1.00000

boidNo = 48
boid Wall No = 1
position = = (-1.5, 9.9, -0.5)
Boid Radius= 9.999999
Boid Frame=
 -0.11347	-0.14915	0.98228	-1.49146
0.03305	0.98755	0.15376	9.87555
0.99299	-0.04991	0.10713	-0.49910
0.00000	0.00000	0.00000	1.00000

boidNo = 49
boid Wall No = 1
position = = (3.8, 1.8, 9.1)
Boid Radius= 10
Boid Frame=
 0.72078	0.37903	0.58036	3.79026
-0.67191	0.17633	0.71933	1.76335
-0.17031	0.90843	-0.38177	9.08430
0.00000	0.00000	0.00000	1.00000

