Iteration Num of Simuation:0
m_SimulationDeltaT of action plan:0
boidNo = 0
boid Wall No = 0
position = = (-0.1, -9.9, -1.7)
Boid Radius= 10
Boid Frame=
 -0.81557	-0.00788	-0.57861	-0.07878
-0.08918	-0.98625	0.13913	-9.86251
0.57175	-0.16507	-0.80365	-1.65068
0.00000	0.00000	0.00000	1.00000

boidNo = 1
boid Wall No = 0
position = = (5.4, -5.2, -6.6)
Boid Radius= 10
Boid Frame=
 -0.83980	0.54058	-0.05015	5.40581
-0.38221	-0.52311	0.76175	-5.23110
-0.38556	-0.65888	-0.64592	-6.58884
0.00000	0.00000	0.00000	1.00000

boidNo = 2
boid Wall No = 1
position = = (-1.2, 4.6, 8.8)
Boid Radius= 10
Boid Frame=
 0.72362	-0.12315	0.67912	-1.23153
-0.56635	0.45643	0.68624	4.56426
0.39448	0.88120	-0.26053	8.81198
0.00000	0.00000	0.00000	1.00000

boidNo = 3
boid Wall No = 0
position = = (5.8, -7.7, 2.5)
Boid Radius= 10
Boid Frame=
 0.29998	0.58401	0.75428	5.84012
-0.07969	-0.77259	0.62988	-7.72592
-0.95061	0.24906	0.18522	2.49063
0.00000	0.00000	0.00000	1.00000

boidNo = 4
boid Wall No = 0
position = = (-4.9, -6.6, 5.6)
Boid Radius= 10
Boid Frame=
 0.85240	-0.49352	0.17276	-4.93525
-0.49781	-0.66483	0.55695	-6.64830
0.16001	0.56074	0.81238	5.60744
0.00000	0.00000	0.00000	1.00000

boidNo = 5
boid Wall No = 0
position = = (-2.6, -3.0, -9.2)
Boid Radius= 10
Boid Frame=
 -0.64922	-0.25647	-0.71605	-2.56470
-0.64863	-0.30497	0.69733	-3.04970
0.39722	-0.91718	-0.03164	-9.17179
0.00000	0.00000	0.00000	1.00000

boidNo = 6
boid Wall No = 1
position = = (-3.2, 9.4, -0.7)
Boid Radius= 10
Boid Frame=
 -0.29648	-0.31972	0.89993	-3.19716
-0.02573	0.94463	0.32712	9.44633
0.95469	-0.07383	0.28829	-0.73826
0.00000	0.00000	0.00000	1.00000

boidNo = 7
boid Wall No = 1
position = = (0.1, 8.0, -6.0)
Boid Radius= 10
Boid Frame=
 -0.95326	0.00965	-0.30201	0.09654
-0.17303	0.80194	0.57180	8.01936
-0.24771	-0.59733	0.76278	-5.97333
0.00000	0.00000	0.00000	1.00000

boidNo = 8
boid Wall No = 0
position = = (-7.9, -2.3, 5.7)
Boid Radius= 10
Boid Frame=
 0.44496	-0.79093	0.42005	-7.90929
-0.85011	-0.22554	0.47586	-2.25536
0.28164	0.56883	0.77273	5.68827
0.00000	0.00000	0.00000	1.00000

boidNo = 9
boid Wall No = 1
position = = (-6.2, 3.4, -7.1)
Boid Radius= 10
Boid Frame=
 -0.69754	-0.62401	-0.35221	-6.24007
-0.64616	0.33533	0.68559	3.35334
0.30970	-0.70581	0.63712	-7.05809
0.00000	0.00000	0.00000	1.00000

boidNo = 10
boid Wall No = 0
position = = (-9.6, -2.7, 1.2)
Boid Radius= 10
Boid Frame=
 0.25244	-0.95527	-0.15409	-9.55265
-0.53631	-0.27068	0.79944	-2.70682
0.80538	0.11916	0.58065	1.19164
0.00000	0.00000	0.00000	1.00000

boidNo = 11
boid Wall No = 0
position = = (7.4, -6.6, 1.4)
Boid Radius= 10
Boid Frame=
 -0.16333	0.73565	0.65738	7.35648
-0.37856	-0.66205	0.64683	-6.62052
-0.91105	0.14321	-0.38661	1.43211
0.00000	0.00000	0.00000	1.00000

boidNo = 12
boid Wall No = 0
position = = (9.6, -2.0, -1.8)
Boid Radius= 10
Boid Frame=
 -0.26885	0.96314	-0.00906	9.63141
-0.75294	-0.20429	0.62558	-2.04289
-0.60067	-0.17500	-0.78010	-1.75004
0.00000	0.00000	0.00000	1.00000

boidNo = 13
boid Wall No = 0
position = = (9.0, -3.4, -2.8)
Boid Radius= 10
Boid Frame=
 -0.43284	0.89530	0.10531	8.95299
-0.52406	-0.34495	0.77870	-3.44951
-0.73349	-0.28187	-0.61850	-2.81867
0.00000	0.00000	0.00000	1.00000

boidNo = 14
boid Wall No = 0
position = = (-1.3, -9.9, 0.0)
Boid Radius= 10
Boid Frame=
 0.13486	-0.13207	-0.98202	-1.32066
-0.01604	-0.99124	0.13110	-9.91239
0.99074	0.00193	0.13579	0.01932
0.00000	0.00000	0.00000	1.00000

boidNo = 15
boid Wall No = 0
position = = (1.2, -2.4, -9.6)
Boid Radius= 10
Boid Frame=
 -0.84398	0.12124	-0.52250	1.21239
-0.53569	-0.23984	0.80964	-2.39839
0.02716	-0.96321	-0.26737	-9.63213
0.00000	0.00000	0.00000	1.00000

boidNo = 16
boid Wall No = 0
position = = (-1.7, -9.8, 0.3)
Boid Radius= 10
Boid Frame=
 0.30082	-0.17242	-0.93797	-1.72416
-0.01931	-0.98442	0.17476	-9.84421
0.95348	0.03446	0.29947	0.34459
0.00000	0.00000	0.00000	1.00000

boidNo = 17
boid Wall No = 1
position = = (-7.4, 6.6, 1.4)
Boid Radius= 10
Boid Frame=
 -0.13481	-0.74272	0.65589	-7.42724
-0.34424	0.65580	0.67188	6.55805
0.92915	0.13521	0.34409	1.35207
0.00000	0.00000	0.00000	1.00000

boidNo = 18
boid Wall No = 1
position = = (-0.7, 4.2, -9.0)
Boid Radius= 10
Boid Frame=
 -0.67789	-0.07261	-0.73157	-0.72612
-0.68501	0.42365	0.59269	4.23648
-0.26689	-0.90291	0.33693	-9.02912
0.00000	0.00000	0.00000	1.00000

boidNo = 19
boid Wall No = 1
position = = (7.7, 5.0, 3.9)
Boid Radius= 10
Boid Frame=
 0.63502	0.77054	-0.05502	7.70536
-0.55265	0.50291	0.66457	5.02910
-0.53975	0.39161	-0.74519	3.91606
0.00000	0.00000	0.00000	1.00000

