Iteration Num of Simuation:0
m_SimulationDeltaT of action plan:0
boidNo = 0
boid Wall No = 0
position = = (-9.2, -3.8, -1.4)
Boid Radius= 10
Boid Frame=
 0.33336	-0.91604	-0.22301	-9.16043
-0.90723	-0.37604	0.18848	-3.76042
0.25652	-0.13949	0.95642	-1.39488
0.00000	0.00000	0.00000	1.00000

boidNo = 1
boid Wall No = 1
position = = (6.9, 7.2, -1.4)
Boid Radius= 10
Boid Frame=
 0.18445	0.68562	-0.70421	6.85617
-0.35037	0.71530	0.60464	7.15295
-0.91827	-0.13521	-0.37215	-1.35212
0.00000	0.00000	0.00000	1.00000

boidNo = 2
boid Wall No = 1
position = = (7.3, 6.4, 2.3)
Boid Radius= 10
Boid Frame=
 0.65294	0.73198	-0.19461	7.31983
-0.56228	0.64059	0.52295	6.40594
-0.50746	0.23203	-0.82985	2.32033
0.00000	0.00000	0.00000	1.00000

boidNo = 3
boid Wall No = 1
position = = (1.5, 9.9, -0.4)
Boid Radius= 9.999999
Boid Frame=
 -0.63686	0.14839	-0.75657	1.48392
0.06596	0.98819	0.13830	9.88192
-0.76816	-0.03817	0.63912	-0.38172
0.00000	0.00000	0.00000	1.00000

boidNo = 4
boid Wall No = 1
position = = (-0.2, 10.0, -0.9)
Boid Radius= 10
Boid Frame=
 -0.85883	-0.01775	-0.51195	-0.17746
-0.06101	0.99583	0.06782	9.95831
-0.50862	-0.08948	0.85633	-0.89480
0.00000	0.00000	0.00000	1.00000

boidNo = 5
boid Wall No = 1
position = = (-0.1, 8.4, 5.4)
Boid Radius= 10
Boid Frame=
 0.96958	-0.01347	0.24441	-0.13474
-0.12187	0.83938	0.52971	8.39376
0.21229	0.54338	-0.81220	5.43384
0.00000	0.00000	0.00000	1.00000

boidNo = 6
boid Wall No = 0
position = = (-5.9, -5.1, 6.3)
Boid Radius= 10
Boid Frame=
 0.78263	-0.59219	0.19183	-5.92193
-0.54755	-0.50833	0.66467	-5.08328
0.29610	0.62523	0.72209	6.25228
0.00000	0.00000	0.00000	1.00000

boidNo = 7
boid Wall No = 0
position = = (2.0, -8.8, -4.2)
Boid Radius= 10
Boid Frame=
 -0.89232	0.20057	0.40439	2.00566
0.01270	-0.88436	0.46663	-8.84360
-0.45122	-0.42152	-0.78659	-4.21523
0.00000	0.00000	0.00000	1.00000

boidNo = 8
boid Wall No = 0
position = = (4.5, -8.9, 0.7)
Boid Radius= 10
Boid Frame=
 -0.01466	0.45059	0.89261	4.50595
-0.08611	-0.88996	0.44784	-8.89957
-0.99618	0.07030	-0.05185	0.70297
0.00000	0.00000	0.00000	1.00000

boidNo = 9
boid Wall No = 1
position = = (-1.1, 9.6, 2.6)
Boid Radius= 10
Boid Frame=
 0.91789	-0.10981	0.38134	-1.09814
-0.00162	0.95990	0.28033	9.59904
0.39683	0.25793	-0.88091	2.57927
0.00000	0.00000	0.00000	1.00000

boidNo = 10
boid Wall No = 0
position = = (-6.3, -2.2, -7.5)
Boid Radius= 9.999999
Boid Frame=
 -0.29222	-0.62743	-0.72176	-6.27432
-0.82445	-0.21719	0.52260	-2.17192
0.48466	-0.74777	0.45382	-7.47768
0.00000	0.00000	0.00000	1.00000

boidNo = 11
boid Wall No = 0
position = = (-2.2, -9.8, -0.2)
Boid Radius= 10
Boid Frame=
 -0.03785	-0.21968	-0.97484	-2.19682
-0.01147	-0.97538	0.22025	-9.75376
0.99922	-0.01952	-0.03439	-0.19518
0.00000	0.00000	0.00000	1.00000

boidNo = 12
boid Wall No = 1
position = = (-0.9, 9.9, -1.3)
Boid Radius= 10
Boid Frame=
 -0.55815	-0.09082	0.82476	-0.90815
0.06030	0.98692	0.14948	9.86924
0.82755	-0.13317	0.54538	-1.33166
0.00000	0.00000	0.00000	1.00000

boidNo = 13
boid Wall No = 0
position = = (-2.6, -1.8, 9.5)
Boid Radius= 10
Boid Frame=
 0.79829	-0.25877	0.54384	-2.58768
-0.59264	-0.17671	0.78584	-1.76714
0.10725	0.94964	0.29443	9.49638
0.00000	0.00000	0.00000	1.00000

boidNo = 14
boid Wall No = 0
position = = (-4.5, -8.9, 0.5)
Boid Radius= 10
Boid Frame=
 0.03976	-0.44711	-0.89360	-4.47105
0.03334	-0.89321	0.44840	-8.93213
0.99865	0.04762	0.02061	0.47619
0.00000	0.00000	0.00000	1.00000

boidNo = 15
boid Wall No = 1
position = = (-1.9, 9.8, -0.2)
Boid Radius= 10
Boid Frame=
 0.23145	-0.19133	0.95385	-1.91326
0.06018	0.98141	0.18225	9.81409
0.97098	-0.01522	-0.23866	-0.15220
0.00000	0.00000	0.00000	1.00000

boidNo = 16
boid Wall No = 0
position = = (-5.2, -7.2, 4.7)
Boid Radius= 10
Boid Frame=
 0.76507	-0.51509	-0.38645	-5.15094
-0.13976	-0.71864	0.68119	-7.18645
0.62860	0.46715	0.62180	4.67149
0.00000	0.00000	0.00000	1.00000

boidNo = 17
boid Wall No = 1
position = = (4.3, 3.5, 8.3)
Boid Radius= 9.999999
Boid Frame=
 0.65203	0.43286	0.62249	4.32859
-0.75802	0.35482	0.54727	3.54817
-0.01602	0.82870	-0.55947	8.28697
0.00000	0.00000	0.00000	1.00000

boidNo = 18
boid Wall No = 0
position = = (2.1, -9.7, -1.1)
Boid Radius= 10
Boid Frame=
 -0.18241	0.21495	0.95944	2.14948
0.06724	-0.97080	0.23028	-9.70800
-0.98092	-0.10651	-0.16263	-1.06513
0.00000	0.00000	0.00000	1.00000

boidNo = 19
boid Wall No = 1
position = = (5.4, 6.7, -5.0)
Boid Radius= 10
Boid Frame=
 -0.19412	0.54484	-0.81577	5.44835
-0.48197	0.67133	0.56305	6.71326
-0.85442	-0.50247	-0.13228	-5.02469
0.00000	0.00000	0.00000	1.00000

