Iteration Num of Simuation:0
m_SimulationDeltaT of action plan:0
boidNo = 0
boid Wall No = 0
position = = (0.1, -10.0, -0.2)
Boid Radius= 10
Boid Frame=
 -0.86124	0.00921	0.50812	0.09210
0.00262	-0.99974	0.02255	-9.99742
-0.50820	-0.02075	-0.86099	-0.20753
0.00000	0.00000	0.00000	1.00000

boidNo = 1
boid Wall No = 1
position = = (6.4, 5.7, -5.1)
Boid Radius= 10
Boid Frame=
 -0.30886	0.64181	-0.70191	6.41813
-0.42182	0.56901	0.70590	5.69013
-0.85245	-0.51410	-0.09498	-5.14101
0.00000	0.00000	0.00000	1.00000

boidNo = 2
boid Wall No = 1
position = = (8.0, 4.2, 4.4)
Boid Radius= 10
Boid Frame=
 0.60559	0.79569	0.01197	7.95685
-0.56072	0.41599	0.71593	4.15988
-0.56467	0.44027	-0.69807	4.40271
0.00000	0.00000	0.00000	1.00000

boidNo = 3
boid Wall No = 1
position = = (-9.4, 3.2, 1.2)
Boid Radius= 10
Boid Frame=
 -0.10949	-0.93836	0.32785	-9.38364
-0.60897	0.32401	0.72400	3.24011
0.78560	0.12038	0.60691	1.20379
0.00000	0.00000	0.00000	1.00000

boidNo = 4
boid Wall No = 0
position = = (-5.0, -5.7, 6.5)
Boid Radius= 10
Boid Frame=
 0.86643	-0.49872	0.02388	-4.98720
-0.35058	-0.57361	0.74031	-5.73615
0.35551	0.64980	0.67184	6.49803
0.00000	0.00000	0.00000	1.00000

boidNo = 5
boid Wall No = 0
position = = (8.8, -1.7, 4.4)
Boid Radius= 10
Boid Frame=
 0.22264	0.88377	0.41157	8.83769
-0.66869	-0.16877	0.72413	-1.68769
-0.70942	0.43643	-0.55340	4.36429
0.00000	0.00000	0.00000	1.00000

boidNo = 6
boid Wall No = 1
position = = (1.9, 9.3, -3.2)
Boid Radius= 10
Boid Frame=
 -0.70985	0.19106	-0.67794	1.91065
-0.09612	0.92722	0.36196	9.27224
-0.69776	-0.32210	0.63983	-3.22103
0.00000	0.00000	0.00000	1.00000

boidNo = 7
boid Wall No = 1
position = = (-3.3, 3.1, -8.9)
Boid Radius= 10
Boid Frame=
 -0.73563	-0.32517	-0.59423	-3.25166
-0.67657	0.30966	0.66811	3.09660
0.03324	-0.89352	0.44779	-8.93520
0.00000	0.00000	0.00000	1.00000

boidNo = 8
boid Wall No = 1
position = = (7.5, 4.0, -5.3)
Boid Radius= 10
Boid Frame=
 -0.14762	0.75135	-0.64319	7.51346
-0.67687	0.39742	0.61960	3.97416
-0.72115	-0.52682	-0.44990	-5.26820
0.00000	0.00000	0.00000	1.00000

boidNo = 9
boid Wall No = 0
position = = (-2.2, -8.0, 5.6)
Boid Radius= 10
Boid Frame=
 0.94833	-0.21929	-0.22931	-2.19286
-0.03846	-0.79685	0.60295	-7.96850
0.31494	0.56298	0.76411	5.62978
0.00000	0.00000	0.00000	1.00000

boidNo = 10
boid Wall No = 1
position = = (1.4, 8.9, 4.3)
Boid Radius= 10
Boid Frame=
 0.98905	0.13551	-0.05845	1.35514
-0.09634	0.89289	0.43985	8.92890
-0.11180	0.42940	-0.89617	4.29398
0.00000	0.00000	0.00000	1.00000

boidNo = 11
boid Wall No = 1
position = = (-4.1, 3.8, -8.3)
Boid Radius= 10
Boid Frame=
 -0.69238	-0.41280	-0.59178	-4.12801
-0.72145	0.38408	0.57618	3.84079
0.01056	-0.82588	0.56375	-8.25881
0.00000	0.00000	0.00000	1.00000

boidNo = 12
boid Wall No = 1
position = = (-1.4, 5.7, -8.1)
Boid Radius= 10
Boid Frame=
 -0.86757	-0.13592	-0.47838	-1.35920
-0.46418	0.56656	0.68085	5.66555
-0.17849	-0.81274	0.55462	-8.12737
0.00000	0.00000	0.00000	1.00000

boidNo = 13
boid Wall No = 0
position = = (-7.4, -0.8, -6.7)
Boid Radius= 10
Boid Frame=
 -0.38399	-0.73753	-0.55552	-7.37532
-0.76816	-0.07867	0.63541	-0.78669
0.51234	-0.67071	0.53633	-6.70715
0.00000	0.00000	0.00000	1.00000

boidNo = 14
boid Wall No = 0
position = = (7.5, -0.5, 6.6)
Boid Radius= 10
Boid Frame=
 0.45792	0.75209	0.47399	7.52093
-0.67496	-0.05287	0.73596	-0.52868
-0.57857	0.65693	-0.48342	6.56933
0.00000	0.00000	0.00000	1.00000

boidNo = 15
boid Wall No = 1
position = = (4.2, 6.2, -6.6)
Boid Radius= 10
Boid Frame=
 -0.37804	0.42104	-0.82451	4.21037
-0.54194	0.62142	0.56581	6.21418
-0.75059	-0.66073	0.00674	-6.60733
0.00000	0.00000	0.00000	1.00000

boidNo = 16
boid Wall No = 1
position = = (-2.3, 9.7, -0.9)
Boid Radius= 9.999999
Boid Frame=
 -0.12893	-0.23488	0.96344	-2.34879
0.06498	0.96746	0.24455	9.67456
0.98952	-0.09413	0.10948	-0.94134
0.00000	0.00000	0.00000	1.00000

boidNo = 17
boid Wall No = 1
position = = (-5.4, 8.3, -1.5)
Boid Radius= 10
Boid Frame=
 -0.71664	-0.53992	0.44150	-5.39917
-0.35532	0.82735	0.43502	8.27346
0.60015	-0.15488	0.78475	-1.54882
0.00000	0.00000	0.00000	1.00000

boidNo = 18
boid Wall No = 0
position = = (0.1, -9.4, 3.4)
Boid Radius= 10
Boid Frame=
 0.85580	0.01266	-0.51715	0.12660
0.18646	-0.94005	0.28556	-9.40047
0.48253	0.34081	0.80685	3.40809
0.00000	0.00000	0.00000	1.00000

boidNo = 19
boid Wall No = 0
position = = (-9.6, -2.2, -1.8)
Boid Radius= 10
Boid Frame=
 0.01648	-0.95793	-0.28654	-9.57927
-0.67534	-0.22199	0.70330	-2.21992
0.73732	-0.18192	0.65059	-1.81920
0.00000	0.00000	0.00000	1.00000

