Iteration Num of Simuation:0
m_SimulationDeltaT of action plan:0
boidNo = 0
boid Wall No = 0
position = = (-4.1, -6.0, 6.9)
Boid Radius= 10
Boid Frame=
 0.86119	-0.40670	0.30487	-4.06697
-0.50311	-0.59672	0.62515	-5.96716
0.07233	0.69176	0.71850	6.91757
0.00000	0.00000	0.00000	1.00000

boidNo = 1
boid Wall No = 1
position = = (6.3, 4.1, -6.6)
Boid Radius= 10
Boid Frame=
 -0.35121	0.63122	-0.69153	6.31225
-0.61005	0.40601	0.68044	4.06012
-0.71028	-0.66084	-0.24248	-6.60840
0.00000	0.00000	0.00000	1.00000

boidNo = 2
boid Wall No = 1
position = = (-3.0, 9.4, -1.6)
Boid Radius= 10
Boid Frame=
 -0.37726	-0.29510	0.87783	-2.95098
0.03623	0.94245	0.33239	9.42447
0.92540	-0.15720	0.34486	-1.57199
0.00000	0.00000	0.00000	1.00000

boidNo = 3
boid Wall No = 0
position = = (-3.8, -6.9, -6.1)
Boid Radius= 10
Boid Frame=
 -0.71653	-0.38467	-0.58191	-3.84673
-0.19164	-0.69355	0.69445	-6.93554
0.67072	-0.60911	-0.42323	-6.09106
0.00000	0.00000	0.00000	1.00000

boidNo = 4
boid Wall No = 1
position = = (0.1, 9.6, -2.9)
Boid Radius= 10
Boid Frame=
 -0.96427	0.01357	-0.26456	0.13573
-0.06322	0.95804	0.27956	9.58045
-0.25725	-0.28630	0.92296	-2.86297
0.00000	0.00000	0.00000	1.00000

boidNo = 5
boid Wall No = 0
position = = (-2.5, -5.3, -8.1)
Boid Radius= 10
Boid Frame=
 -0.77180	-0.24715	-0.58586	-2.47150
-0.39612	-0.53386	0.74705	-5.33861
0.49740	-0.80865	-0.31413	-8.08647
0.00000	0.00000	0.00000	1.00000

boidNo = 6
boid Wall No = 1
position = = (6.8, 4.9, -5.4)
Boid Radius= 10
Boid Frame=
 -0.23016	0.67929	-0.69684	6.79294
-0.56189	0.49188	0.66508	4.91878
-0.79455	-0.54462	-0.26848	-5.44624
0.00000	0.00000	0.00000	1.00000

boidNo = 7
boid Wall No = 0
position = = (-9.6, -1.4, -2.2)
Boid Radius= 10
Boid Frame=
 -0.09858	-0.96500	-0.24303	-9.64996
-0.59246	-0.13931	0.79346	-1.39312
0.79955	-0.22220	0.55799	-2.22205
0.00000	0.00000	0.00000	1.00000

boidNo = 8
boid Wall No = 1
position = = (-6.2, 2.7, -7.3)
Boid Radius= 9.999999
Boid Frame=
 -0.68004	-0.62040	-0.39070	-6.20400
-0.65499	0.27462	0.70397	2.74620
0.32945	-0.73463	0.59311	-7.34634
0.00000	0.00000	0.00000	1.00000

boidNo = 9
boid Wall No = 1
position = = (-0.5, 2.8, 9.6)
Boid Radius= 10
Boid Frame=
 0.61810	-0.05009	0.78450	-0.50090
-0.74424	0.28401	0.60452	2.84006
0.25308	0.95751	-0.13827	9.57513
0.00000	0.00000	0.00000	1.00000

boidNo = 10
boid Wall No = 1
position = = (-1.2, 9.9, -0.2)
Boid Radius= 10
Boid Frame=
 -0.41683	-0.11560	0.90161	-1.15598
-0.03029	0.99310	0.11333	9.93096
0.90848	-0.01993	0.41745	-0.19931
0.00000	0.00000	0.00000	1.00000

boidNo = 11
boid Wall No = 0
position = = (0.0, -10.0, -0.2)
Boid Radius= 10
Boid Frame=
 -0.99814	0.00073	0.06102	0.00731
0.00049	-0.99980	0.02003	-9.99799
-0.06103	-0.02002	-0.99794	-0.20018
0.00000	0.00000	0.00000	1.00000

boidNo = 12
boid Wall No = 0
position = = (-9.1, -4.0, -1.0)
Boid Radius= 10
Boid Frame=
 0.28352	-0.91043	-0.30123	-9.10427
-0.78167	-0.40137	0.47737	-4.01373
0.55552	-0.10011	0.82546	-1.00113
0.00000	0.00000	0.00000	1.00000

boidNo = 13
boid Wall No = 0
position = = (4.4, -8.7, 2.1)
Boid Radius= 10
Boid Frame=
 0.27735	0.44166	0.85324	4.41657
-0.08769	-0.87273	0.48025	-8.72735
-0.95676	0.20802	0.20332	2.08022
0.00000	0.00000	0.00000	1.00000

boidNo = 14
boid Wall No = 1
position = = (-4.7, 6.4, 6.0)
Boid Radius= 10
Boid Frame=
 0.47328	-0.47414	0.74243	-4.74139
-0.38872	0.64389	0.65901	6.43892
0.79051	0.60050	-0.12043	6.00496
0.00000	0.00000	0.00000	1.00000

boidNo = 15
boid Wall No = 1
position = = (-4.9, 4.9, -7.2)
Boid Radius= 10
Boid Frame=
 -0.78538	-0.49261	-0.37486	-4.92605
-0.60647	0.49104	0.62536	4.91036
0.12398	-0.71849	0.68440	-7.18487
0.00000	0.00000	0.00000	1.00000

boidNo = 16
boid Wall No = 0
position = = (-5.0, -8.6, 0.3)
Boid Radius= 9.999999
Boid Frame=
 -0.14851	-0.50476	-0.85039	-5.04756
0.11736	-0.86285	0.49165	-8.62847
0.98192	0.02679	-0.18738	0.26786
0.00000	0.00000	0.00000	1.00000

boidNo = 17
boid Wall No = 0
position = = (2.6, -2.6, 9.3)
Boid Radius= 10
Boid Frame=
 0.70898	0.26478	0.65363	2.64777
-0.59900	-0.26310	0.75630	-2.63096
-0.37222	0.92773	0.02793	9.27725
0.00000	0.00000	0.00000	1.00000

boidNo = 18
boid Wall No = 0
position = = (-5.6, -8.2, -1.4)
Boid Radius= 10
Boid Frame=
 0.50380	-0.55551	-0.66151	-5.55514
-0.46608	-0.81957	0.33328	-8.19567
0.72729	-0.14041	0.67181	-1.40409
0.00000	0.00000	0.00000	1.00000

boidNo = 19
boid Wall No = 1
position = = (-4.9, 8.6, 1.6)
Boid Radius= 10
Boid Frame=
 -0.37743	-0.48761	0.78726	-4.87610
-0.37456	0.85788	0.35177	8.57879
0.84691	0.16211	0.50643	1.62110
0.00000	0.00000	0.00000	1.00000

