Iteration Num of Simuation:0
m_SimulationDeltaT of action plan:0
boidNo = 0
boid Wall No = 1
position = = (-7.7, 4.1, 4.8)
Boid Radius= 10
Boid Frame=
 0.05008	-0.77373	0.63153	-7.73731
-0.72339	0.40788	0.55708	4.07881
0.68862	0.48474	0.53928	4.84741
0.00000	0.00000	0.00000	1.00000

boidNo = 1
boid Wall No = 0
position = = (10.0, 0.0, -0.6)
Boid Radius= 10
Boid Frame=
 -0.03445	0.99830	-0.04692	9.98305
-0.83024	-0.00246	0.55740	-0.02459
-0.55634	-0.05816	-0.82892	-0.58156
0.00000	0.00000	0.00000	1.00000

boidNo = 2
boid Wall No = 0
position = = (-9.9, -0.8, 1.5)
Boid Radius= 10
Boid Frame=
 0.14756	-0.98571	0.08125	-9.85710
-0.84904	-0.08411	0.52160	-0.84112
0.50731	0.14595	0.84931	1.45950
0.00000	0.00000	0.00000	1.00000

boidNo = 3
boid Wall No = 1
position = = (-0.7, 8.9, -4.5)
Boid Radius= 10
Boid Frame=
 -0.99674	-0.06839	0.04275	-0.68389
-0.04191	0.89208	0.44993	8.92081
0.06891	-0.44667	0.89204	-4.46671
0.00000	0.00000	0.00000	1.00000

boidNo = 4
boid Wall No = 0
position = = (-6.0, -7.8, -1.8)
Boid Radius= 10
Boid Frame=
 0.58876	-0.60411	-0.53703	-6.04115
-0.58689	-0.77634	0.22990	-7.76344
0.55581	-0.17982	0.81163	-1.79822
0.00000	0.00000	0.00000	1.00000

boidNo = 5
boid Wall No = 0
position = = (-5.8, -7.5, 3.2)
Boid Radius= 10
Boid Frame=
 0.58593	-0.57934	-0.56662	-5.79336
-0.11347	-0.75098	0.65050	-7.50980
0.80238	0.31686	0.50576	3.16856
0.00000	0.00000	0.00000	1.00000

boidNo = 6
boid Wall No = 0
position = = (0.9, -9.4, 3.3)
Boid Radius= 10
Boid Frame=
 0.92720	0.08797	0.36410	0.87973
-0.04379	-0.93991	0.33861	-9.39909
-0.37201	0.32990	0.86763	3.29898
0.00000	0.00000	0.00000	1.00000

boidNo = 7
boid Wall No = 1
position = = (7.1, 7.1, 0.4)
Boid Radius= 10
Boid Frame=
 0.37063	0.70707	-0.60223	7.07075
-0.32206	0.70602	0.63073	7.06017
-0.87115	0.03982	-0.48939	0.39817
0.00000	0.00000	0.00000	1.00000

boidNo = 8
boid Wall No = 1
position = = (4.4, 8.9, 1.5)
Boid Radius= 10
Boid Frame=
 0.41382	0.43778	-0.79819	4.37779
-0.05167	0.88666	0.45952	8.86664
-0.90889	0.14892	-0.38954	1.48920
0.00000	0.00000	0.00000	1.00000

boidNo = 9
boid Wall No = 0
position = = (-9.9, -0.3, 1.2)
Boid Radius= 10
Boid Frame=
 0.10904	-0.99250	0.05522	-9.92503
-0.62715	-0.02559	0.77847	-0.25590
0.77122	0.11951	0.62524	1.19513
0.00000	0.00000	0.00000	1.00000

boidNo = 10
boid Wall No = 0
position = = (-6.0, -3.8, -7.0)
Boid Radius= 10
Boid Frame=
 -0.50647	-0.60208	-0.61725	-6.02076
-0.50269	-0.37544	0.77868	-3.75440
0.70057	-0.70466	0.11251	-7.04663
0.00000	0.00000	0.00000	1.00000

boidNo = 11
boid Wall No = 1
position = = (6.0, 6.3, -4.9)
Boid Radius= 10
Boid Frame=
 -0.31720	0.60445	-0.73077	6.04446
-0.37382	0.62848	0.68210	6.28483
-0.87157	-0.48955	-0.02660	-4.89545
0.00000	0.00000	0.00000	1.00000

boidNo = 12
boid Wall No = 1
position = = (0.4, 9.9, 1.1)
Boid Radius= 10
Boid Frame=
 0.93903	0.03958	0.34156	0.39577
-0.07456	0.99315	0.08991	9.93155
0.33566	0.10990	-0.93555	1.09896
0.00000	0.00000	0.00000	1.00000

boidNo = 13
boid Wall No = 0
position = = (1.7, -9.5, -2.5)
Boid Radius= 10
Boid Frame=
 -0.77510	0.17185	0.60801	1.71849
0.02860	-0.95177	0.30547	-9.51772
-0.63119	-0.25416	-0.73281	-2.54161
0.00000	0.00000	0.00000	1.00000

boidNo = 14
boid Wall No = 1
position = = (3.1, 9.5, 0.3)
Boid Radius= 10
Boid Frame=
 0.12208	0.31443	-0.94140	3.14433
-0.01319	0.94892	0.31524	9.48922
-0.99243	0.02607	-0.11999	0.26069
0.00000	0.00000	0.00000	1.00000

boidNo = 15
boid Wall No = 1
position = = (8.4, 4.8, -2.5)
Boid Radius= 9.999999
Boid Frame=
 0.15546	0.84425	-0.51290	8.44252
-0.65973	0.47519	0.58220	4.75185
-0.73525	-0.24787	-0.63085	-2.47866
0.00000	0.00000	0.00000	1.00000

boidNo = 16
boid Wall No = 0
position = = (4.1, -2.7, 8.7)
Boid Radius= 10
Boid Frame=
 0.47660	0.40609	0.77971	4.06093
-0.75095	-0.27308	0.60125	-2.73079
-0.45708	0.87208	-0.17481	8.72076
0.00000	0.00000	0.00000	1.00000

boidNo = 17
boid Wall No = 1
position = = (-7.8, 6.1, -1.2)
Boid Radius= 10
Boid Frame=
 -0.45772	-0.78034	0.42610	-7.80342
-0.43047	0.61383	0.66175	6.13834
0.77794	-0.11947	0.61687	-1.19474
0.00000	0.00000	0.00000	1.00000

boidNo = 18
boid Wall No = 1
position = = (-8.5, 3.8, -3.6)
Boid Radius= 10
Boid Frame=
 -0.52237	-0.85201	0.03469	-8.52014
-0.56921	0.37870	0.72978	3.78698
0.63492	-0.36147	0.68280	-3.61468
0.00000	0.00000	0.00000	1.00000

boidNo = 19
boid Wall No = 1
position = = (4.4, 8.7, 2.2)
Boid Radius= 10
Boid Frame=
 0.56531	0.44074	-0.69726	4.40743
-0.07477	0.86919	0.48880	8.69188
-0.82148	0.22418	-0.52432	2.24184
0.00000	0.00000	0.00000	1.00000

