Iteration Num of Simuation:0
m_SimulationDeltaT of action plan:0
boidNo = 0
boid Wall No = 1
position = = (6.7, 5.9, -4.6)
Boid Radius= 10
Boid Frame=
 -0.00913	0.67038	-0.74196	6.70381
-0.60856	0.58504	0.53608	5.85037
-0.79345	-0.45642	-0.40263	-4.56423
0.00000	0.00000	0.00000	1.00000

boidNo = 1
boid Wall No = 0
position = = (4.9, -8.3, 2.7)
Boid Radius= 10
Boid Frame=
 0.56625	0.48701	0.66497	4.87006
0.06978	-0.83220	0.55006	-8.32204
-0.82128	0.26507	0.50522	2.65068
0.00000	0.00000	0.00000	1.00000

boidNo = 2
boid Wall No = 0
position = = (-5.2, -8.5, 0.3)
Boid Radius= 10
Boid Frame=
 -0.06322	-0.52261	-0.85022	-5.22612
0.07386	-0.85204	0.51824	-8.52042
0.99526	0.03003	-0.09247	0.30034
0.00000	0.00000	0.00000	1.00000

boidNo = 3
boid Wall No = 0
position = = (-5.4, -7.5, -3.8)
Boid Radius= 10
Boid Frame=
 -0.47351	-0.54380	-0.69287	-5.43804
-0.10577	-0.74585	0.65767	-7.45847
0.87441	-0.38470	-0.29565	-3.84695
0.00000	0.00000	0.00000	1.00000

boidNo = 4
boid Wall No = 1
position = = (-1.5, 5.7, -8.1)
Boid Radius= 10
Boid Frame=
 -0.84215	-0.15289	-0.51712	-1.52886
-0.50221	0.57165	0.64885	5.71649
-0.19641	-0.80613	0.55819	-8.06129
0.00000	0.00000	0.00000	1.00000

boidNo = 5
boid Wall No = 0
position = = (-5.8, -7.4, -3.5)
Boid Radius= 10
Boid Frame=
 -0.40413	-0.57941	-0.70779	-5.79411
-0.11488	-0.73551	0.66770	-7.35512
0.90746	-0.35115	-0.23068	-3.51148
0.00000	0.00000	0.00000	1.00000

boidNo = 6
boid Wall No = 0
position = = (-6.8, -5.9, -4.4)
Boid Radius= 10
Boid Frame=
 -0.31159	-0.67545	-0.66834	-6.75451
-0.31081	-0.59222	0.74342	-5.92216
0.89795	-0.43937	0.02541	-4.39370
0.00000	0.00000	0.00000	1.00000

boidNo = 7
boid Wall No = 0
position = = (-4.1, -8.9, -1.9)
Boid Radius= 10
Boid Frame=
 -0.83255	-0.40644	-0.37639	-4.06441
0.27711	-0.89391	0.35234	-8.93908
0.47967	-0.18903	-0.85685	-1.89034
0.00000	0.00000	0.00000	1.00000

boidNo = 8
boid Wall No = 1
position = = (-2.5, 9.4, -2.3)
Boid Radius= 10
Boid Frame=
 -0.68045	-0.24694	0.68994	-2.46943
-0.00205	0.94215	0.33520	9.42146
0.73279	-0.22667	0.64159	-2.26671
0.00000	0.00000	0.00000	1.00000

boidNo = 9
boid Wall No = 1
position = = (1.1, 9.9, 0.6)
Boid Radius= 10
Boid Frame=
 0.39909	0.10614	-0.91075	1.06140
0.01205	0.99258	0.12096	9.92585
-0.91683	0.05924	-0.39485	0.59243
0.00000	0.00000	0.00000	1.00000

boidNo = 10
boid Wall No = 1
position = = (0.6, 9.9, 0.8)
Boid Radius= 10
Boid Frame=
 0.90246	0.06050	-0.42650	0.60498
-0.01926	0.99477	0.10035	9.94765
-0.43034	0.08235	-0.89890	0.82351
0.00000	0.00000	0.00000	1.00000

boidNo = 11
boid Wall No = 1
position = = (-1.0, 5.5, -8.3)
Boid Radius= 10
Boid Frame=
 -0.81133	-0.10201	-0.57562	-1.02006
-0.52752	0.55209	0.64570	5.52087
-0.25193	-0.82752	0.50174	-8.27523
0.00000	0.00000	0.00000	1.00000

boidNo = 12
boid Wall No = 0
position = = (9.0, -3.9, 1.6)
Boid Radius= 10
Boid Frame=
 -0.31067	0.90472	0.29150	9.04717
-0.87326	-0.39277	0.28835	-3.92772
-0.37537	0.16498	-0.91208	1.64977
0.00000	0.00000	0.00000	1.00000

boidNo = 13
boid Wall No = 0
position = = (-5.5, -6.4, -5.4)
Boid Radius= 10
Boid Frame=
 -0.45160	-0.54674	-0.70507	-5.46745
-0.31211	-0.64351	0.69891	-6.43512
0.83585	-0.53569	-0.11997	-5.35689
0.00000	0.00000	0.00000	1.00000

boidNo = 14
boid Wall No = 0
position = = (5.7, -7.6, 3.1)
Boid Radius= 10
Boid Frame=
 0.34091	0.57341	0.74497	5.73415
-0.12803	-0.75674	0.64106	-7.56738
-0.93134	0.31392	0.18456	3.13917
0.00000	0.00000	0.00000	1.00000

boidNo = 15
boid Wall No = 0
position = = (-7.2, -1.8, 6.7)
Boid Radius= 10
Boid Frame=
 0.59492	-0.72457	0.34795	-7.24569
-0.64756	-0.17561	0.74151	-1.75608
0.47617	0.66645	0.57367	6.66454
0.00000	0.00000	0.00000	1.00000

boidNo = 16
boid Wall No = 0
position = = (-9.3, -3.2, -1.7)
Boid Radius= 10
Boid Frame=
 0.31091	-0.93198	-0.18642	-9.31978
-0.94652	-0.32142	0.02829	-3.21417
0.08628	-0.16765	0.98206	-1.67655
0.00000	0.00000	0.00000	1.00000

boidNo = 17
boid Wall No = 0
position = = (-2.4, -6.8, 7.0)
Boid Radius= 10
Boid Frame=
 0.96994	-0.23606	0.05914	-2.36065
-0.20817	-0.67891	0.70409	-6.78912
0.12606	0.69523	0.70764	6.95235
0.00000	0.00000	0.00000	1.00000

boidNo = 18
boid Wall No = 0
position = = (8.0, -4.9, 3.4)
Boid Radius= 10
Boid Frame=
 0.14764	0.79979	0.58184	7.99787
-0.38723	-0.49459	0.77810	-4.94586
-0.91009	0.34019	-0.23668	3.40186
0.00000	0.00000	0.00000	1.00000

boidNo = 19
boid Wall No = 0
position = = (1.8, -9.8, 0.7)
Boid Radius= 10
Boid Frame=
 0.31814	0.18017	0.93076	1.80170
-0.00674	-0.98132	0.19226	-9.81321
-0.94802	0.06744	0.31099	0.67436
0.00000	0.00000	0.00000	1.00000

