Iteration Num of Simuation:0
m_SimulationDeltaT of action plan:0
boidNo = 0
boid Wall No = 1
position = = (8.7, 0.0, -4.9)
Boid Radius= 10
Boid Frame=
 -0.35426	0.87079	-0.34092	8.70791
-0.68857	0.00378	0.72516	0.03776
-0.63275	-0.49164	-0.59826	-4.91638
0.00000	0.00000	0.00000	1.00000

boidNo = 1
boid Wall No = 0
position = = (-4.4, -7.8, -4.6)
Boid Radius= 10
Boid Frame=
 -0.42441	-0.43631	-0.79341	-4.36310
-0.26846	-0.77622	0.57046	-7.76217
0.86476	-0.45511	-0.21231	-4.55106
0.00000	0.00000	0.00000	1.00000

boidNo = 2
boid Wall No = 1
position = = (-3.9, 4.4, -8.0)
Boid Radius= 10
Boid Frame=
 -0.66296	-0.39287	-0.63729	-3.92871
-0.74356	0.44463	0.49942	4.44630
-0.08715	-0.80496	0.58690	-8.04958
0.00000	0.00000	0.00000	1.00000

boidNo = 3
boid Wall No = 0
position = = (0.3, -9.8, -1.8)
Boid Radius= 10
Boid Frame=
 -0.98845	0.03210	0.14811	0.32097
-0.00378	-0.98223	0.18766	-9.82227
-0.15150	-0.18493	-0.97100	-1.84932
0.00000	0.00000	0.00000	1.00000

boidNo = 4
boid Wall No = 1
position = = (2.9, 8.9, -3.5)
Boid Radius= 10
Boid Frame=
 -0.69627	0.29259	-0.65544	2.92588
-0.05129	0.89053	0.45202	8.90532
-0.71594	-0.34835	0.60505	-3.48346
0.00000	0.00000	0.00000	1.00000

boidNo = 5
boid Wall No = 0
position = = (-8.2, -5.6, -1.3)
Boid Radius= 10
Boid Frame=
 0.30602	-0.81921	-0.48502	-8.19208
-0.62375	-0.55742	0.54793	-5.57416
0.71923	-0.13485	0.68156	-1.34853
0.00000	0.00000	0.00000	1.00000

boidNo = 6
boid Wall No = 0
position = = (-7.1, -6.3, 3.2)
Boid Radius= 10
Boid Frame=
 0.69897	-0.71100	-0.07697	-7.11001
-0.57899	-0.62577	0.52266	-6.25773
0.41978	0.32076	0.84906	3.20758
0.00000	0.00000	0.00000	1.00000

boidNo = 7
boid Wall No = 0
position = = (5.7, -7.9, -2.4)
Boid Radius= 10
Boid Frame=
 -0.45437	0.56594	0.68794	5.65939
-0.06018	-0.79000	0.61015	-7.89999
-0.88878	-0.23583	-0.39301	-2.35828
0.00000	0.00000	0.00000	1.00000

boidNo = 8
boid Wall No = 1
position = = (8.5, 4.8, -2.1)
Boid Radius= 10
Boid Frame=
 0.18557	0.85124	-0.49087	8.51243
-0.64891	0.48128	0.58931	4.81282
-0.73789	-0.20917	-0.64169	-2.09173
0.00000	0.00000	0.00000	1.00000

boidNo = 9
boid Wall No = 0
position = = (-8.3, -1.0, -5.5)
Boid Radius= 10
Boid Frame=
 -0.41450	-0.82749	-0.37874	-8.27493
-0.55944	-0.09655	0.82322	-0.96554
0.71778	-0.55311	0.42292	-5.53111
0.00000	0.00000	0.00000	1.00000

boidNo = 10
boid Wall No = 1
position = = (-5.3, 4.7, 7.0)
Boid Radius= 10
Boid Frame=
 0.34488	-0.53171	0.77352	-5.31714
-0.63779	0.47188	0.60873	4.71879
0.68868	0.70329	0.17638	7.03286
0.00000	0.00000	0.00000	1.00000

boidNo = 11
boid Wall No = 1
position = = (-7.7, 6.0, -2.0)
Boid Radius= 10
Boid Frame=
 -0.54890	-0.77414	0.31531	-7.74136
-0.47737	0.59997	0.64200	5.99967
0.68617	-0.20187	0.69887	-2.01874
0.00000	0.00000	0.00000	1.00000

boidNo = 12
boid Wall No = 1
position = = (7.7, 6.0, -2.0)
Boid Radius= 10
Boid Frame=
 0.07511	0.77321	-0.62969	7.73210
-0.39305	0.60330	0.69393	6.03303
-0.91644	-0.19538	-0.34923	-1.95376
0.00000	0.00000	0.00000	1.00000

boidNo = 13
boid Wall No = 0
position = = (-7.3, -1.5, -6.7)
Boid Radius= 10
Boid Frame=
 -0.39583	-0.72813	-0.55959	-7.28134
-0.70307	-0.15173	0.69475	-1.51734
0.59078	-0.66843	0.45187	-6.68429
0.00000	0.00000	0.00000	1.00000

boidNo = 14
boid Wall No = 0
position = = (-2.6, -9.0, -3.5)
Boid Radius= 10
Boid Frame=
 -0.64277	-0.25639	-0.72188	-2.56391
-0.11094	-0.90124	0.41887	-9.01242
0.75798	-0.34932	-0.55085	-3.49322
0.00000	0.00000	0.00000	1.00000

boidNo = 15
boid Wall No = 1
position = = (5.1, 7.9, -3.3)
Boid Radius= 10
Boid Frame=
 -0.27503	0.51036	-0.81479	5.10363
-0.21507	0.79334	0.56952	7.93339
-0.93707	-0.33188	0.10843	-3.31878
0.00000	0.00000	0.00000	1.00000

boidNo = 16
boid Wall No = 0
position = = (6.0, -7.9, -1.5)
Boid Radius= 10
Boid Frame=
 -0.29262	0.59515	0.74844	5.95153
-0.03574	-0.78896	0.61340	-7.88963
-0.95556	-0.15274	-0.25213	-1.52744
0.00000	0.00000	0.00000	1.00000

boidNo = 17
boid Wall No = 1
position = = (8.9, 1.2, -4.3)
Boid Radius= 10
Boid Frame=
 -0.18455	0.89379	-0.40874	8.93794
-0.77642	0.12240	0.61821	1.22399
-0.60259	-0.43145	-0.67137	-4.31452
0.00000	0.00000	0.00000	1.00000

boidNo = 18
boid Wall No = 1
position = = (5.2, 5.7, -6.4)
Boid Radius= 10
Boid Frame=
 -0.10734	0.51874	-0.84817	5.18739
-0.69710	0.56900	0.43622	5.69000
-0.70889	-0.63808	-0.30054	-6.38082
0.00000	0.00000	0.00000	1.00000

boidNo = 19
boid Wall No = 1
position = = (-6.1, 0.3, -7.9)
Boid Radius= 10
Boid Frame=
 -0.56283	-0.61334	-0.55411	-6.13343
-0.71775	0.03017	0.69565	0.30174
0.40995	-0.78924	0.45721	-7.89240
0.00000	0.00000	0.00000	1.00000

boidNo = 20
boid Wall No = 0
position = = (0.2, -8.7, 4.8)
Boid Radius= 10
Boid Frame=
 0.99168	0.01816	-0.12742	0.18156
0.07756	-0.87437	0.47902	-8.74373
0.10272	0.48491	0.86851	4.84914
0.00000	0.00000	0.00000	1.00000

boidNo = 21
boid Wall No = 1
position = = (-0.7, 9.8, -1.6)
Boid Radius= 10
Boid Frame=
 -0.69605	-0.06631	0.71492	-0.66312
0.06953	0.98482	0.15904	9.84820
0.71462	-0.16042	0.68087	-1.60416
0.00000	0.00000	0.00000	1.00000

boidNo = 22
boid Wall No = 1
position = = (0.2, 8.7, 4.9)
Boid Radius= 10
Boid Frame=
 0.98026	0.01639	0.19702	0.16392
-0.11046	0.87189	0.47708	8.71892
0.16396	0.48942	-0.85649	4.89424
0.00000	0.00000	0.00000	1.00000

boidNo = 23
boid Wall No = 0
position = = (7.1, -7.0, 1.0)
Boid Radius= 10
Boid Frame=
 -0.69688	0.71191	0.08682	7.11909
-0.71686	-0.69510	-0.05437	-6.95097
-0.02164	0.10013	-0.99474	1.00127
0.00000	0.00000	0.00000	1.00000

boidNo = 24
boid Wall No = 0
position = = (-2.1, -8.9, -4.1)
Boid Radius= 10
Boid Frame=
 -0.80588	-0.20901	-0.55396	-2.09013
-0.08019	-0.88847	0.45188	-8.88465
0.58663	-0.40859	-0.69923	-4.08587
0.00000	0.00000	0.00000	1.00000

boidNo = 25
boid Wall No = 1
position = = (1.2, 3.8, -9.2)
Boid Radius= 10
Boid Frame=
 -0.76356	0.12130	-0.63424	1.21296
-0.55538	0.37773	0.74086	3.77730
-0.32944	-0.91794	0.22105	-9.17936
0.00000	0.00000	0.00000	1.00000

boidNo = 26
boid Wall No = 1
position = = (-3.0, 9.4, 1.8)
Boid Radius= 10
Boid Frame=
 0.45334	-0.30132	0.83886	-3.01321
-0.02612	0.93623	0.35041	9.36231
0.89096	0.18077	-0.41656	1.80769
0.00000	0.00000	0.00000	1.00000

boidNo = 27
boid Wall No = 0
position = = (5.7, -3.8, 7.3)
Boid Radius= 9.999999
Boid Frame=
 0.45590	0.56846	0.68484	5.68462
-0.58960	-0.38351	0.71084	-3.83513
-0.66673	0.72785	-0.16032	7.27853
0.00000	0.00000	0.00000	1.00000

boidNo = 28
boid Wall No = 0
position = = (-3.0, -9.5, -1.3)
Boid Radius= 10
Boid Frame=
 -0.38981	-0.29635	-0.87191	-2.96347
-0.00795	-0.94569	0.32498	-9.45688
0.92086	-0.13362	-0.36628	-1.33615
0.00000	0.00000	0.00000	1.00000

boidNo = 29
boid Wall No = 1
position = = (1.0, 8.4, 5.3)
Boid Radius= 10
Boid Frame=
 0.99180	0.10252	0.07626	1.02522
-0.12736	0.84133	0.52531	8.41327
0.01030	0.53071	-0.84749	5.30715
0.00000	0.00000	0.00000	1.00000

