Iteration Num of Simuation:0
m_SimulationDeltaT of action plan:0
boidNo = 0
boid Wall No = 0
position = = (5.4, -7.8, -3.2)
Boid Radius= 10
Boid Frame=
 -0.62350	0.54195	0.56351	5.41946
-0.11778	-0.77764	0.61757	-7.77644
-0.77290	-0.31869	-0.54869	-3.18691
0.00000	0.00000	0.00000	1.00000

boidNo = 1
boid Wall No = 1
position = = (-5.0, 4.5, -7.4)
Boid Radius= 10
Boid Frame=
 -0.81379	-0.50011	-0.29603	-5.00109
-0.53665	0.45116	0.71307	4.51155
0.22305	-0.73916	0.63553	-7.39155
0.00000	0.00000	0.00000	1.00000

boidNo = 2
boid Wall No = 0
position = = (3.5, -5.2, -7.8)
Boid Radius= 10
Boid Frame=
 -0.91329	0.35234	-0.20433	3.52344
-0.37244	-0.51935	0.76914	-5.19346
-0.16488	-0.77855	-0.60554	-7.78546
0.00000	0.00000	0.00000	1.00000

boidNo = 3
boid Wall No = 0
position = = (5.8, -4.8, -6.6)
Boid Radius= 10
Boid Frame=
 -0.75243	0.57976	-0.31261	5.79763
-0.62568	-0.48078	0.61431	-4.80777
-0.20586	-0.65782	-0.72449	-6.57822
0.00000	0.00000	0.00000	1.00000

boidNo = 4
boid Wall No = 1
position = = (-6.1, 7.3, -3.2)
Boid Radius= 10
Boid Frame=
 -0.77173	-0.60594	-0.19304	-6.05939
-0.63584	0.72977	0.25128	7.29769
0.01138	-0.31666	0.94847	-3.16663
0.00000	0.00000	0.00000	1.00000

boidNo = 5
boid Wall No = 0
position = = (-1.8, -7.3, 6.6)
Boid Radius= 10
Boid Frame=
 0.98379	-0.17605	0.03395	-1.76055
-0.15378	-0.73117	0.66463	-7.31172
0.09219	0.65908	0.74640	6.59084
0.00000	0.00000	0.00000	1.00000

boidNo = 6
boid Wall No = 0
position = = (0.5, -1.6, -9.9)
Boid Radius= 9.999999
Boid Frame=
 -0.18034	0.04994	-0.98234	0.49944
-0.97194	-0.16242	0.17017	-1.62417
0.15105	-0.98546	-0.07783	-9.85457
0.00000	0.00000	0.00000	1.00000

boidNo = 7
boid Wall No = 0
position = = (-4.1, -9.1, -0.4)
Boid Radius= 10
Boid Frame=
 -0.70757	-0.40511	-0.57900	-4.05108
0.28874	-0.91358	0.28635	-9.13582
0.64496	-0.03543	-0.76339	-0.35431
0.00000	0.00000	0.00000	1.00000

boidNo = 8
boid Wall No = 1
position = = (8.1, 5.2, 2.7)
Boid Radius= 10
Boid Frame=
 0.53636	0.80665	-0.24826	8.06650
-0.45553	0.52431	0.71944	5.24314
-0.71050	0.27279	-0.64868	2.72785
0.00000	0.00000	0.00000	1.00000

boidNo = 9
boid Wall No = 0
position = = (-2.9, -9.4, -1.8)
Boid Radius= 10
Boid Frame=
 -0.62899	-0.28870	-0.72182	-2.88700
0.04392	-0.94020	0.33777	-9.40203
0.77617	-0.18075	-0.60406	-1.80751
0.00000	0.00000	0.00000	1.00000

boidNo = 10
boid Wall No = 0
position = = (9.7, -2.4, 0.6)
Boid Radius= 9.999999
Boid Frame=
 -0.10498	0.96806	0.22769	9.68057
-0.61686	-0.24298	0.74863	-2.42975
-0.78004	0.06187	-0.62266	0.61868
0.00000	0.00000	0.00000	1.00000

boidNo = 11
boid Wall No = 0
position = = (-9.4, -3.3, -0.5)
Boid Radius= 10
Boid Frame=
 0.13075	-0.94100	-0.31213	-9.40998
-0.49589	-0.33470	0.80129	-3.34696
0.85849	-0.05001	0.51039	-0.50014
0.00000	0.00000	0.00000	1.00000

boidNo = 12
boid Wall No = 1
position = = (-2.6, 1.2, -9.6)
Boid Radius= 10
Boid Frame=
 -0.52912	-0.25763	-0.80849	-2.57634
-0.84764	0.11652	0.51761	1.16518
0.03915	-0.95919	0.28003	-9.59192
0.00000	0.00000	0.00000	1.00000

boidNo = 13
boid Wall No = 0
position = = (-4.4, -8.5, -2.9)
Boid Radius= 9.999999
Boid Frame=
 -0.57088	-0.43919	-0.69369	-4.39191
0.01099	-0.84891	0.52842	-8.48911
0.82096	-0.29404	-0.48945	-2.94042
0.00000	0.00000	0.00000	1.00000

boidNo = 14
boid Wall No = 0
position = = (1.6, -9.8, 1.4)
Boid Radius= 10
Boid Frame=
 0.52506	0.15923	0.83604	1.59228
-0.03702	-0.97714	0.20935	-9.77139
-0.85026	0.14087	0.50716	1.40874
0.00000	0.00000	0.00000	1.00000

boidNo = 15
boid Wall No = 0
position = = (-1.3, -3.6, -9.2)
Boid Radius= 10
Boid Frame=
 -0.80032	-0.12684	-0.58600	-1.26837
-0.51320	-0.36043	0.77892	-3.60432
0.31001	-0.92412	-0.22337	-9.24122
0.00000	0.00000	0.00000	1.00000

boidNo = 16
boid Wall No = 1
position = = (-0.7, 9.5, 3.1)
Boid Radius= 10
Boid Frame=
 0.91478	-0.06810	0.39817	-0.68103
-0.06644	0.94690	0.31459	9.46898
0.39845	0.31424	-0.86168	3.14238
0.00000	0.00000	0.00000	1.00000

boidNo = 17
boid Wall No = 1
position = = (-1.1, 6.9, 7.2)
Boid Radius= 10
Boid Frame=
 0.75729	-0.10914	0.64390	-1.09137
-0.41167	0.68563	0.60037	6.85631
0.50700	0.71972	-0.47429	7.19722
0.00000	0.00000	0.00000	1.00000

boidNo = 18
boid Wall No = 0
position = = (0.4, -1.6, -9.9)
Boid Radius= 9.999999
Boid Frame=
 0.14454	0.03694	-0.98881	0.36943
-0.97619	-0.15805	-0.14860	-1.58046
0.16177	-0.98674	-0.01322	-9.86740
0.00000	0.00000	0.00000	1.00000

boidNo = 19
boid Wall No = 1
position = = (1.0, 9.5, -2.9)
Boid Radius= 10
Boid Frame=
 -0.97820	0.10072	-0.18159	1.00725
0.04206	0.95247	0.30172	9.52469
-0.20335	-0.28750	0.93594	-2.87504
0.00000	0.00000	0.00000	1.00000

