Iteration Num of Simuation:0
m_SimulationDeltaT of action plan:0
boidNo = 0
boid Wall No = 0
position = = (-7.0, -5.5, -4.6)
Boid Radius= 10
Boid Frame=
 -0.28009	-0.70365	-0.65302	-7.03647
-0.37652	-0.54522	0.74898	-5.45217
0.88305	-0.45565	0.11222	-4.55653
0.00000	0.00000	0.00000	1.00000

boidNo = 1
boid Wall No = 0
position = = (-7.5, -5.1, -4.1)
Boid Radius= 10
Boid Frame=
 -0.12905	-0.75212	-0.64627	-7.52117
-0.50016	-0.51338	0.69734	-5.13382
0.85626	-0.41323	0.30993	-4.13229
0.00000	0.00000	0.00000	1.00000

boidNo = 2
boid Wall No = 0
position = = (-3.1, -8.6, -4.1)
Boid Radius= 10
Boid Frame=
 -0.83379	-0.31216	-0.45535	-3.12160
0.04307	-0.85906	0.51006	-8.59062
0.55039	-0.40567	-0.72972	-4.05670
0.00000	0.00000	0.00000	1.00000

boidNo = 3
boid Wall No = 0
position = = (-3.5, -0.8, 9.3)
Boid Radius= 10
Boid Frame=
 0.78165	-0.35168	0.51512	-3.51675
-0.57241	-0.07642	0.81640	-0.76418
0.24774	0.93300	0.26103	9.32998
0.00000	0.00000	0.00000	1.00000

boidNo = 4
boid Wall No = 0
position = = (0.2, -9.9, -1.5)
Boid Radius= 10
Boid Frame=
 -0.99975	0.01924	-0.01151	0.19241
-0.02071	-0.98916	0.14540	-9.89157
0.00858	-0.14560	-0.98931	-1.45598
0.00000	0.00000	0.00000	1.00000

boidNo = 5
boid Wall No = 1
position = = (5.4, 8.0, -2.7)
Boid Radius= 9.999999
Boid Frame=
 -0.18806	0.53532	-0.82345	5.35316
-0.19860	0.80036	0.56567	8.00362
-0.96187	-0.26992	0.04420	-2.69922
0.00000	0.00000	0.00000	1.00000

boidNo = 6
boid Wall No = 0
position = = (4.5, -4.5, 7.7)
Boid Radius= 10
Boid Frame=
 0.49168	0.45449	0.74276	4.54486
-0.59656	-0.44556	0.66753	-4.45558
-0.63433	0.77131	-0.05205	7.71311
0.00000	0.00000	0.00000	1.00000

boidNo = 7
boid Wall No = 1
position = = (-1.4, 9.8, -1.6)
Boid Radius= 10
Boid Frame=
 -0.79624	-0.13897	0.58880	-1.38967
-0.01541	0.97760	0.20989	9.77604
0.60478	-0.15804	0.78055	-1.58044
0.00000	0.00000	0.00000	1.00000

boidNo = 8
boid Wall No = 0
position = = (-4.8, -0.8, 8.7)
Boid Radius= 10
Boid Frame=
 0.35617	-0.47919	0.80220	-4.79194
-0.92738	-0.07606	0.36632	-0.76056
0.11452	0.87441	0.47148	8.74408
0.00000	0.00000	0.00000	1.00000

boidNo = 9
boid Wall No = 0
position = = (0.3, -10.0, -0.9)
Boid Radius= 10
Boid Frame=
 -0.99876	0.02877	0.04067	0.28769
-0.02488	-0.99535	0.09310	-9.95346
-0.04316	-0.09197	-0.99483	-0.91971
0.00000	0.00000	0.00000	1.00000

boidNo = 10
boid Wall No = 1
position = = (-5.0, 7.0, 5.2)
Boid Radius= 10
Boid Frame=
 0.35032	-0.49587	0.79460	-4.95867
-0.38287	0.69843	0.60465	6.98432
0.85480	0.51605	-0.05482	5.16052
0.00000	0.00000	0.00000	1.00000

boidNo = 11
boid Wall No = 0
position = = (-2.6, -7.5, 6.1)
Boid Radius= 10
Boid Frame=
 0.96526	-0.25775	-0.04286	-2.57749
-0.17195	-0.75012	0.63855	-7.50123
0.19674	0.60900	0.76838	6.09000
0.00000	0.00000	0.00000	1.00000

boidNo = 12
boid Wall No = 1
position = = (-2.4, 9.7, -0.5)
Boid Radius= 10
Boid Frame=
 -0.06411	-0.24319	0.96786	-2.43187
0.03581	0.96867	0.24576	9.68669
0.99730	-0.05041	0.05339	-0.50412
0.00000	0.00000	0.00000	1.00000

boidNo = 13
boid Wall No = 1
position = = (1.0, 9.9, 0.5)
Boid Radius= 10
Boid Frame=
 0.93406	0.10290	-0.34198	1.02903
-0.07831	0.99330	0.08499	9.93299
-0.34843	0.05261	-0.93586	0.52607
0.00000	0.00000	0.00000	1.00000

boidNo = 14
boid Wall No = 1
position = = (-9.3, 2.9, -2.4)
Boid Radius= 10
Boid Frame=
 -0.37622	-0.92542	0.04526	-9.25425
-0.63532	0.29322	0.71442	2.93222
0.67441	-0.24002	0.69825	-2.40022
0.00000	0.00000	0.00000	1.00000

boidNo = 15
boid Wall No = 0
position = = (9.4, -3.1, 1.1)
Boid Radius= 10
Boid Frame=
 -0.25810	0.94351	0.20781	9.43506
-0.89921	-0.31325	0.30544	-3.13251
-0.35328	0.10803	-0.92926	1.08029
0.00000	0.00000	0.00000	1.00000

boidNo = 16
boid Wall No = 0
position = = (-0.2, -9.9, 1.7)
Boid Radius= 10
Boid Frame=
 0.99892	-0.01623	0.04346	-0.16231
-0.02335	-0.98538	0.16878	-9.85377
-0.04008	0.16961	0.98470	1.69613
0.00000	0.00000	0.00000	1.00000

boidNo = 17
boid Wall No = 1
position = = (-6.9, 0.5, 7.2)
Boid Radius= 10
Boid Frame=
 0.50208	-0.68804	0.52395	-6.88039
-0.68703	0.05064	0.72486	0.50642
0.52527	0.72390	0.44728	7.23905
0.00000	0.00000	0.00000	1.00000

boidNo = 18
boid Wall No = 1
position = = (0.7, 9.9, 0.8)
Boid Radius= 10
Boid Frame=
 0.57959	0.07400	-0.81154	0.73997
0.02112	0.99417	0.10573	9.94170
-0.81464	0.07842	-0.57465	0.78424
0.00000	0.00000	0.00000	1.00000

boidNo = 19
boid Wall No = 1
position = = (-1.3, 2.5, -9.6)
Boid Radius= 10
Boid Frame=
 -0.66966	-0.13314	-0.73064	-1.33136
-0.73608	0.24974	0.62914	2.49737
-0.09871	-0.95912	0.26524	-9.59118
0.00000	0.00000	0.00000	1.00000

