Iteration Num of Simuation:0
m_SimulationDeltaT of action plan:0
boidNo = 0
boid Wall No = 0
position = = (-2.8, -2.2, -9.4)
Boid Radius= 10
Boid Frame=
 -0.76728	-0.27609	-0.57885	-2.76085
-0.53759	-0.21527	0.81526	-2.15272
0.34969	-0.93672	-0.01675	-9.36715
0.00000	0.00000	0.00000	1.00000

boidNo = 1
boid Wall No = 1
position = = (2.0, 9.8, -0.2)
Boid Radius= 9.999999
Boid Frame=
 -0.27852	0.19643	-0.94013	1.96429
0.03479	0.98028	0.19451	9.80283
-0.95980	-0.02147	0.27986	-0.21468
0.00000	0.00000	0.00000	1.00000

boidNo = 2
boid Wall No = 1
position = = (5.0, 8.0, 3.2)
Boid Radius= 10
Boid Frame=
 0.72641	0.50412	-0.46710	5.04123
-0.19175	0.80133	0.56665	8.01335
-0.65997	0.32206	-0.67877	3.22061
0.00000	0.00000	0.00000	1.00000

boidNo = 3
boid Wall No = 1
position = = (3.9, 9.1, -1.3)
Boid Radius= 9.999999
Boid Frame=
 0.55021	0.38766	-0.73958	3.87664
-0.34191	0.91264	0.22401	9.12642
-0.76182	-0.12962	-0.63469	-1.29616
0.00000	0.00000	0.00000	1.00000

boidNo = 4
boid Wall No = 0
position = = (5.9, -7.0, 3.9)
Boid Radius= 10
Boid Frame=
 0.40217	0.59361	0.69705	5.93614
-0.16329	-0.70263	0.69257	-7.02628
-0.90089	0.39235	0.18564	3.92348
0.00000	0.00000	0.00000	1.00000

boidNo = 5
boid Wall No = 1
position = = (6.3, 7.7, -0.4)
Boid Radius= 10
Boid Frame=
 0.45685	0.63363	-0.62434	6.33627
-0.41825	0.77245	0.47789	7.72453
-0.78508	-0.04281	-0.61791	-0.42806
0.00000	0.00000	0.00000	1.00000

boidNo = 6
boid Wall No = 0
position = = (-4.8, -8.7, -1.2)
Boid Radius= 10
Boid Frame=
 -0.22365	-0.47534	-0.85090	-4.75341
-0.00775	-0.87212	0.48923	-8.72119
0.97464	-0.11601	-0.19136	-1.16011
0.00000	0.00000	0.00000	1.00000

boidNo = 7
boid Wall No = 0
position = = (8.1, -4.8, 3.3)
Boid Radius= 10
Boid Frame=
 0.02249	0.81197	0.58326	8.11975
-0.54462	-0.47929	0.68824	-4.79293
-0.83838	0.33313	-0.43144	3.33130
0.00000	0.00000	0.00000	1.00000

boidNo = 8
boid Wall No = 1
position = = (3.4, 7.3, -5.9)
Boid Radius= 10
Boid Frame=
 -0.65905	0.33834	-0.67170	3.38339
-0.26515	0.73123	0.62848	7.31232
-0.70381	-0.59231	0.39221	-5.92306
0.00000	0.00000	0.00000	1.00000

boidNo = 9
boid Wall No = 0
position = = (6.1, -7.5, -2.6)
Boid Radius= 10
Boid Frame=
 -0.50371	0.61074	0.61095	6.10744
-0.11199	-0.74743	0.65484	-7.47426
-0.85658	-0.26143	-0.44488	-2.61431
0.00000	0.00000	0.00000	1.00000

boidNo = 10
boid Wall No = 1
position = = (-6.4, 7.3, -2.4)
Boid Radius= 10
Boid Frame=
 -0.61510	-0.63873	0.46226	-6.38728
-0.29992	0.73176	0.61203	7.31757
0.72918	-0.23782	0.64167	-2.37820
0.00000	0.00000	0.00000	1.00000

boidNo = 11
boid Wall No = 0
position = = (5.8, -1.7, 7.9)
Boid Radius= 10
Boid Frame=
 0.38018	0.58437	0.71693	5.84365
-0.80417	-0.17408	0.56834	-1.74080
-0.45692	0.79260	-0.40375	7.92599
0.00000	0.00000	0.00000	1.00000

boidNo = 12
boid Wall No = 0
position = = (5.7, -7.2, 3.9)
Boid Radius= 9.999999
Boid Frame=
 -0.04929	0.57331	0.81786	5.73309
-0.49970	-0.72315	0.47681	-7.23154
-0.86480	0.38518	-0.32212	3.85181
0.00000	0.00000	0.00000	1.00000

boidNo = 13
boid Wall No = 1
position = = (-5.1, 7.5, -4.3)
Boid Radius= 10
Boid Frame=
 -0.83651	-0.50551	0.21143	-5.05510
-0.30059	0.74598	0.59428	7.45976
0.45813	-0.43357	0.77597	-4.33567
0.00000	0.00000	0.00000	1.00000

boidNo = 14
boid Wall No = 0
position = = (-4.7, -8.2, -3.3)
Boid Radius= 10
Boid Frame=
 -0.61715	-0.47107	-0.63026	-4.71069
0.03880	-0.81823	0.57358	-8.18234
0.78589	-0.32953	-0.52325	-3.29527
0.00000	0.00000	0.00000	1.00000

boidNo = 15
boid Wall No = 1
position = = (1.4, 1.3, -9.8)
Boid Radius= 10
Boid Frame=
 -0.63335	0.14165	-0.76079	1.41647
-0.74963	0.13182	0.64860	1.31821
-0.19216	-0.98110	-0.02270	-9.81101
0.00000	0.00000	0.00000	1.00000

boidNo = 16
boid Wall No = 0
position = = (-1.4, -8.6, -4.9)
Boid Radius= 10
Boid Frame=
 -0.97528	-0.13951	-0.17136	-1.39513
0.03327	-0.85937	0.51027	-8.59371
0.21845	-0.49195	-0.84277	-4.91953
0.00000	0.00000	0.00000	1.00000

boidNo = 17
boid Wall No = 1
position = = (5.3, 2.3, 8.1)
Boid Radius= 9.999999
Boid Frame=
 0.70874	0.53416	0.46082	5.34163
-0.64639	0.23002	0.72751	2.30022
-0.28261	0.81349	-0.50830	8.13486
0.00000	0.00000	0.00000	1.00000

boidNo = 18
boid Wall No = 1
position = = (-3.9, 2.6, -8.8)
Boid Radius= 10
Boid Frame=
 -0.69220	-0.39027	-0.60709	-3.90268
-0.71582	0.26403	0.64644	2.64034
0.09199	-0.88203	0.46213	-8.82030
0.00000	0.00000	0.00000	1.00000

boidNo = 19
boid Wall No = 0
position = = (0.2, -10.0, -0.2)
Boid Radius= 10
Boid Frame=
 -0.50939	0.01818	0.86035	0.18181
0.00403	-0.99972	0.02351	-9.99715
-0.86053	-0.01545	-0.50917	-0.15446
0.00000	0.00000	0.00000	1.00000

