Iteration Num of Simuation:0
m_SimulationDeltaT of action plan:0
boidNo = 0
boid Wall No = 0
position = = (-7.9, -6.2, 0.4)
Boid Radius= 10
Boid Frame=
 0.26879	-0.78670	-0.55575	-7.86698
-0.28001	-0.61589	0.73640	-6.15886
0.92160	0.04232	0.38583	0.42323
0.00000	0.00000	0.00000	1.00000

boidNo = 1
boid Wall No = 0
position = = (7.7, -5.1, -4.0)
Boid Radius= 10
Boid Frame=
 -0.64153	0.76550	-0.04950	7.65496
-0.64727	-0.50556	0.57048	-5.05562
-0.41167	-0.39802	-0.81982	-3.98023
0.00000	0.00000	0.00000	1.00000

boidNo = 2
boid Wall No = 1
position = = (0.8, 10.0, 0.5)
Boid Radius= 10
Boid Frame=
 -0.03046	0.07508	-0.99671	0.75075
0.04813	0.99613	0.07356	9.96129
-0.99838	0.04573	0.03396	0.45728
0.00000	0.00000	0.00000	1.00000

boidNo = 3
boid Wall No = 0
position = = (8.5, -3.2, 4.2)
Boid Radius= 10
Boid Frame=
 0.17303	0.85128	0.49537	8.51275
-0.58353	-0.31657	0.74784	-3.16570
-0.79344	0.41847	-0.44197	4.18467
0.00000	0.00000	0.00000	1.00000

boidNo = 4
boid Wall No = 0
position = = (-3.8, -9.1, -1.6)
Boid Radius= 10
Boid Frame=
 -0.20471	-0.37574	-0.90383	-3.75740
-0.08649	-0.91283	0.39907	-9.12833
0.97500	-0.15986	-0.15437	-1.59860
0.00000	0.00000	0.00000	1.00000

boidNo = 5
boid Wall No = 1
position = = (-0.2, 6.6, -7.5)
Boid Radius= 10
Boid Frame=
 -0.72386	-0.02286	-0.68957	-0.22858
-0.52886	0.66025	0.53327	6.60246
-0.44310	-0.75070	0.49001	-7.50702
0.00000	0.00000	0.00000	1.00000

boidNo = 6
boid Wall No = 0
position = = (-3.1, -8.0, -5.1)
Boid Radius= 10
Boid Frame=
 0.65573	-0.31493	-0.68618	-3.14929
-0.57138	-0.80106	-0.17837	-8.01064
0.49350	-0.50903	0.70522	-5.09035
0.00000	0.00000	0.00000	1.00000

boidNo = 7
boid Wall No = 1
position = = (-4.7, 7.6, 4.5)
Boid Radius= 10
Boid Frame=
 0.35879	-0.46871	0.80721	-4.68708
-0.30491	0.75849	0.57595	7.58490
0.88221	0.45277	-0.12922	4.52775
0.00000	0.00000	0.00000	1.00000

boidNo = 8
boid Wall No = 0
position = = (-5.2, -8.5, -0.3)
Boid Radius= 10
Boid Frame=
 0.01776	-0.52083	-0.85348	-5.20829
-0.04865	-0.85305	0.51956	-8.53050
0.99866	-0.03229	0.04048	-0.32294
0.00000	0.00000	0.00000	1.00000

boidNo = 9
boid Wall No = 1
position = = (6.6, 7.5, 0.2)
Boid Radius= 10
Boid Frame=
 0.29558	0.66124	-0.68949	6.61235
-0.23979	0.74999	0.61645	7.49989
-0.92473	0.01688	-0.38025	0.16878
0.00000	0.00000	0.00000	1.00000

boidNo = 10
boid Wall No = 0
position = = (4.8, -8.5, 2.1)
Boid Radius= 10
Boid Frame=
 0.42273	0.48355	0.76647	4.83553
0.01894	-0.85028	0.52598	-8.50284
-0.90606	0.20783	0.36860	2.07831
0.00000	0.00000	0.00000	1.00000

boidNo = 11
boid Wall No = 1
position = = (6.5, 7.5, 1.2)
Boid Radius= 10
Boid Frame=
 0.44466	0.64676	-0.61966	6.46762
-0.24747	0.75360	0.60898	7.53596
-0.86084	0.11744	-0.49515	1.17438
0.00000	0.00000	0.00000	1.00000

boidNo = 12
boid Wall No = 0
position = = (-0.5, -10.0, -0.1)
Boid Radius= 10
Boid Frame=
 -0.05537	-0.05006	-0.99721	-0.50063
-0.00748	-0.99869	0.05055	-9.98693
0.99844	-0.01026	-0.05493	-0.10263
0.00000	0.00000	0.00000	1.00000

boidNo = 13
boid Wall No = 0
position = = (-1.7, -7.2, -6.7)
Boid Radius= 10
Boid Frame=
 -0.91376	-0.17205	-0.36803	-1.72047
-0.13869	-0.71937	0.68064	-7.19372
0.38185	-0.67298	-0.63347	-6.72982
0.00000	0.00000	0.00000	1.00000

boidNo = 14
boid Wall No = 0
position = = (-8.9, -3.5, -2.9)
Boid Radius= 10
Boid Frame=
 -0.02334	-0.89077	-0.45386	-8.90769
-0.60949	-0.34718	0.71273	-3.47175
0.79245	-0.29326	0.53481	-2.93257
0.00000	0.00000	0.00000	1.00000

boidNo = 15
boid Wall No = 1
position = = (3.7, 8.8, 3.0)
Boid Radius= 10
Boid Frame=
 0.71903	0.37463	-0.58536	3.74632
-0.07335	0.87847	0.47213	8.78474
-0.69110	0.29654	-0.65913	2.96538
0.00000	0.00000	0.00000	1.00000

boidNo = 16
boid Wall No = 0
position = = (0.4, -8.9, -4.5)
Boid Radius= 10
Boid Frame=
 -0.99515	0.03865	0.09048	0.38646
0.00678	-0.89048	0.45497	-8.90482
-0.09815	-0.45337	-0.88590	-4.53373
0.00000	0.00000	0.00000	1.00000

boidNo = 17
boid Wall No = 0
position = = (4.3, -1.8, 8.8)
Boid Radius= 9.999999
Boid Frame=
 0.61859	0.42993	0.65765	4.29927
-0.65319	-0.18378	0.73455	-1.83782
-0.43667	0.88396	-0.16714	8.83961
0.00000	0.00000	0.00000	1.00000

boidNo = 18
boid Wall No = 1
position = = (-6.1, 3.7, 7.0)
Boid Radius= 10
Boid Frame=
 0.38096	-0.61460	0.69075	-6.14604
-0.63181	0.37241	0.67980	3.72406
0.67505	0.69540	0.24644	6.95396
0.00000	0.00000	0.00000	1.00000

boidNo = 19
boid Wall No = 0
position = = (-3.7, -8.0, 4.8)
Boid Radius= 10
Boid Frame=
 0.87486	-0.37012	-0.31246	-3.70121
-0.12715	-0.79794	0.58918	-7.97936
0.46739	0.47572	0.74514	4.75719
0.00000	0.00000	0.00000	1.00000

boidNo = 20
boid Wall No = 1
position = = (4.2, 2.4, 8.8)
Boid Radius= 10
Boid Frame=
 0.75024	0.41527	0.51448	4.15272
-0.63568	0.23911	0.73398	2.39112
-0.18178	0.87771	-0.44337	8.77710
0.00000	0.00000	0.00000	1.00000

boidNo = 21
boid Wall No = 0
position = = (-2.4, -5.7, 7.9)
Boid Radius= 9.999999
Boid Frame=
 0.87931	-0.24373	0.40915	-2.43729
-0.47130	-0.56883	0.67403	-5.68830
-0.06846	0.78551	0.61505	7.85512
0.00000	0.00000	0.00000	1.00000

boidNo = 22
boid Wall No = 1
position = = (0.9, 3.5, -9.3)
Boid Radius= 10
Boid Frame=
 -0.57320	0.08848	-0.81462	0.88482
-0.74836	0.34840	0.56442	3.48401
-0.33376	-0.93316	0.13349	-9.33160
0.00000	0.00000	0.00000	1.00000

boidNo = 23
boid Wall No = 0
position = = (-2.8, -8.5, -4.6)
Boid Radius= 9.999999
Boid Frame=
 -0.91079	-0.27938	-0.30398	-2.79384
0.08318	-0.84533	0.52772	-8.45335
0.40440	-0.45536	-0.79316	-4.55361
0.00000	0.00000	0.00000	1.00000

boidNo = 24
boid Wall No = 1
position = = (-3.3, 5.5, -7.7)
Boid Radius= 10
Boid Frame=
 -0.78256	-0.32951	-0.52823	-3.29509
-0.61362	0.55160	0.56498	5.51603
-0.10521	-0.76626	0.63386	-7.66262
0.00000	0.00000	0.00000	1.00000

boidNo = 25
boid Wall No = 1
position = = (-0.9, 1.2, 9.9)
Boid Radius= 10
Boid Frame=
 0.57674	-0.09479	0.81141	-0.94787
-0.80326	0.11514	0.58440	1.15137
0.14882	0.98882	0.00973	9.88817
0.00000	0.00000	0.00000	1.00000

boidNo = 26
boid Wall No = 1
position = = (-2.8, 1.2, 9.5)
Boid Radius= 10
Boid Frame=
 0.67726	-0.28495	0.67832	-2.84950
-0.67614	0.12248	0.72653	1.22481
0.29011	0.95069	0.10971	9.50685
0.00000	0.00000	0.00000	1.00000

boidNo = 27
boid Wall No = 0
position = = (-10.0, 0.0, 0.6)
Boid Radius= 10
Boid Frame=
 0.02629	-0.99830	0.05196	-9.98303
-0.92680	-0.00486	0.37553	-0.04864
0.37464	0.05803	0.92535	0.58034
0.00000	0.00000	0.00000	1.00000

boidNo = 28
boid Wall No = 0
position = = (1.8, -8.6, -4.8)
Boid Radius= 10
Boid Frame=
 -0.92294	0.17935	0.34061	1.79349
0.02395	-0.85636	0.51582	-8.56363
-0.38420	-0.48423	-0.78607	-4.84228
0.00000	0.00000	0.00000	1.00000

boidNo = 29
boid Wall No = 1
position = = (-9.5, 0.8, 3.2)
Boid Radius= 10
Boid Frame=
 0.15156	-0.94577	0.28733	-9.45765
-0.75177	0.07844	0.65475	0.78440
0.64178	0.31524	0.69911	3.15239
0.00000	0.00000	0.00000	1.00000

