Iteration Num of Simuation:0
m_SimulationDeltaT of action plan:0
boidNo = 0
boid Wall No = 1
position = = (2.4, 9.3, 2.8)
Boid Radius= 10
Boid Frame=
 0.94209	0.24321	0.23088	2.43214
-0.29560	0.92739	0.22926	9.27393
0.15835	0.28423	-0.94559	2.84233
0.00000	0.00000	0.00000	1.00000

boidNo = 1
boid Wall No = 1
position = = (-0.6, 0.1, -10.0)
Boid Radius= 10
Boid Frame=
 -0.66261	-0.05722	-0.74678	-0.57223
-0.74849	0.01499	0.66298	0.14993
0.02674	-0.99825	0.05277	-9.98249
0.00000	0.00000	0.00000	1.00000

boidNo = 2
boid Wall No = 1
position = = (-5.2, 8.6, 0.6)
Boid Radius= 9.999999
Boid Frame=
 -0.04597	-0.51502	0.85595	-5.15017
-0.09602	0.85516	0.50939	8.55163
0.99432	0.05877	0.08877	0.58773
0.00000	0.00000	0.00000	1.00000

boidNo = 3
boid Wall No = 0
position = = (-2.6, -9.4, 2.1)
Boid Radius= 10
Boid Frame=
 0.22907	-0.26303	-0.93720	-2.63026
0.14577	-0.94267	0.30019	-9.42675
0.96243	0.20538	0.17760	2.05383
0.00000	0.00000	0.00000	1.00000

boidNo = 4
boid Wall No = 0
position = = (-7.3, -6.4, 2.5)
Boid Radius= 9.999999
Boid Frame=
 0.51672	-0.73026	-0.44689	-7.30264
-0.27787	-0.63677	0.71925	-6.36766
0.80981	0.24747	0.53195	2.47474
0.00000	0.00000	0.00000	1.00000

boidNo = 5
boid Wall No = 1
position = = (8.7, 2.0, -4.4)
Boid Radius= 10
Boid Frame=
 -0.23286	0.87317	-0.42820	8.73168
-0.62648	0.20209	0.75279	2.02095
-0.74384	-0.44355	-0.49996	-4.43549
0.00000	0.00000	0.00000	1.00000

boidNo = 6
boid Wall No = 1
position = = (0.4, 10.0, -0.8)
Boid Radius= 9.999999
Boid Frame=
 -0.99632	0.03872	0.07649	0.38718
0.04446	0.99621	0.07479	9.96207
0.07330	-0.07792	0.99426	-0.77920
0.00000	0.00000	0.00000	1.00000

boidNo = 7
boid Wall No = 0
position = = (-0.8, -9.6, -2.5)
Boid Radius= 10
Boid Frame=
 -0.90083	-0.07665	-0.42735	-0.76646
-0.04257	-0.96396	0.26262	-9.63961
0.43207	-0.25476	-0.86511	-2.54764
0.00000	0.00000	0.00000	1.00000

boidNo = 8
boid Wall No = 0
position = = (-7.8, -3.7, -5.0)
Boid Radius= 10
Boid Frame=
 -0.25720	-0.78314	-0.56616	-7.83144
-0.53147	-0.37467	0.75971	-3.74673
0.80709	-0.49629	0.31986	-4.96291
0.00000	0.00000	0.00000	1.00000

boidNo = 9
boid Wall No = 0
position = = (-5.4, -6.8, 4.9)
Boid Radius= 9.999999
Boid Frame=
 0.84031	-0.54200	0.01116	-5.41997
-0.44942	-0.68496	0.57346	-6.84960
0.30317	0.48690	0.81916	4.86897
0.00000	0.00000	0.00000	1.00000

boidNo = 10
boid Wall No = 0
position = = (4.1, -7.7, 4.9)
Boid Radius= 9.999999
Boid Frame=
 0.69207	0.41094	0.59343	4.10941
-0.08953	-0.76691	0.63548	-7.66905
-0.71625	0.49293	0.49396	4.92934
0.00000	0.00000	0.00000	1.00000

boidNo = 11
boid Wall No = 0
position = = (4.9, -6.2, -6.1)
Boid Radius= 10
Boid Frame=
 -0.86680	0.49475	0.06233	4.94752
-0.30304	-0.62190	0.72209	-6.21896
-0.39602	-0.60701	-0.68899	-6.07014
0.00000	0.00000	0.00000	1.00000

boidNo = 12
boid Wall No = 1
position = = (-1.2, 9.9, 0.8)
Boid Radius= 10
Boid Frame=
 -0.30466	-0.11758	0.94518	-1.17577
-0.11317	0.98979	0.08665	9.89790
0.94571	0.08057	0.31485	0.80566
0.00000	0.00000	0.00000	1.00000

boidNo = 13
boid Wall No = 0
position = = (5.9, -7.9, 1.7)
Boid Radius= 10
Boid Frame=
 -0.00872	0.59417	0.80429	5.94169
-0.22171	-0.78545	0.57785	-7.85453
-0.97507	0.17328	-0.13858	1.73281
0.00000	0.00000	0.00000	1.00000

boidNo = 14
boid Wall No = 0
position = = (1.4, -9.2, 3.5)
Boid Radius= 10
Boid Frame=
 0.98882	0.14326	0.04136	1.43257
0.11879	-0.92450	0.36220	-9.24500
-0.09012	0.35324	0.93118	3.53238
0.00000	0.00000	0.00000	1.00000

boidNo = 15
boid Wall No = 0
position = = (-0.8, -2.0, -9.8)
Boid Radius= 10
Boid Frame=
 -0.73370	-0.08459	-0.67418	-0.84593
-0.64961	-0.20360	0.73250	-2.03604
0.19923	-0.97539	-0.09443	-9.75392
0.00000	0.00000	0.00000	1.00000

boidNo = 16
boid Wall No = 1
position = = (9.8, 1.1, -1.7)
Boid Radius= 10
Boid Frame=
 -0.03309	0.97962	-0.19813	9.79618
-0.74236	0.10864	0.66113	1.08641
-0.66918	-0.16896	-0.72364	-1.68957
0.00000	0.00000	0.00000	1.00000

boidNo = 17
boid Wall No = 1
position = = (-5.1, 8.4, -1.9)
Boid Radius= 9.999999
Boid Frame=
 -0.77858	-0.50861	0.36759	-5.08610
-0.35424	0.83972	0.41157	8.39720
0.51800	-0.19023	0.83396	-1.90227
0.00000	0.00000	0.00000	1.00000

boidNo = 18
boid Wall No = 0
position = = (9.7, -1.6, -2.1)
Boid Radius= 10
Boid Frame=
 -0.21741	0.96502	-0.14654	9.65018
-0.92773	-0.15763	0.33833	-1.57628
-0.30339	-0.20951	-0.92955	-2.09508
0.00000	0.00000	0.00000	1.00000

boidNo = 19
boid Wall No = 1
position = = (4.8, 4.2, -7.7)
Boid Radius= 10
Boid Frame=
 -0.51695	0.47773	-0.71031	4.77727
-0.57977	0.41508	0.70112	4.15082
-0.62978	-0.77426	-0.06240	-7.74263
0.00000	0.00000	0.00000	1.00000

