Iteration Num of Simuation:0
m_SimulationDeltaT of action plan:0
boidNo = 0
boid Wall No = 0
position = = (0.4, -9.6, -2.8)
Boid Radius= 9.999999
Boid Frame=
 -0.98470	0.03574	0.17053	0.35738
0.01427	-0.95890	0.28338	-9.58902
-0.17365	-0.28148	-0.94372	-2.81477
0.00000	0.00000	0.00000	1.00000

boidNo = 1
boid Wall No = 1
position = = (-8.5, 3.3, 4.1)
Boid Radius= 10
Boid Frame=
 0.16914	-0.84956	0.49964	-8.49562
-0.56869	0.32991	0.75349	3.29915
0.80498	0.41158	0.42733	4.11584
0.00000	0.00000	0.00000	1.00000

boidNo = 2
boid Wall No = 1
position = = (1.0, 1.6, 9.8)
Boid Radius= 9.999999
Boid Frame=
 0.76508	0.09576	0.63677	0.95761
-0.64315	0.16248	0.74831	1.62480
0.03180	0.98205	-0.18590	9.82054
0.00000	0.00000	0.00000	1.00000

boidNo = 3
boid Wall No = 1
position = = (7.8, 5.6, -2.8)
Boid Radius= 10
Boid Frame=
 -0.00585	0.78390	-0.62085	7.83905
-0.43917	0.55577	0.70587	5.55772
-0.89839	-0.27679	-0.34102	-2.76786
0.00000	0.00000	0.00000	1.00000

boidNo = 4
boid Wall No = 1
position = = (1.3, 0.3, -9.9)
Boid Radius= 10
Boid Frame=
 -0.74324	0.12592	-0.65707	1.25925
-0.65955	0.02677	0.75118	0.26766
-0.11218	-0.99168	-0.06316	-9.91679
0.00000	0.00000	0.00000	1.00000

boidNo = 5
boid Wall No = 0
position = = (3.9, -3.7, 8.4)
Boid Radius= 10
Boid Frame=
 0.70396	0.39233	0.59204	3.92333
-0.47007	-0.36751	0.80248	-3.67505
-0.53242	0.84322	0.07429	8.43217
0.00000	0.00000	0.00000	1.00000

boidNo = 6
boid Wall No = 0
position = = (-6.4, -6.8, -3.6)
Boid Radius= 10
Boid Frame=
 -0.31447	-0.63998	-0.70110	-6.39976
-0.19775	-0.67820	0.70777	-6.78200
0.92844	-0.36121	-0.08672	-3.61214
0.00000	0.00000	0.00000	1.00000

boidNo = 7
boid Wall No = 1
position = = (1.1, 8.3, -5.5)
Boid Radius= 9.999999
Boid Frame=
 -0.81754	0.11085	-0.56511	1.10850
-0.24024	0.82619	0.50961	8.26185
-0.52337	-0.55239	0.64881	-5.52386
0.00000	0.00000	0.00000	1.00000

boidNo = 8
boid Wall No = 0
position = = (-0.3, -9.9, 1.4)
Boid Radius= 10
Boid Frame=
 0.97657	-0.02999	-0.21310	-0.29994
0.00143	-0.98931	0.14581	-9.89312
0.21520	0.14270	0.96609	1.42698
0.00000	0.00000	0.00000	1.00000

boidNo = 9
boid Wall No = 0
position = = (4.5, -6.4, -6.2)
Boid Radius= 10
Boid Frame=
 -0.88407	0.45356	-0.11267	4.53565
-0.41101	-0.63983	0.64937	-6.39829
-0.22245	-0.62040	-0.75208	-6.20402
0.00000	0.00000	0.00000	1.00000

boidNo = 10
boid Wall No = 1
position = = (-1.9, 9.5, 2.5)
Boid Radius= 10
Boid Frame=
 0.31049	-0.19135	0.93112	-1.91351
-0.17928	0.95016	0.25505	9.50164
0.93352	0.24611	-0.26071	2.46115
0.00000	0.00000	0.00000	1.00000

boidNo = 11
boid Wall No = 1
position = = (-3.9, 3.9, 8.3)
Boid Radius= 10
Boid Frame=
 0.42774	-0.39176	0.81460	-3.91757
-0.72319	0.39231	0.56841	3.92314
0.54226	0.83224	0.11550	8.32236
0.00000	0.00000	0.00000	1.00000

boidNo = 12
boid Wall No = 1
position = = (-3.4, 3.6, -8.7)
Boid Radius= 10
Boid Frame=
 -0.70214	-0.34155	-0.62477	-3.41554
-0.71178	0.36051	0.60283	3.60506
-0.01933	-0.86797	0.49624	-8.67973
0.00000	0.00000	0.00000	1.00000

boidNo = 13
boid Wall No = 1
position = = (7.3, 4.4, 5.2)
Boid Radius= 10
Boid Frame=
 0.65804	0.73221	0.17565	7.32208
-0.65639	0.44350	0.61030	4.43497
-0.36896	0.51690	-0.77245	5.16896
0.00000	0.00000	0.00000	1.00000

boidNo = 14
boid Wall No = 1
position = = (7.3, 6.6, 1.6)
Boid Radius= 10
Boid Frame=
 0.49915	0.73458	-0.45961	7.34578
-0.36049	0.65837	0.66075	6.58375
-0.78797	0.16413	-0.59343	1.64128
0.00000	0.00000	0.00000	1.00000

boidNo = 15
boid Wall No = 1
position = = (2.3, 9.7, -0.6)
Boid Radius= 10
Boid Frame=
 0.17119	0.22659	-0.95883	2.26594
-0.09892	0.97223	0.21210	9.72229
-0.98026	-0.05854	-0.18885	-0.58537
0.00000	0.00000	0.00000	1.00000

boidNo = 16
boid Wall No = 0
position = = (4.3, -9.0, 1.0)
Boid Radius= 10
Boid Frame=
 0.53751	0.42783	0.72667	4.27829
0.16535	-0.89848	0.40668	-8.98484
-0.82689	0.09844	0.55368	0.98438
0.00000	0.00000	0.00000	1.00000

boidNo = 17
boid Wall No = 0
position = = (-2.6, -9.2, -2.9)
Boid Radius= 10
Boid Frame=
 -0.46930	-0.25727	-0.84473	-2.57267
-0.14549	-0.92102	0.36133	-9.21016
0.87097	-0.29248	-0.39481	-2.92477
0.00000	0.00000	0.00000	1.00000

boidNo = 18
boid Wall No = 1
position = = (-0.9, 9.9, -1.4)
Boid Radius= 10
Boid Frame=
 -0.92110	-0.09109	-0.37851	-0.91085
-0.13565	0.98641	0.09272	9.86409
-0.36492	-0.13675	0.92094	-1.36748
0.00000	0.00000	0.00000	1.00000

boidNo = 19
boid Wall No = 0
position = = (-3.8, -8.1, 4.5)
Boid Radius= 10
Boid Frame=
 0.76305	-0.37586	-0.52582	-3.75860
0.00781	-0.80811	0.58898	-8.08111
0.64629	0.45353	0.61369	4.53527
0.00000	0.00000	0.00000	1.00000

