Iteration Num of Simuation:0
m_SimulationDeltaT of action plan:0
boidNo = 0
boid Wall No = 1
position = = (2.9, 8.5, -4.4)
Boid Radius= 10
Boid Frame=
 -0.55695	0.28701	-0.77938	2.87011
-0.22470	0.85133	0.47408	8.51328
-0.79957	-0.43917	0.40965	-4.39165
0.00000	0.00000	0.00000	1.00000

boidNo = 1
boid Wall No = 1
position = = (6.5, 4.4, -6.2)
Boid Radius= 10
Boid Frame=
 -0.02680	0.65151	-0.75817	6.51506
-0.79866	0.44217	0.40819	4.42169
-0.60118	-0.61646	-0.50848	-6.16463
0.00000	0.00000	0.00000	1.00000

boidNo = 2
boid Wall No = 0
position = = (4.0, -1.9, -8.9)
Boid Radius= 10
Boid Frame=
 -0.07601	0.40320	-0.91195	4.03201
-0.98159	-0.19097	-0.00261	-1.90965
0.17520	-0.89496	-0.41030	-8.94964
0.00000	0.00000	0.00000	1.00000

boidNo = 3
boid Wall No = 0
position = = (9.6, -2.4, -1.1)
Boid Radius= 10
Boid Frame=
 -0.22846	0.96394	0.13645	9.63944
-0.53268	-0.24108	0.81126	-2.41081
-0.81490	-0.11266	-0.56855	-1.12657
0.00000	0.00000	0.00000	1.00000

boidNo = 4
boid Wall No = 1
position = = (-3.2, 8.5, 4.1)
Boid Radius= 10
Boid Frame=
 0.67779	-0.31950	0.66220	-3.19502
-0.10030	0.85205	0.51376	8.52048
0.72838	0.41465	-0.54546	4.14649
0.00000	0.00000	0.00000	1.00000

boidNo = 5
boid Wall No = 1
position = = (3.2, 7.2, 6.2)
Boid Radius= 10
Boid Frame=
 0.94665	0.31740	0.05581	3.17401
-0.27842	0.71825	0.63766	7.18248
-0.16231	0.61917	-0.76830	6.19175
0.00000	0.00000	0.00000	1.00000

boidNo = 6
boid Wall No = 1
position = = (0.0, 9.9, -1.2)
Boid Radius= 10
Boid Frame=
 -0.88118	0.00269	0.47277	0.02685
0.05983	0.99258	0.10588	9.92578
0.46898	-0.12158	0.87480	-1.21582
0.00000	0.00000	0.00000	1.00000

boidNo = 7
boid Wall No = 1
position = = (1.1, 9.8, 1.8)
Boid Radius= 10
Boid Frame=
 0.73124	0.11096	-0.67303	1.10963
0.04058	0.97786	0.20531	9.77856
-0.68091	0.17744	-0.71055	1.77440
0.00000	0.00000	0.00000	1.00000

boidNo = 8
boid Wall No = 1
position = = (7.4, 5.6, -3.7)
Boid Radius= 10
Boid Frame=
 0.14399	0.74254	-0.65415	7.42535
-0.66994	0.55966	0.48781	5.59659
-0.72832	-0.36800	-0.57804	-3.68000
0.00000	0.00000	0.00000	1.00000

boidNo = 9
boid Wall No = 0
position = = (-2.3, -8.0, 5.6)
Boid Radius= 10
Boid Frame=
 0.93664	-0.22676	-0.26700	-2.26761
-0.02140	-0.79782	0.60252	-7.97820
0.34965	0.55863	0.75212	5.58627
0.00000	0.00000	0.00000	1.00000

