Iteration Num of Simuation:0
m_SimulationDeltaT of action plan:0
boidNo = 0
boid Wall No = 1
position = = (-0.5, 11.5, -3.4)
Boid Radius= 12
Boid Frame=
 -0.95018	-0.04249	0.30878	-0.50985
0.04844	0.95850	0.28095	11.50198
0.30791	-0.28191	0.90869	-3.38298
0.00000	0.00000	0.00000	1.00000

boidNo = 1
boid Wall No = 0
position = = (7.2, -5.8, -7.7)
Boid Radius= 12
Boid Frame=
 -0.79962	0.59843	-0.04989	7.18113
-0.40716	-0.47923	0.77753	-5.75072
-0.44139	-0.64205	-0.62686	-7.70458
0.00000	0.00000	0.00000	1.00000

boidNo = 2
boid Wall No = 0
position = = (-2.9, -6.2, 9.9)
Boid Radius= 12
Boid Frame=
 0.92355	-0.23871	0.30013	-2.86451
-0.38250	-0.51722	0.76562	-6.20666
0.02753	0.82189	0.56898	9.86265
0.00000	0.00000	0.00000	1.00000

boidNo = 3
boid Wall No = 1
position = = (0.6, 11.9, -1.5)
Boid Radius= 12
Boid Frame=
 -0.64803	0.04872	-0.76005	0.58469
-0.06314	0.99108	0.11737	11.89294
-0.75899	-0.12405	0.63918	-1.48863
0.00000	0.00000	0.00000	1.00000

boidNo = 4
boid Wall No = 1
position = = (4.6, 11.1, 0.5)
Boid Radius= 12
Boid Frame=
 0.12143	0.38709	-0.91401	4.64503
-0.00645	0.92112	0.38924	11.05338
-0.99258	0.04137	-0.11435	0.49649
0.00000	0.00000	0.00000	1.00000

boidNo = 5
boid Wall No = 1
position = = (5.3, 10.6, 1.9)
Boid Radius= 12
Boid Frame=
 0.43619	0.44498	-0.78214	5.33974
-0.05950	0.88154	0.46835	10.57846
-0.89789	0.15775	-0.41099	1.89298
0.00000	0.00000	0.00000	1.00000

boidNo = 6
boid Wall No = 0
position = = (-6.8, -9.5, 2.9)
Boid Radius= 12
Boid Frame=
 0.44747	-0.56676	-0.69178	-6.80109
-0.04794	-0.78763	0.61428	-9.45159
0.89301	0.24171	0.37961	2.90048
0.00000	0.00000	0.00000	1.00000

boidNo = 7
boid Wall No = 0
position = = (4.4, -7.3, -8.4)
Boid Radius= 12
Boid Frame=
 -0.92718	0.36992	-0.05908	4.43900
-0.29014	-0.60937	0.73790	-7.31239
-0.23696	-0.70131	-0.67232	-8.41572
0.00000	0.00000	0.00000	1.00000

boidNo = 8
boid Wall No = 0
position = = (5.7, -3.9, 9.8)
Boid Radius= 12
Boid Frame=
 0.64973	0.47759	0.59141	5.73108
-0.49362	-0.32657	0.80603	-3.91890
-0.57809	0.81563	-0.02357	9.78759
0.00000	0.00000	0.00000	1.00000

boidNo = 9
boid Wall No = 0
position = = (-1.4, -10.9, 4.8)
Boid Radius= 12
Boid Frame=
 0.97538	-0.11656	-0.18721	-1.39868
-0.02867	-0.90873	0.41640	-10.90478
0.21866	0.40078	0.88970	4.80932
0.00000	0.00000	0.00000	1.00000

boidNo = 10
boid Wall No = 0
position = = (-0.8, -11.3, 3.8)
Boid Radius= 12
Boid Frame=
 0.28135	-0.06259	-0.95756	-0.75102
0.28981	-0.94573	0.14697	-11.34880
0.91480	0.31886	0.24795	3.82632
0.00000	0.00000	0.00000	1.00000

boidNo = 11
boid Wall No = 1
position = = (-0.9, 12.0, 0.1)
Boid Radius= 12
Boid Frame=
 0.59489	-0.07257	0.80053	-0.87084
0.03418	0.99730	0.06501	11.96759
0.80308	0.01131	-0.59576	0.13567
0.00000	0.00000	0.00000	1.00000

boidNo = 12
boid Wall No = 0
position = = (0.1, -12.0, -0.1)
Boid Radius= 12
Boid Frame=
 -0.68224	0.00832	0.73108	0.09984
0.00033	-0.99993	0.01168	-11.99918
-0.73112	-0.00821	-0.68220	-0.09853
0.00000	0.00000	0.00000	1.00000

boidNo = 13
boid Wall No = 0
position = = (1.5, -11.8, 1.9)
Boid Radius= 12
Boid Frame=
 0.78190	0.12746	0.61024	1.52953
0.00327	-0.97970	0.20045	-11.75639
-0.62340	0.15474	0.76644	1.85683
0.00000	0.00000	0.00000	1.00000

boidNo = 14
boid Wall No = 0
position = = (3.4, -9.9, -5.9)
Boid Radius= 12
Boid Frame=
 -0.85178	0.28476	0.43976	3.41711
0.01874	-0.82229	0.56876	-9.86746
-0.52357	-0.49270	-0.69507	-5.91241
0.00000	0.00000	0.00000	1.00000

boidNo = 15
boid Wall No = 1
position = = (7.3, 9.5, 1.2)
Boid Radius= 12
Boid Frame=
 0.41198	0.60754	-0.67910	7.29043
-0.20512	0.78799	0.58052	9.45587
-0.88781	0.09987	-0.44925	1.19841
0.00000	0.00000	0.00000	1.00000

boidNo = 16
boid Wall No = 0
position = = (-8.8, -4.3, -7.0)
Boid Radius= 12
Boid Frame=
 0.38237	-0.72950	-0.56712	-8.75399
-0.92036	-0.35515	-0.16370	-4.26184
0.08200	-0.58455	0.80720	-7.01458
0.00000	0.00000	0.00000	1.00000

boidNo = 17
boid Wall No = 0
position = = (4.2, -8.9, 6.8)
Boid Radius= 12
Boid Frame=
 0.77717	0.34828	0.52413	4.17936
-0.11086	-0.74409	0.65882	-8.92905
-0.61945	0.57012	0.53967	6.84142
0.00000	0.00000	0.00000	1.00000

boidNo = 18
boid Wall No = 0
position = = (-3.1, -2.0, -11.4)
Boid Radius= 12
Boid Frame=
 -0.25480	-0.25645	-0.93237	-3.07734
-0.93874	-0.16576	0.30214	-1.98911
0.23203	-0.95224	0.19850	-11.42687
0.00000	0.00000	0.00000	1.00000

boidNo = 19
boid Wall No = 0
position = = (11.2, -2.3, -3.6)
Boid Radius= 12
Boid Frame=
 -0.33164	0.93393	-0.13341	11.20711
-0.77696	-0.19017	0.60014	-2.28204
-0.53512	-0.30268	-0.78869	-3.63220
0.00000	0.00000	0.00000	1.00000

boidNo = 20
boid Wall No = 1
position = = (-0.9, 10.5, 5.8)
Boid Radius= 12
Boid Frame=
 0.76340	-0.07143	0.64197	-0.85711
-0.26312	0.87328	0.41005	10.47939
0.58991	0.48195	-0.64787	5.78341
0.00000	0.00000	0.00000	1.00000

boidNo = 21
boid Wall No = 0
position = = (-1.5, -10.7, 5.1)
Boid Radius= 12
Boid Frame=
 0.99025	-0.12687	-0.05744	-1.52244
-0.08952	-0.89582	0.43531	-10.74980
0.10668	0.42593	0.89844	5.11117
0.00000	0.00000	0.00000	1.00000

boidNo = 22
boid Wall No = 1
position = = (-7.8, 3.4, 8.5)
Boid Radius= 12
Boid Frame=
 0.37581	-0.64856	0.66192	-7.78270
-0.68832	0.28289	0.66797	3.39466
0.62047	0.70664	0.34011	8.47973
0.00000	0.00000	0.00000	1.00000

boidNo = 23
boid Wall No = 0
position = = (-6.4, -2.8, -9.7)
Boid Radius= 12
Boid Frame=
 -0.25376	-0.53632	-0.80496	-6.43582
-0.87016	-0.23685	0.43212	-2.84222
0.42241	-0.81010	0.40658	-9.72122
0.00000	0.00000	0.00000	1.00000

boidNo = 24
boid Wall No = 0
position = = (3.2, -11.2, -2.7)
Boid Radius= 12
Boid Frame=
 -0.42815	0.26780	0.86312	3.21360
0.09364	-0.93680	0.33711	-11.24157
-0.89884	-0.22515	-0.37601	-2.70185
0.00000	0.00000	0.00000	1.00000

boidNo = 25
boid Wall No = 0
position = = (-10.5, -4.1, 4.0)
Boid Radius= 12
Boid Frame=
 0.47287	-0.87752	-0.07972	-10.53020
-0.50293	-0.34308	0.79332	-4.11700
0.72350	0.33505	0.60356	4.02059
0.00000	0.00000	0.00000	1.00000

boidNo = 26
boid Wall No = 1
position = = (3.0, 7.5, -8.9)
Boid Radius= 12
Boid Frame=
 -0.56793	0.25249	-0.78339	3.02994
-0.52417	0.62287	0.58076	7.47439
-0.63459	-0.74046	0.22139	-8.88555
0.00000	0.00000	0.00000	1.00000

boidNo = 27
boid Wall No = 1
position = = (-1.9, 11.5, -3.0)
Boid Radius= 12
Boid Frame=
 -0.75043	-0.15512	0.64249	-1.86148
0.05159	0.95535	0.29092	11.46425
0.65893	-0.25147	0.70893	-3.01761
0.00000	0.00000	0.00000	1.00000

boidNo = 28
boid Wall No = 0
position = = (10.5, -2.0, 5.4)
Boid Radius= 12
Boid Frame=
 -0.05423	0.87782	0.47591	10.53382
-0.96553	-0.16762	0.19916	-2.01148
-0.25460	0.44871	-0.85665	5.38447
0.00000	0.00000	0.00000	1.00000

boidNo = 29
boid Wall No = 1
position = = (6.4, 10.1, -0.8)
Boid Radius= 12
Boid Frame=
 0.25873	0.53567	-0.80382	6.42799
-0.24166	0.84158	0.48305	10.09900
-0.93523	-0.06928	-0.34719	-0.83130
0.00000	0.00000	0.00000	1.00000

