Iteration Num of Simuation:0
m_SimulationDeltaT of action plan:0
boidNo = 0
boid Wall No = 1
position = = (4.0, 9.2, -0.3)
Boid Radius= 10
Boid Frame=
 -0.05242	0.40086	-0.91464	4.00856
-0.01133	0.91560	0.40193	9.15602
-0.99856	-0.03143	0.04345	-0.31427
0.00000	0.00000	0.00000	1.00000

boidNo = 1
boid Wall No = 0
position = = (1.8, -9.8, -0.2)
Boid Radius= 10
Boid Frame=
 -0.19275	0.18288	0.96406	1.82878
-0.01109	-0.98282	0.18422	-9.82822
-0.98119	-0.02482	-0.19146	-0.24816
0.00000	0.00000	0.00000	1.00000

boidNo = 2
boid Wall No = 1
position = = (-6.5, 4.7, -5.9)
Boid Radius= 10
Boid Frame=
 -0.69794	-0.65291	-0.29428	-6.52906
-0.67869	0.47183	0.56280	4.71834
0.22861	-0.59253	0.77243	-5.92526
0.00000	0.00000	0.00000	1.00000

boidNo = 3
boid Wall No = 0
position = = (-7.2, -5.7, 4.0)
Boid Radius= 10
Boid Frame=
 0.57750	-0.72308	0.37901	-7.23081
-0.80987	-0.56599	0.15419	-5.65989
-0.10303	0.39599	0.91246	3.95992
0.00000	0.00000	0.00000	1.00000

boidNo = 4
boid Wall No = 0
position = = (-1.0, -9.5, -3.1)
Boid Radius= 10
Boid Frame=
 -0.98439	-0.10279	-0.14289	-1.02794
0.05206	-0.94546	0.32155	-9.45462
0.16815	-0.30909	-0.93605	-3.09087
0.00000	0.00000	0.00000	1.00000

boidNo = 5
boid Wall No = 1
position = = (-6.6, 7.6, -0.1)
Boid Radius= 10
Boid Frame=
 -0.33549	-0.65524	0.67684	-6.55242
-0.27688	0.75533	0.59399	7.55326
0.90044	-0.01187	0.43483	-0.11873
0.00000	0.00000	0.00000	1.00000

boidNo = 6
boid Wall No = 1
position = = (-3.0, 3.0, 9.0)
Boid Radius= 10
Boid Frame=
 0.59262	-0.30268	0.74645	-3.02685
-0.68440	0.29943	0.66478	2.99432
0.42473	0.90483	0.02971	9.04833
0.00000	0.00000	0.00000	1.00000

boidNo = 7
boid Wall No = 1
position = = (6.2, 7.7, 1.2)
Boid Radius= 10
Boid Frame=
 0.52062	0.62215	-0.58471	6.22149
-0.29692	0.77403	0.55922	7.74027
-0.80050	0.11753	-0.58770	1.17529
0.00000	0.00000	0.00000	1.00000

boidNo = 8
boid Wall No = 0
position = = (8.0, -5.1, -3.3)
Boid Radius= 10
Boid Frame=
 -0.58578	0.79779	0.14284	7.97786
-0.52338	-0.50692	0.68491	-5.06924
-0.61882	-0.32644	-0.71449	-3.26444
0.00000	0.00000	0.00000	1.00000

boidNo = 9
boid Wall No = 1
position = = (-3.4, 9.4, 0.6)
Boid Radius= 10
Boid Frame=
 -0.21725	-0.33615	0.91641	-3.36146
-0.13438	0.94019	0.31301	9.40194
0.96682	0.05515	0.24943	0.55146
0.00000	0.00000	0.00000	1.00000

boidNo = 10
boid Wall No = 1
position = = (-6.2, 6.9, 3.7)
Boid Radius= 10
Boid Frame=
 0.21041	-0.62115	0.75492	-6.21149
-0.30743	0.69099	0.65423	6.90989
0.92802	0.36974	0.04557	3.69740
0.00000	0.00000	0.00000	1.00000

boidNo = 11
boid Wall No = 0
position = = (2.9, -0.3, 9.6)
Boid Radius= 10
Boid Frame=
 0.51817	0.29313	0.80347	2.93134
-0.83574	-0.02611	0.54851	-0.26111
-0.18177	0.95571	-0.23145	9.55715
0.00000	0.00000	0.00000	1.00000

boidNo = 12
boid Wall No = 0
position = = (0.0, -9.9, -1.3)
Boid Radius= 10
Boid Frame=
 -0.99818	-0.00039	-0.06026	-0.00395
-0.00748	-0.99143	0.13044	-9.91427
0.05980	-0.13066	-0.98962	-1.30659
0.00000	0.00000	0.00000	1.00000

boidNo = 13
boid Wall No = 1
position = = (9.1, 3.6, -2.3)
Boid Radius= 10
Boid Frame=
 0.24479	0.90591	-0.34555	9.05912
-0.88187	0.35615	0.30898	3.56146
-0.40298	-0.22909	-0.88607	-2.29092
0.00000	0.00000	0.00000	1.00000

boidNo = 14
boid Wall No = 0
position = = (-7.5, -2.1, 6.3)
Boid Radius= 10
Boid Frame=
 0.45575	-0.74908	0.48080	-7.49081
-0.85093	-0.20816	0.48227	-2.08164
0.26117	0.62892	0.73229	6.28925
0.00000	0.00000	0.00000	1.00000

boidNo = 15
boid Wall No = 1
position = = (2.0, 3.2, 9.3)
Boid Radius= 10
Boid Frame=
 0.80839	0.19983	0.55369	1.99830
-0.58794	0.32033	0.74277	3.20335
0.02894	0.92599	-0.37644	9.25988
0.00000	0.00000	0.00000	1.00000

boidNo = 16
boid Wall No = 0
position = = (0.5, -9.9, 1.5)
Boid Radius= 10
Boid Frame=
 0.87658	0.04999	0.47866	0.49990
-0.02827	-0.98752	0.15491	-9.87525
-0.48043	0.14932	0.86423	1.49318
0.00000	0.00000	0.00000	1.00000

boidNo = 17
boid Wall No = 0
position = = (6.8, -5.1, 5.2)
Boid Radius= 10
Boid Frame=
 -0.15878	0.67977	0.71603	6.79770
-0.79918	-0.51434	0.31108	-5.14340
-0.57974	0.52285	-0.62492	5.22845
0.00000	0.00000	0.00000	1.00000

boidNo = 18
boid Wall No = 1
position = = (-2.1, 6.0, -7.7)
Boid Radius= 10
Boid Frame=
 -0.82962	-0.21078	-0.51701	-2.10784
-0.52642	0.60387	0.59852	6.03865
-0.18604	-0.76871	0.61194	-7.68712
0.00000	0.00000	0.00000	1.00000

boidNo = 19
boid Wall No = 1
position = = (9.9, 0.7, 0.9)
Boid Radius= 10
Boid Frame=
 0.11352	0.99342	0.01492	9.93424
-0.67874	0.06657	0.73135	0.66575
-0.72555	0.09315	-0.68184	0.93146
0.00000	0.00000	0.00000	1.00000

