Iteration Num of Simuation:0
m_SimulationDeltaT of action plan:0
boidNo = 0
boid Wall No = 0
position = = (-0.1, -10.0, 0.0)
Boid Radius= 10
Boid Frame=
 -0.01490	-0.00657	-0.99987	-0.06565
-0.00068	-0.99998	0.00658	-9.99978
0.99989	-0.00078	-0.01490	-0.00778
0.00000	0.00000	0.00000	1.00000

boidNo = 1
boid Wall No = 0
position = = (8.3, -5.2, 2.1)
Boid Radius= 10
Boid Frame=
 -0.00244	0.82954	0.55844	8.29540
-0.37798	-0.51778	0.76749	-5.17782
-0.92581	0.20920	-0.31481	2.09202
0.00000	0.00000	0.00000	1.00000

boidNo = 2
boid Wall No = 0
position = = (-4.7, -2.3, -8.5)
Boid Radius= 10
Boid Frame=
 -0.31900	-0.47070	-0.82260	-4.70703
-0.85723	-0.22688	0.46225	-2.26885
0.40422	-0.85262	0.33112	-8.52621
0.00000	0.00000	0.00000	1.00000

boidNo = 3
boid Wall No = 0
position = = (3.7, -8.5, -3.7)
Boid Radius= 10
Boid Frame=
 -0.76388	0.36673	0.53103	3.66734
-0.04621	-0.85181	0.52181	-8.51812
-0.64370	-0.37406	-0.66763	-3.74062
0.00000	0.00000	0.00000	1.00000

boidNo = 4
boid Wall No = 1
position = = (1.4, 8.0, -5.9)
Boid Radius= 9.999999
Boid Frame=
 -0.84621	0.13959	-0.51425	1.39585
-0.21256	0.79654	0.56599	7.96537
-0.48862	-0.58826	0.64436	-5.88255
0.00000	0.00000	0.00000	1.00000

boidNo = 5
boid Wall No = 1
position = = (7.9, 0.3, -6.1)
Boid Radius= 10
Boid Frame=
 -0.43907	0.79320	-0.42195	7.93204
-0.66591	0.02797	0.74550	0.27972
-0.60314	-0.60831	-0.51592	-6.08313
0.00000	0.00000	0.00000	1.00000

boidNo = 6
boid Wall No = 1
position = = (-7.4, 1.8, -6.5)
Boid Radius= 10
Boid Frame=
 -0.56816	-0.73975	-0.36052	-7.39749
-0.68405	0.18100	0.70662	1.81003
0.45747	-0.64808	0.60886	-6.48082
0.00000	0.00000	0.00000	1.00000

boidNo = 7
boid Wall No = 0
position = = (-0.2, -10.0, 0.6)
Boid Radius= 10
Boid Frame=
 0.90179	-0.02386	-0.43151	-0.23860
0.00559	-0.99775	0.06685	-9.97748
0.43213	0.06269	0.89963	0.62693
0.00000	0.00000	0.00000	1.00000

boidNo = 8
boid Wall No = 1
position = = (4.5, 8.9, 0.7)
Boid Radius= 9.999999
Boid Frame=
 0.87154	0.45258	-0.18863	4.52581
-0.42318	0.88862	0.17681	8.88624
-0.24764	0.07428	-0.96600	0.74277
0.00000	0.00000	0.00000	1.00000

boidNo = 9
boid Wall No = 1
position = = (6.2, 2.5, 7.4)
Boid Radius= 10
Boid Frame=
 0.60373	0.62358	0.49665	6.23576
-0.75435	0.24541	0.60887	2.45407
-0.25780	0.74225	-0.61856	7.42245
0.00000	0.00000	0.00000	1.00000

