Iteration Num of Simuation:0
m_SimulationDeltaT of action plan:0
boidNo = 0
boid Wall No = 1
position = = (-4.0, 5.4, -7.4)
Boid Radius= 10
Boid Frame=
 -0.80362	-0.39931	-0.44129	-3.99314
-0.59514	0.54075	0.59448	5.40745
-0.00124	-0.74037	0.67220	-7.40367
0.00000	0.00000	0.00000	1.00000

boidNo = 1
boid Wall No = 0
position = = (0.1, -8.9, 4.5)
Boid Radius= 10
Boid Frame=
 0.86921	0.00656	-0.49439	0.06558
0.22991	-0.89059	0.39241	-8.90593
0.43773	0.45475	0.77562	4.54754
0.00000	0.00000	0.00000	1.00000

boidNo = 2
boid Wall No = 1
position = = (-3.7, 9.3, 0.4)
Boid Radius= 9.999999
Boid Frame=
 -0.76718	-0.36979	0.52412	-3.69787
-0.33116	0.92812	0.17008	9.28117
0.54934	0.04308	0.83449	0.43084
0.00000	0.00000	0.00000	1.00000

boidNo = 3
boid Wall No = 1
position = = (3.7, 3.7, -8.5)
Boid Radius= 10
Boid Frame=
 -0.60639	0.37107	-0.70328	3.71074
-0.59679	0.37209	0.71090	3.72094
-0.52548	-0.85079	0.00418	-8.50794
0.00000	0.00000	0.00000	1.00000

boidNo = 4
boid Wall No = 1
position = = (1.1, 9.8, -1.5)
Boid Radius= 10
Boid Frame=
 -0.76676	0.10752	-0.63287	1.07520
-0.01615	0.98233	0.18646	9.82329
-0.64173	-0.15320	0.75147	-1.53196
0.00000	0.00000	0.00000	1.00000

boidNo = 5
boid Wall No = 1
position = = (-1.1, 4.2, -9.0)
Boid Radius= 10
Boid Frame=
 -0.66259	-0.11042	-0.74080	-1.10425
-0.70565	0.42357	0.56801	4.23572
-0.25106	-0.89911	0.35857	-8.99107
0.00000	0.00000	0.00000	1.00000

boidNo = 6
boid Wall No = 0
position = = (-5.0, -2.0, 8.5)
Boid Radius= 10
Boid Frame=
 -0.05479	-0.49686	0.86610	-4.96856
-0.96520	-0.19580	-0.17338	-1.95797
-0.25573	0.84546	0.46884	8.45457
0.00000	0.00000	0.00000	1.00000

boidNo = 7
boid Wall No = 0
position = = (0.6, -9.6, -2.6)
Boid Radius= 10
Boid Frame=
 -0.92836	0.06016	0.36677	0.60161
0.04175	-0.96369	0.26375	-9.63687
-0.36932	-0.26017	-0.89214	-2.60169
0.00000	0.00000	0.00000	1.00000

boidNo = 8
boid Wall No = 1
position = = (1.2, 9.8, -1.7)
Boid Radius= 10
Boid Frame=
 -0.54330	0.12292	-0.83049	1.22916
-0.08061	0.97702	0.19733	9.77017
-0.83566	-0.17415	0.52091	-1.74155
0.00000	0.00000	0.00000	1.00000

boidNo = 9
boid Wall No = 1
position = = (3.4, 8.8, -3.4)
Boid Radius= 10
Boid Frame=
 -0.15508	0.34164	-0.92695	3.41638
-0.30084	0.87740	0.37371	8.77404
-0.94098	-0.33682	0.03329	-3.36817
0.00000	0.00000	0.00000	1.00000

