Iteration Num of Simuation:0
m_SimulationDeltaT of action plan:0
boidNo = 0
boid Wall No = 1
position = = (-0.4, 10.0, 0.4)
Boid Radius= 10
Boid Frame=
 0.57379	-0.04344	0.81785	-0.43440
-0.00971	0.99816	0.05983	9.98161
0.81895	0.04227	-0.57231	0.42269
0.00000	0.00000	0.00000	1.00000

boidNo = 1
boid Wall No = 1
position = = (7.3, 6.5, 2.0)
Boid Radius= 10
Boid Frame=
 0.55536	0.72936	-0.39951	7.29362
-0.39428	0.65391	0.64571	6.53910
-0.73220	0.20108	-0.65073	2.01080
0.00000	0.00000	0.00000	1.00000

boidNo = 2
boid Wall No = 1
position = = (1.9, 9.4, 2.9)
Boid Radius= 10
Boid Frame=
 0.79040	0.19364	-0.58117	1.93642
0.02535	0.93757	0.34687	9.37569
-0.61206	0.28891	-0.73615	2.88905
0.00000	0.00000	0.00000	1.00000

boidNo = 3
boid Wall No = 0
position = = (-3.8, -9.2, 0.4)
Boid Radius= 9.999999
Boid Frame=
 -0.19846	-0.37878	-0.90396	-3.78778
0.11985	-0.92476	0.36118	-9.24761
0.97275	0.03666	-0.22893	0.36662
0.00000	0.00000	0.00000	1.00000

boidNo = 4
boid Wall No = 0
position = = (0.6, -4.6, 8.9)
Boid Radius= 10
Boid Frame=
 0.46414	0.06117	0.88365	0.61173
-0.77206	-0.46106	0.43744	-4.61057
-0.43417	0.88526	0.16676	8.85260
0.00000	0.00000	0.00000	1.00000

boidNo = 5
boid Wall No = 0
position = = (-9.0, -3.4, -2.8)
Boid Radius= 10
Boid Frame=
 -0.05197	-0.89862	-0.43564	-8.98618
-0.54820	-0.33896	0.76458	-3.38960
0.83473	-0.27855	0.47501	-2.78553
0.00000	0.00000	0.00000	1.00000

boidNo = 6
boid Wall No = 1
position = = (-8.7, 2.7, 4.2)
Boid Radius= 10
Boid Frame=
 0.16918	-0.86840	0.46610	-8.68403
-0.63580	0.26519	0.72486	2.65193
0.75308	0.41898	0.50727	4.18985
0.00000	0.00000	0.00000	1.00000

boidNo = 7
boid Wall No = 0
position = = (-0.8, -10.0, -0.1)
Boid Radius= 10
Boid Frame=
 -0.03676	-0.07782	-0.99629	-0.77816
-0.00307	-0.99695	0.07798	-9.96950
0.99932	-0.00592	-0.03641	-0.05921
0.00000	0.00000	0.00000	1.00000

boidNo = 8
boid Wall No = 1
position = = (0.0, 9.8, -2.2)
Boid Radius= 10
Boid Frame=
 -0.96641	0.00206	-0.25700	0.02060
-0.05376	0.97623	0.20999	9.76225
-0.25132	-0.21675	0.94332	-2.16749
0.00000	0.00000	0.00000	1.00000

boidNo = 9
boid Wall No = 1
position = = (-6.0, 5.5, 5.8)
Boid Radius= 10
Boid Frame=
 0.32809	-0.59803	0.73125	-5.98025
-0.49358	0.55149	0.67248	5.51494
0.80544	0.58157	0.11423	5.81567
0.00000	0.00000	0.00000	1.00000

boidNo = 10
boid Wall No = 0
position = = (2.8, -8.6, 4.2)
Boid Radius= 10
Boid Frame=
 0.76714	0.28376	0.57530	2.83759
-0.05631	-0.86359	0.50104	-8.63593
-0.63900	0.41676	0.64652	4.16760
0.00000	0.00000	0.00000	1.00000

boidNo = 11
boid Wall No = 0
position = = (0.6, -10.0, 0.4)
Boid Radius= 10
Boid Frame=
 0.52447	0.06100	0.84924	0.61004
-0.00587	-0.99715	0.07525	-9.97147
-0.85141	0.04445	0.52261	0.44453
0.00000	0.00000	0.00000	1.00000

boidNo = 12
boid Wall No = 1
position = = (1.4, 6.9, 7.1)
Boid Radius= 10
Boid Frame=
 0.90096	0.14205	0.40999	1.42049
-0.38821	0.68595	0.61544	6.85952
0.19381	0.71365	-0.67316	7.13647
0.00000	0.00000	0.00000	1.00000

boidNo = 13
boid Wall No = 0
position = = (-2.8, -9.6, 0.7)
Boid Radius= 10
Boid Frame=
 0.10149	-0.28451	-0.95329	-2.84506
0.04623	-0.95585	0.29019	-9.55851
0.99376	0.07352	0.08386	0.73524
0.00000	0.00000	0.00000	1.00000

boidNo = 14
boid Wall No = 1
position = = (9.4, 3.3, 0.5)
Boid Radius= 9.999999
Boid Frame=
 0.25078	0.94433	-0.21294	9.44334
-0.61417	0.32524	0.71904	3.25237
-0.74827	0.04954	-0.66154	0.49535
0.00000	0.00000	0.00000	1.00000

boidNo = 15
boid Wall No = 1
position = = (-2.9, 9.5, -0.7)
Boid Radius= 10
Boid Frame=
 -0.17997	-0.28876	0.94033	-2.88765
0.02028	0.95465	0.29704	9.54649
0.98346	-0.07253	0.16595	-0.72529
0.00000	0.00000	0.00000	1.00000

boidNo = 16
boid Wall No = 1
position = = (2.8, 8.9, 3.6)
Boid Radius= 10
Boid Frame=
 0.87858	0.28473	-0.38344	2.84729
-0.09359	0.88993	0.44638	8.89934
-0.46834	0.35630	-0.80853	3.56298
0.00000	0.00000	0.00000	1.00000

boidNo = 17
boid Wall No = 0
position = = (-6.7, -7.1, 2.4)
Boid Radius= 10
Boid Frame=
 0.74471	-0.66735	0.00675	-6.67352
-0.63605	-0.70664	0.31000	-7.06643
0.20211	0.23515	0.95071	2.35152
0.00000	0.00000	0.00000	1.00000

boidNo = 18
boid Wall No = 0
position = = (5.7, -2.5, -7.8)
Boid Radius= 10
Boid Frame=
 -0.66377	0.56590	-0.48904	5.65899
-0.70467	-0.25402	0.66251	-2.54019
-0.25069	-0.78437	-0.56738	-7.84368
0.00000	0.00000	0.00000	1.00000

boidNo = 19
boid Wall No = 1
position = = (8.2, 4.7, -3.4)
Boid Radius= 10
Boid Frame=
 0.01287	0.81610	-0.57776	8.16103
-0.60355	0.46702	0.64623	4.67021
-0.79722	-0.34039	-0.49857	-3.40394
0.00000	0.00000	0.00000	1.00000

boidNo = 20
boid Wall No = 0
position = = (3.2, -6.7, -6.7)
Boid Radius= 10
Boid Frame=
 -0.93087	0.32404	-0.16879	3.24036
-0.35205	-0.67194	0.65158	-6.71936
-0.09772	-0.66596	-0.73956	-6.65960
0.00000	0.00000	0.00000	1.00000

boidNo = 21
boid Wall No = 0
position = = (-5.5, -6.5, 5.3)
Boid Radius= 10
Boid Frame=
 0.80803	-0.54989	-0.21145	-5.49885
-0.25066	-0.64569	0.72128	-6.45694
0.53316	0.52982	0.65957	5.29816
0.00000	0.00000	0.00000	1.00000

boidNo = 22
boid Wall No = 1
position = = (5.8, 7.7, -2.6)
Boid Radius= 9.999999
Boid Frame=
 -0.04201	0.57693	-0.81571	5.76929
-0.28861	0.77462	0.56273	7.74622
-0.95653	-0.25906	-0.13396	-2.59064
0.00000	0.00000	0.00000	1.00000

boidNo = 23
boid Wall No = 1
position = = (-8.0, 0.7, -6.0)
Boid Radius= 10
Boid Frame=
 -0.41001	-0.79933	-0.43928	-7.99331
-0.79084	0.07161	0.60782	0.71615
0.45439	-0.59661	0.66150	-5.96609
0.00000	0.00000	0.00000	1.00000

boidNo = 24
boid Wall No = 1
position = = (-2.5, 9.7, -0.1)
Boid Radius= 10
Boid Frame=
 -0.19651	-0.25433	0.94694	-2.54325
-0.04548	0.96710	0.25030	9.67099
0.97945	-0.00612	0.20161	-0.06122
0.00000	0.00000	0.00000	1.00000

boidNo = 25
boid Wall No = 0
position = = (-4.4, -8.0, -4.1)
Boid Radius= 10
Boid Frame=
 -0.61711	-0.43774	-0.65388	-4.37742
-0.06450	-0.80004	0.59646	-8.00044
0.78423	-0.41026	-0.46548	-4.10259
0.00000	0.00000	0.00000	1.00000

boidNo = 26
boid Wall No = 1
position = = (-6.2, 3.2, -7.2)
Boid Radius= 9.999999
Boid Frame=
 -0.67654	-0.61641	-0.40290	-6.16411
-0.68220	0.31860	0.65810	3.18601
0.27730	-0.72009	0.63606	-7.20091
0.00000	0.00000	0.00000	1.00000

boidNo = 27
boid Wall No = 0
position = = (-9.4, -0.2, 3.5)
Boid Radius= 10
Boid Frame=
 0.27055	-0.93506	0.22906	-9.35059
-0.68442	-0.01949	0.72883	-0.19487
0.67704	0.35396	0.64524	3.53956
0.00000	0.00000	0.00000	1.00000

boidNo = 28
boid Wall No = 1
position = = (-2.2, 9.8, -0.2)
Boid Radius= 10
Boid Frame=
 0.06166	-0.22057	0.97342	-2.20572
0.03779	0.97509	0.21856	9.75092
0.99738	-0.02331	-0.06846	-0.23310
0.00000	0.00000	0.00000	1.00000

boidNo = 29
boid Wall No = 0
position = = (0.6, -4.1, 9.1)
Boid Radius= 10
Boid Frame=
 0.73164	0.05752	0.67926	0.57516
-0.60131	-0.41496	0.68282	-4.14956
-0.32114	0.90802	0.26901	9.08022
0.00000	0.00000	0.00000	1.00000

boidNo = 30
boid Wall No = 1
position = = (8.4, 3.0, 4.6)
Boid Radius= 10
Boid Frame=
 0.53762	0.83644	0.10643	8.36442
-0.60976	0.29850	0.73423	2.98502
-0.58237	0.45963	-0.67051	4.59632
0.00000	0.00000	0.00000	1.00000

boidNo = 31
boid Wall No = 1
position = = (-4.4, 7.9, -4.3)
Boid Radius= 10
Boid Frame=
 -0.85960	-0.44429	0.25238	-4.44292
-0.23799	0.78520	0.57168	7.85200
0.45216	-0.43135	0.78070	-4.31353
0.00000	0.00000	0.00000	1.00000

boidNo = 32
boid Wall No = 1
position = = (-6.1, 7.6, -2.4)
Boid Radius= 10
Boid Frame=
 -0.65317	-0.60554	0.45464	-6.05538
-0.30428	0.75969	0.57470	7.59695
0.69339	-0.23704	0.68046	-2.37041
0.00000	0.00000	0.00000	1.00000

boidNo = 33
boid Wall No = 1
position = = (-2.7, 8.4, 4.7)
Boid Radius= 10
Boid Frame=
 0.73347	-0.27327	0.62237	-2.73271
-0.13203	0.84091	0.52483	8.40908
0.66678	0.46712	-0.58070	4.67117
0.00000	0.00000	0.00000	1.00000

boidNo = 34
boid Wall No = 0
position = = (-0.8, -8.7, -4.9)
Boid Radius= 10
Boid Frame=
 -0.99658	-0.08198	0.01005	-0.81979
0.07631	-0.86736	0.49180	-8.67360
0.03160	-0.49088	-0.87065	-4.90883
0.00000	0.00000	0.00000	1.00000

boidNo = 35
boid Wall No = 1
position = = (4.1, 7.6, 5.0)
Boid Radius= 10
Boid Frame=
 0.90313	0.40848	-0.13232	4.08479
-0.25657	0.76050	0.59650	7.60501
-0.34429	0.50476	-0.79163	5.04760
0.00000	0.00000	0.00000	1.00000

boidNo = 36
boid Wall No = 0
position = = (7.8, -5.0, -3.8)
Boid Radius= 10
Boid Frame=
 -0.60478	0.78238	0.14877	7.82375
-0.45956	-0.49541	0.73713	-4.95413
-0.65042	-0.37743	-0.65917	-3.77432
0.00000	0.00000	0.00000	1.00000

boidNo = 37
boid Wall No = 1
position = = (4.1, 7.9, 4.5)
Boid Radius= 10
Boid Frame=
 0.89076	0.41279	-0.19011	4.12792
-0.24853	0.79267	0.55669	7.92675
-0.38049	0.44863	-0.80868	4.48631
0.00000	0.00000	0.00000	1.00000

boidNo = 38
boid Wall No = 1
position = = (-7.9, 1.3, 6.1)
Boid Radius= 10
Boid Frame=
 0.39864	-0.78595	0.47262	-7.85952
-0.64431	0.12672	0.75419	1.26725
0.65265	0.60516	0.45588	6.05162
0.00000	0.00000	0.00000	1.00000

boidNo = 39
boid Wall No = 0
position = = (-8.0, -4.3, -4.3)
Boid Radius= 10
Boid Frame=
 -0.15829	-0.79523	-0.58529	-7.95226
-0.53616	-0.42853	0.72725	-4.28531
0.82914	-0.42893	0.35854	-4.28925
0.00000	0.00000	0.00000	1.00000

boidNo = 40
boid Wall No = 1
position = = (-1.4, 9.7, 1.8)
Boid Radius= 10
Boid Frame=
 0.65338	-0.14101	0.74378	-1.41014
-0.04861	0.97266	0.22710	9.72657
0.75547	0.18454	-0.62866	1.84538
0.00000	0.00000	0.00000	1.00000

boidNo = 41
boid Wall No = 0
position = = (0.5, -10.0, -0.4)
Boid Radius= 10
Boid Frame=
 -0.59315	0.05311	0.80334	0.53109
0.00170	-0.99774	0.06722	-9.97737
-0.80509	-0.04124	-0.59172	-0.41237
0.00000	0.00000	0.00000	1.00000

boidNo = 42
boid Wall No = 0
position = = (-2.3, -8.7, 4.3)
Boid Radius= 10
Boid Frame=
 0.84260	-0.23124	-0.48636	-2.31239
0.04071	-0.87319	0.48568	-8.73191
0.53700	0.42903	0.72634	4.29030
0.00000	0.00000	0.00000	1.00000

boidNo = 43
boid Wall No = 0
position = = (-0.6, -10.0, -0.3)
Boid Radius= 10
Boid Frame=
 -0.48767	-0.05547	-0.87126	-0.55465
-0.00099	-0.99794	0.06408	-9.97944
0.87303	-0.03212	-0.48662	-0.32116
0.00000	0.00000	0.00000	1.00000

boidNo = 44
boid Wall No = 1
position = = (-1.5, 8.8, 4.4)
Boid Radius= 10
Boid Frame=
 0.88357	-0.15181	0.44301	-1.51806
-0.07957	0.88358	0.46148	8.83575
0.46149	0.44300	-0.76862	4.43001
0.00000	0.00000	0.00000	1.00000

boidNo = 45
boid Wall No = 1
position = = (0.8, 9.9, 0.7)
Boid Radius= 10
Boid Frame=
 0.55683	0.07783	-0.82697	0.77829
0.01718	0.99431	0.10515	9.94308
-0.83045	0.07276	-0.55232	0.72760
0.00000	0.00000	0.00000	1.00000

boidNo = 46
boid Wall No = 0
position = = (-0.8, -8.4, -5.3)
Boid Radius= 10
Boid Frame=
 -0.98223	-0.08067	-0.16945	-0.80670
-0.02349	-0.84295	0.53748	-8.42949
0.18619	-0.53191	-0.82608	-5.31911
0.00000	0.00000	0.00000	1.00000

boidNo = 47
boid Wall No = 1
position = = (1.0, 9.7, -2.4)
Boid Radius= 10
Boid Frame=
 -0.90466	0.10021	-0.41418	1.00209
-0.01041	0.96647	0.25657	9.66471
-0.42600	-0.23642	0.87329	-2.36417
0.00000	0.00000	0.00000	1.00000

boidNo = 48
boid Wall No = 0
position = = (-6.9, -5.8, -4.3)
Boid Radius= 10
Boid Frame=
 -0.28344	-0.69263	-0.66327	-6.92633
-0.32835	-0.57973	0.74572	-5.79733
0.90103	-0.42915	0.06311	-4.29150
0.00000	0.00000	0.00000	1.00000

boidNo = 49
boid Wall No = 1
position = = (0.7, 10.0, -0.2)
Boid Radius= 10
Boid Frame=
 0.43905	0.07193	-0.89558	0.71933
-0.04724	0.99726	0.05694	9.97259
-0.89722	-0.01731	-0.44124	-0.17313
0.00000	0.00000	0.00000	1.00000

