Iteration Num of Simuation:0
m_SimulationDeltaT of action plan:0
boidNo = 0
boid Wall No = 1
position = = (2.1, 7.7, 6.0)
Boid Radius= 10
Boid Frame=
 0.69105	0.21068	0.69143	2.10676
-0.55263	0.77057	0.31753	7.70570
0.46590	0.60153	-0.64893	6.01530
0.00000	0.00000	0.00000	1.00000

boidNo = 1
boid Wall No = 0
position = = (3.5, -5.5, 7.6)
Boid Radius= 10
Boid Frame=
 0.71949	0.35401	0.59750	3.54009
-0.35573	-0.55106	0.75484	-5.51064
-0.59648	0.75565	0.27055	7.55650
0.00000	0.00000	0.00000	1.00000

boidNo = 2
boid Wall No = 0
position = = (0.3, -8.7, -5.0)
Boid Radius= 10
Boid Frame=
 -0.92511	0.02809	-0.37865	0.28085
-0.21135	-0.86658	0.45208	-8.66576
0.31544	-0.49825	-0.80762	-4.98254
0.00000	0.00000	0.00000	1.00000

boidNo = 3
boid Wall No = 1
position = = (-8.5, 4.9, -2.1)
Boid Radius= 9.999999
Boid Frame=
 -0.53176	-0.84517	0.05398	-8.45173
-0.73158	0.49053	0.47347	4.90531
0.42664	-0.21228	0.87915	-2.12280
0.00000	0.00000	0.00000	1.00000

boidNo = 4
boid Wall No = 1
position = = (-3.2, 6.1, 7.3)
Boid Radius= 10
Boid Frame=
 0.47740	-0.31950	0.81854	-3.19503
-0.56124	0.60589	0.56383	6.05887
0.67609	0.72857	-0.10993	7.28573
0.00000	0.00000	0.00000	1.00000

boidNo = 5
boid Wall No = 1
position = = (3.4, 9.3, 1.1)
Boid Radius= 10
Boid Frame=
 0.73167	0.34158	-0.58991	3.41579
-0.18960	0.93322	0.30521	9.33220
-0.65476	0.11146	-0.74757	1.11462
0.00000	0.00000	0.00000	1.00000

boidNo = 6
boid Wall No = 1
position = = (0.2, 5.6, 8.3)
Boid Radius= 10
Boid Frame=
 0.85115	0.02314	0.52442	0.23136
-0.44435	0.56363	0.69633	5.63633
0.27947	0.82570	-0.49002	8.25701
0.00000	0.00000	0.00000	1.00000

boidNo = 7
boid Wall No = 0
position = = (5.4, -8.3, -1.3)
Boid Radius= 10
Boid Frame=
 -0.41793	0.53661	0.73307	5.36605
-0.13143	-0.83414	0.53566	-8.34142
-0.89892	-0.12752	-0.41913	-1.27521
0.00000	0.00000	0.00000	1.00000

boidNo = 8
boid Wall No = 0
position = = (0.4, -10.0, 0.4)
Boid Radius= 10
Boid Frame=
 0.77018	0.03669	0.63677	0.36695
0.00535	-0.99868	0.05107	-9.98681
-0.63781	0.03593	0.76936	0.35927
0.00000	0.00000	0.00000	1.00000

boidNo = 9
boid Wall No = 1
position = = (-7.6, 0.4, 6.5)
Boid Radius= 10
Boid Frame=
 0.45038	-0.75927	0.46976	-7.59268
-0.68672	0.04166	0.72572	0.41660
0.57059	0.64944	0.50264	6.49444
0.00000	0.00000	0.00000	1.00000

boidNo = 10
boid Wall No = 0
position = = (4.3, -8.8, 2.1)
Boid Radius= 10
Boid Frame=
 0.40847	0.43145	0.80437	4.31448
-0.01450	-0.87806	0.47834	-8.78056
-0.91266	0.20705	0.35240	2.07052
0.00000	0.00000	0.00000	1.00000

boidNo = 11
boid Wall No = 0
position = = (0.5, -7.3, 6.8)
Boid Radius= 10
Boid Frame=
 0.97201	0.05293	0.22888	0.52934
-0.11779	-0.73317	0.66977	-7.33172
-0.20327	0.67798	0.70642	6.77981
0.00000	0.00000	0.00000	1.00000

boidNo = 12
boid Wall No = 0
position = = (0.3, -4.0, -9.1)
Boid Radius= 10
Boid Frame=
 -0.84987	0.02621	-0.52634	0.26210
-0.49075	-0.40337	0.77231	-4.03369
0.19207	-0.91466	-0.35567	-9.14662
0.00000	0.00000	0.00000	1.00000

boidNo = 13
boid Wall No = 0
position = = (2.7, -2.5, 9.3)
Boid Radius= 10
Boid Frame=
 0.75690	0.26644	0.59675	2.66439
-0.54546	-0.24538	0.80141	-2.45384
-0.35996	0.93209	0.04040	9.32093
0.00000	0.00000	0.00000	1.00000

boidNo = 14
boid Wall No = 1
position = = (9.3, 0.5, -3.6)
Boid Radius= 10
Boid Frame=
 -0.24370	0.93299	-0.26482	9.32994
-0.64985	0.04560	0.75870	0.45605
-0.71994	-0.35699	-0.59519	-3.56992
0.00000	0.00000	0.00000	1.00000

boidNo = 15
boid Wall No = 1
position = = (-3.0, 4.4, 8.4)
Boid Radius= 10
Boid Frame=
 0.68121	-0.30465	0.66569	-3.04647
-0.51661	0.44425	0.73196	4.44251
0.51872	0.84252	-0.14525	8.42515
0.00000	0.00000	0.00000	1.00000

boidNo = 16
boid Wall No = 1
position = = (7.5, 4.9, -4.4)
Boid Radius= 10
Boid Frame=
 0.24959	0.75005	-0.61248	7.50051
-0.82765	0.49358	0.26717	4.93579
-0.50270	-0.44023	-0.74397	-4.40231
0.00000	0.00000	0.00000	1.00000

boidNo = 17
boid Wall No = 1
position = = (-3.2, 8.7, -3.7)
Boid Radius= 10
Boid Frame=
 -0.91279	-0.32004	0.25375	-3.20038
-0.18069	0.87361	0.45185	8.73606
0.36629	-0.36659	0.85525	-3.66591
0.00000	0.00000	0.00000	1.00000

boidNo = 18
boid Wall No = 1
position = = (7.8, 6.3, 0.0)
Boid Radius= 10
Boid Frame=
 0.57300	0.77899	-0.25464	7.78992
-0.71316	0.62703	0.31344	6.27030
-0.40383	-0.00200	-0.91483	-0.01996
0.00000	0.00000	0.00000	1.00000

boidNo = 19
boid Wall No = 1
position = = (-0.5, 7.3, -6.8)
Boid Radius= 10
Boid Frame=
 -0.87228	-0.04870	-0.48658	-0.48700
-0.36436	0.72836	0.58029	7.28360
-0.32614	-0.68346	0.65308	-6.83462
0.00000	0.00000	0.00000	1.00000

