Iteration Num of Simuation:0
m_SimulationDeltaT of action plan:0
boidNo = 0
boid Wall No = 0
position = = (-7.8, -4.6, 7.9)
Boid Radius= 12
Boid Frame=
 0.75185	-0.64584	0.13268	-7.75011
-0.46716	-0.37980	0.79844	-4.55766
0.46528	0.66230	0.58727	7.94755
0.00000	0.00000	0.00000	1.00000

boidNo = 1
boid Wall No = 0
position = = (-1.8, -10.8, 4.9)
Boid Radius= 12
Boid Frame=
 0.77526	-0.15189	-0.61311	-1.82262
0.14937	-0.89905	0.41159	-10.78856
0.61373	0.41067	0.67431	4.92798
0.00000	0.00000	0.00000	1.00000

boidNo = 2
boid Wall No = 1
position = = (-11.5, 2.4, 2.6)
Boid Radius= 12
Boid Frame=
 0.03450	-0.95516	0.29407	-11.46194
-0.65512	0.20060	0.72841	2.40715
0.75474	0.21778	0.61882	2.61337
0.00000	0.00000	0.00000	1.00000

boidNo = 3
boid Wall No = 1
position = = (0.8, 12.0, 0.6)
Boid Radius= 12
Boid Frame=
 0.50704	0.06503	-0.85947	0.78037
0.00974	0.99665	0.08115	11.95985
-0.86187	0.04952	-0.50471	0.59418
0.00000	0.00000	0.00000	1.00000

boidNo = 4
boid Wall No = 0
position = = (7.0, -0.9, 9.7)
Boid Radius= 12
Boid Frame=
 0.50006	0.58576	0.63783	7.02912
-0.75159	-0.07231	0.65566	-0.86767
-0.43018	0.80725	-0.40409	9.68703
0.00000	0.00000	0.00000	1.00000

boidNo = 5
boid Wall No = 1
position = = (0.6, 2.4, 11.7)
Boid Radius= 12
Boid Frame=
 0.72094	0.05014	0.69118	0.60167
-0.68484	0.20410	0.69953	2.44919
0.10599	0.97767	-0.18148	11.73198
0.00000	0.00000	0.00000	1.00000

boidNo = 6
boid Wall No = 1
position = = (3.3, 2.7, -11.2)
Boid Radius= 12
Boid Frame=
 -0.59286	0.27729	-0.75606	3.32754
-0.72518	0.22442	0.65096	2.69309
-0.35018	-0.93421	-0.06804	-11.21048
0.00000	0.00000	0.00000	1.00000

boidNo = 7
boid Wall No = 0
position = = (-7.9, -6.2, -6.6)
Boid Radius= 12
Boid Frame=
 -0.40821	-0.65477	-0.63611	-7.85725
-0.37027	-0.51816	0.77098	-6.21794
0.83442	-0.55026	0.03093	-6.60309
0.00000	0.00000	0.00000	1.00000

boidNo = 8
boid Wall No = 1
position = = (-1.3, 11.0, -4.5)
Boid Radius= 12
Boid Frame=
 -0.89754	-0.10608	-0.42799	-1.27291
-0.25130	0.92062	0.29884	11.04744
-0.36231	-0.37577	0.85295	-4.50929
0.00000	0.00000	0.00000	1.00000

boidNo = 9
boid Wall No = 1
position = = (2.4, 11.6, 1.7)
Boid Radius= 12
Boid Frame=
 0.33881	0.19760	-0.91987	2.37125
0.06681	0.97017	0.23302	11.64209
-0.93848	0.14041	-0.31551	1.68489
0.00000	0.00000	0.00000	1.00000

boidNo = 10
boid Wall No = 1
position = = (-0.9, 12.0, 0.1)
Boid Radius= 12
Boid Frame=
 0.39811	-0.07304	0.91443	-0.87648
0.02374	0.99731	0.06932	11.96774
0.91703	0.00589	-0.39877	0.07067
0.00000	0.00000	0.00000	1.00000

boidNo = 11
boid Wall No = 0
position = = (4.0, -8.2, -7.8)
Boid Radius= 12
Boid Frame=
 -0.92840	0.33016	-0.17053	3.96186
-0.35951	-0.68195	0.63695	-8.18335
-0.09400	-0.65265	-0.75181	-7.83176
0.00000	0.00000	0.00000	1.00000

boidNo = 12
boid Wall No = 1
position = = (-2.0, 5.4, 10.5)
Boid Radius= 12
Boid Frame=
 0.51514	-0.16399	0.84127	-1.96790
-0.72055	0.44867	0.52868	5.38408
0.46416	0.87852	-0.11296	10.54225
0.00000	0.00000	0.00000	1.00000

boidNo = 13
boid Wall No = 0
position = = (-0.4, -12.0, 0.6)
Boid Radius= 12
Boid Frame=
 0.76324	-0.03616	-0.64510	-0.43388
0.00250	-0.99826	0.05890	-11.97913
0.64611	0.04657	0.76183	0.55880
0.00000	0.00000	0.00000	1.00000

boidNo = 14
boid Wall No = 1
position = = (1.9, 11.9, -0.3)
Boid Radius= 12
Boid Frame=
 -0.54745	0.15524	-0.82231	1.86287
0.06404	0.98753	0.14380	11.85040
-0.83438	-0.02607	0.55057	-0.31278
0.00000	0.00000	0.00000	1.00000

boidNo = 15
boid Wall No = 0
position = = (4.0, -10.1, -5.1)
Boid Radius= 12
Boid Frame=
 -0.76321	0.32974	0.55568	3.95682
0.02856	-0.84193	0.53882	-10.10321
-0.64551	-0.42711	-0.63316	-5.12530
0.00000	0.00000	0.00000	1.00000

boidNo = 16
boid Wall No = 1
position = = (-4.0, 1.0, 11.3)
Boid Radius= 12
Boid Frame=
 0.64274	-0.33703	0.68797	-4.04432
-0.70844	0.08026	0.70119	0.96308
0.29153	0.93807	0.18718	11.25682
0.00000	0.00000	0.00000	1.00000

boidNo = 17
boid Wall No = 0
position = = (0.4, -10.4, 6.0)
Boid Radius= 12
Boid Frame=
 0.97139	0.03449	-0.23499	0.41391
0.14756	-0.86292	0.48332	-10.35502
0.18610	0.50417	0.84332	6.04999
0.00000	0.00000	0.00000	1.00000

boidNo = 18
boid Wall No = 1
position = = (-0.4, 12.0, -0.6)
Boid Radius= 12
Boid Frame=
 -0.99929	-0.03731	-0.00576	-0.44776
-0.03754	0.99822	0.04624	11.97870
-0.00403	-0.04642	0.99891	-0.55706
0.00000	0.00000	0.00000	1.00000

boidNo = 19
boid Wall No = 1
position = = (11.8, 1.4, 1.3)
Boid Radius= 12
Boid Frame=
 0.16059	0.98691	-0.01512	11.84287
-0.63977	0.11574	0.75980	1.38893
-0.75160	0.11234	-0.64998	1.34806
0.00000	0.00000	0.00000	1.00000

boidNo = 20
boid Wall No = 1
position = = (6.0, 2.2, -10.2)
Boid Radius= 12
Boid Frame=
 -0.38984	0.49927	-0.77379	5.99124
-0.82709	0.17963	0.53259	2.15559
-0.40491	-0.84762	-0.34291	-10.17145
0.00000	0.00000	0.00000	1.00000

boidNo = 21
boid Wall No = 0
position = = (9.9, -6.8, -0.1)
Boid Radius= 12
Boid Frame=
 -0.27266	0.82327	0.49787	9.87929
-0.37712	-0.56752	0.73191	-6.81026
-0.88512	-0.01181	-0.46522	-0.14166
0.00000	0.00000	0.00000	1.00000

boidNo = 22
boid Wall No = 1
position = = (-0.2, 11.9, 1.4)
Boid Radius= 12
Boid Frame=
 0.99984	-0.01601	-0.00787	-0.19208
0.01682	0.99295	0.11736	11.91536
-0.00594	0.11748	-0.99306	1.40972
0.00000	0.00000	0.00000	1.00000

boidNo = 23
boid Wall No = 0
position = = (-3.0, -9.2, 7.0)
Boid Radius= 12
Boid Frame=
 0.94538	-0.25045	-0.20865	-3.00539
-0.06382	-0.76990	0.63496	-9.23884
0.31967	0.58696	0.74383	7.04354
0.00000	0.00000	0.00000	1.00000

boidNo = 24
boid Wall No = 1
position = = (-3.4, 11.0, -3.3)
Boid Radius= 12
Boid Frame=
 -0.74639	-0.28405	0.60185	-3.40854
-0.02950	0.91757	0.39647	11.01090
0.66486	-0.27816	0.69324	-3.33796
0.00000	0.00000	0.00000	1.00000

boidNo = 25
boid Wall No = 0
position = = (-2.8, -11.2, -3.3)
Boid Radius= 12
Boid Frame=
 -0.83973	-0.23059	-0.49161	-2.76710
0.04577	-0.93219	0.35907	-11.18627
0.54107	-0.27902	-0.79334	-3.34821
0.00000	0.00000	0.00000	1.00000

boidNo = 26
boid Wall No = 1
position = = (8.1, 1.2, -8.8)
Boid Radius= 12
Boid Frame=
 -0.48024	0.67363	-0.56178	8.08355
-0.69621	0.09684	0.71127	1.16203
-0.53353	-0.73270	-0.42249	-8.79238
0.00000	0.00000	0.00000	1.00000

boidNo = 27
boid Wall No = 0
position = = (-2.3, -5.9, -10.2)
Boid Radius= 12
Boid Frame=
 -0.69288	-0.19027	-0.69550	-2.28329
-0.54639	-0.49085	0.67862	-5.89021
0.47051	-0.85021	-0.23614	-10.20255
0.00000	0.00000	0.00000	1.00000

boidNo = 28
boid Wall No = 0
position = = (6.8, -9.3, 3.4)
Boid Radius= 12
Boid Frame=
 0.37001	0.57002	0.73361	6.84019
-0.06636	-0.77142	0.63286	-9.25699
-0.92666	0.28284	0.24760	3.39411
0.00000	0.00000	0.00000	1.00000

boidNo = 29
boid Wall No = 0
position = = (4.6, -3.5, -10.5)
Boid Radius= 12
Boid Frame=
 -0.83066	0.38254	-0.40456	4.59051
-0.52315	-0.28757	0.80226	-3.45081
-0.19056	-0.87805	-0.43900	-10.53656
0.00000	0.00000	0.00000	1.00000

