Iteration Num of Simuation:0
m_SimulationDeltaT of action plan:0
boidNo = 0
boid Wall No = 1
position = = (0.3, 9.8, -2.1)
Boid Radius= 10
Boid Frame=
 -0.64453	0.02576	-0.76414	0.25761
-0.14706	0.97659	0.15697	9.76593
-0.75030	-0.21355	0.62566	-2.13548
0.00000	0.00000	0.00000	1.00000

boidNo = 1
boid Wall No = 0
position = = (0.4, -10.0, 0.1)
Boid Radius= 10
Boid Frame=
 0.19987	0.03896	0.97905	0.38956
-0.00186	-0.99919	0.04014	-9.99192
-0.97982	0.00985	0.19963	0.09846
0.00000	0.00000	0.00000	1.00000

boidNo = 2
boid Wall No = 0
position = = (3.2, -8.6, -4.0)
Boid Radius= 10
Boid Frame=
 -0.73740	0.31643	0.59675	3.16426
0.03890	-0.86212	0.50521	-8.62122
-0.67433	-0.39575	-0.62342	-3.95753
0.00000	0.00000	0.00000	1.00000

boidNo = 3
boid Wall No = 0
position = = (1.7, -7.2, 6.7)
Boid Radius= 10
Boid Frame=
 0.91195	0.16520	0.37556	1.65204
-0.14851	-0.72038	0.67750	-7.20379
-0.38247	0.67362	0.63242	6.73618
0.00000	0.00000	0.00000	1.00000

boidNo = 4
boid Wall No = 1
position = = (9.5, 2.9, 0.5)
Boid Radius= 10
Boid Frame=
 0.21809	0.95437	-0.20402	9.54366
-0.57792	0.29475	0.76101	2.94747
-0.78641	0.04806	-0.61583	0.48060
0.00000	0.00000	0.00000	1.00000

boidNo = 5
boid Wall No = 0
position = = (-0.1, -10.0, 0.2)
Boid Radius= 10
Boid Frame=
 0.98645	-0.00924	-0.16378	-0.09244
-0.00601	-0.99978	0.02026	-9.99777
0.16393	0.01900	0.98629	0.19002
0.00000	0.00000	0.00000	1.00000

boidNo = 6
boid Wall No = 1
position = = (-7.2, 6.5, -2.4)
Boid Radius= 10
Boid Frame=
 -0.62762	-0.72449	0.28497	-7.24487
-0.47913	0.64796	0.59210	6.47963
0.61361	-0.23508	0.75380	-2.35080
0.00000	0.00000	0.00000	1.00000

boidNo = 7
boid Wall No = 1
position = = (0.8, 9.8, 1.6)
Boid Radius= 10
Boid Frame=
 0.67931	0.07824	-0.72967	0.78244
0.06741	0.98344	0.16822	9.83442
-0.73075	0.16346	-0.66278	1.63462
0.00000	0.00000	0.00000	1.00000

boidNo = 8
boid Wall No = 0
position = = (2.4, -9.0, 3.6)
Boid Radius= 10
Boid Frame=
 0.96801	0.24098	0.06984	2.40981
0.19610	-0.90032	0.38854	-9.00325
-0.15651	0.36241	0.91878	3.62414
0.00000	0.00000	0.00000	1.00000

boidNo = 9
boid Wall No = 1
position = = (-1.8, 8.4, 5.1)
Boid Radius= 10
Boid Frame=
 0.85075	-0.18263	0.49282	-1.82632
-0.12684	0.83862	0.52974	8.38624
0.51004	0.51318	-0.69029	5.13182
0.00000	0.00000	0.00000	1.00000

boidNo = 10
boid Wall No = 1
position = = (3.4, 0.7, 9.4)
Boid Radius= 10
Boid Frame=
 0.73713	0.33548	0.58660	3.35477
-0.64147	0.07440	0.76353	0.74401
-0.21250	0.93911	-0.27004	9.39106
0.00000	0.00000	0.00000	1.00000

boidNo = 11
boid Wall No = 0
position = = (-6.7, -1.1, 7.4)
Boid Radius= 10
Boid Frame=
 0.65229	-0.66703	0.35997	-6.67033
-0.56241	-0.10754	0.81984	-1.07541
0.50815	0.73723	0.44529	7.37226
0.00000	0.00000	0.00000	1.00000

boidNo = 12
boid Wall No = 1
position = = (-4.1, 9.0, -1.1)
Boid Radius= 10
Boid Frame=
 -0.75021	-0.41255	0.51672	-4.12546
-0.27206	0.90486	0.32744	9.04857
0.60264	-0.10507	0.79106	-1.05072
0.00000	0.00000	0.00000	1.00000

boidNo = 13
boid Wall No = 0
position = = (9.9, -1.0, 0.0)
Boid Radius= 9.999999
Boid Frame=
 -0.07428	0.99454	0.07336	9.94535
-0.68901	-0.10437	0.71720	-1.04365
-0.72093	-0.00273	-0.69300	-0.02730
0.00000	0.00000	0.00000	1.00000

boidNo = 14
boid Wall No = 0
position = = (-0.4, -8.6, 5.1)
Boid Radius= 10
Boid Frame=
 0.94279	-0.03574	0.33147	-0.35742
-0.19947	-0.85712	0.47492	-8.57124
-0.26714	0.51387	0.81522	5.13869
0.00000	0.00000	0.00000	1.00000

boidNo = 15
boid Wall No = 0
position = = (5.4, -8.4, 0.6)
Boid Radius= 10
Boid Frame=
 0.10444	0.53894	0.83585	5.38936
-0.00404	-0.84021	0.54225	-8.40206
-0.99452	0.06002	0.08558	0.60016
0.00000	0.00000	0.00000	1.00000

boidNo = 16
boid Wall No = 1
position = = (4.1, 5.7, 7.1)
Boid Radius= 10
Boid Frame=
 0.85769	0.41251	0.30692	4.12511
-0.50554	0.56774	0.64969	5.67741
-0.09375	0.71239	-0.69549	7.12394
0.00000	0.00000	0.00000	1.00000

boidNo = 17
boid Wall No = 0
position = = (-3.3, -9.4, 0.1)
Boid Radius= 10
Boid Frame=
 -0.22589	-0.32995	-0.91657	-3.29950
0.09024	-0.94393	0.31756	-9.43935
0.96996	0.01098	-0.24300	0.10981
0.00000	0.00000	0.00000	1.00000

boidNo = 18
boid Wall No = 1
position = = (-5.1, 8.6, 0.0)
Boid Radius= 10
Boid Frame=
 -0.48234	-0.50780	0.71378	-5.07800
-0.28268	0.86147	0.42185	8.61473
0.82912	-0.00170	0.55907	-0.01703
0.00000	0.00000	0.00000	1.00000

boidNo = 19
boid Wall No = 1
position = = (-6.5, 7.5, 1.2)
Boid Radius= 10
Boid Frame=
 -0.09771	-0.64726	0.75598	-6.47264
-0.24204	0.75226	0.61280	7.52260
0.96533	0.12310	0.23017	1.23100
0.00000	0.00000	0.00000	1.00000

