Iteration Num of Simuation:0
m_SimulationDeltaT of action plan:0
boidNo = 0
boid Wall No = 0
position = = (-2.6, -9.5, 1.5)
Boid Radius= 10
Boid Frame=
 0.68863	-0.25722	-0.67796	-2.57217
-0.06856	-0.95388	0.29226	-9.53879
0.72186	0.15477	0.67451	1.54775
0.00000	0.00000	0.00000	1.00000

boidNo = 1
boid Wall No = 1
position = = (-6.2, 7.4, 2.5)
Boid Radius= 10
Boid Frame=
 -0.17822	-0.61950	0.76449	-6.19505
-0.44451	0.74383	0.49913	7.43828
0.87787	0.25087	0.40794	2.50867
0.00000	0.00000	0.00000	1.00000

boidNo = 2
boid Wall No = 0
position = = (-2.3, -9.4, 2.6)
Boid Radius= 10
Boid Frame=
 0.80115	-0.23089	-0.55214	-2.30890
-0.03414	-0.93871	0.34300	-9.38713
0.59749	0.25594	0.75993	2.55944
0.00000	0.00000	0.00000	1.00000

boidNo = 3
boid Wall No = 1
position = = (-5.6, 7.7, -3.1)
Boid Radius= 10
Boid Frame=
 -0.72295	-0.55801	0.40739	-5.58014
-0.26536	0.76869	0.58198	7.68687
0.63791	-0.31263	0.70379	-3.12635
0.00000	0.00000	0.00000	1.00000

boidNo = 4
boid Wall No = 1
position = = (-2.5, 7.2, 6.5)
Boid Radius= 10
Boid Frame=
 0.75251	-0.24835	0.60996	-2.48349
-0.28176	0.71573	0.63902	7.15731
0.59527	0.65273	-0.46862	6.52726
0.00000	0.00000	0.00000	1.00000

boidNo = 5
boid Wall No = 0
position = = (-6.9, -4.5, -5.7)
Boid Radius= 10
Boid Frame=
 0.07834	-0.68889	-0.72062	-6.88887
-0.82517	-0.45043	0.34089	-4.50429
0.55942	-0.56793	0.60374	-5.67934
0.00000	0.00000	0.00000	1.00000

boidNo = 6
boid Wall No = 0
position = = (-0.7, -9.9, 0.7)
Boid Radius= 10
Boid Frame=
 0.77684	-0.07259	-0.62551	-0.72590
-0.01269	-0.99494	0.09970	-9.94937
0.62958	0.06951	0.77382	0.69510
0.00000	0.00000	0.00000	1.00000

boidNo = 7
boid Wall No = 1
position = = (3.5, 2.4, 9.0)
Boid Radius= 10
Boid Frame=
 0.71739	0.35180	0.60132	3.51804
-0.69007	0.24032	0.68268	2.40319
-0.09566	0.90470	-0.41517	9.04699
0.00000	0.00000	0.00000	1.00000

boidNo = 8
boid Wall No = 1
position = = (-9.7, 1.8, 1.9)
Boid Radius= 9.999999
Boid Frame=
 0.03686	-0.96509	0.25931	-9.65091
-0.64148	0.17611	0.74665	1.76112
0.76625	0.19386	0.61260	1.93863
0.00000	0.00000	0.00000	1.00000

boidNo = 9
boid Wall No = 0
position = = (-2.4, -7.6, -6.0)
Boid Radius= 10
Boid Frame=
 -0.88342	-0.24126	-0.40170	-2.41262
-0.08297	-0.76318	0.64084	-7.63181
0.46118	-0.59946	-0.65419	-5.99455
0.00000	0.00000	0.00000	1.00000

boidNo = 10
boid Wall No = 0
position = = (-9.3, -2.7, -2.6)
Boid Radius= 10
Boid Frame=
 -0.04948	-0.92936	-0.36584	-9.29363
-0.59891	-0.26551	0.75552	-2.65514
0.79929	-0.25649	0.54347	-2.56489
0.00000	0.00000	0.00000	1.00000

boidNo = 11
boid Wall No = 1
position = = (-7.7, 5.3, -3.5)
Boid Radius= 10
Boid Frame=
 -0.61372	-0.77011	0.17400	-7.70111
-0.46407	0.53016	0.70963	5.30163
0.63874	-0.35476	0.68275	-3.54764
0.00000	0.00000	0.00000	1.00000

boidNo = 12
boid Wall No = 1
position = = (-1.6, 2.1, -9.7)
Boid Radius= 10
Boid Frame=
 -0.77691	-0.15567	-0.61006	-1.55668
-0.62950	0.21004	0.74807	2.10037
-0.01168	-0.96522	0.26117	-9.65221
0.00000	0.00000	0.00000	1.00000

boidNo = 13
boid Wall No = 0
position = = (5.1, -0.9, -8.6)
Boid Radius= 10
Boid Frame=
 0.13149	0.50818	-0.85116	5.08179
-0.97495	-0.08907	-0.20379	-0.89068
0.17937	-0.85663	-0.48374	-8.56634
0.00000	0.00000	0.00000	1.00000

boidNo = 14
boid Wall No = 1
position = = (-1.8, 9.8, -0.8)
Boid Radius= 10
Boid Frame=
 -0.72716	-0.17544	0.66367	-1.75440
-0.07674	0.98151	0.17538	9.81506
0.68217	-0.07660	0.72717	-0.76595
0.00000	0.00000	0.00000	1.00000

boidNo = 15
boid Wall No = 1
position = = (9.9, 1.7, 0.2)
Boid Radius= 10
Boid Frame=
 0.15378	0.98572	-0.06855	9.85724
-0.85977	0.16768	0.48237	1.67678
-0.48697	0.01524	-0.87328	0.15243
0.00000	0.00000	0.00000	1.00000

boidNo = 16
boid Wall No = 1
position = = (-2.1, 9.8, 0.6)
Boid Radius= 10
Boid Frame=
 -0.22626	-0.20636	0.95196	-2.06359
-0.10848	0.97656	0.18591	9.76560
0.96801	0.06120	0.24334	0.61201
0.00000	0.00000	0.00000	1.00000

boidNo = 17
boid Wall No = 0
position = = (1.5, -1.1, 9.8)
Boid Radius= 10
Boid Frame=
 0.72177	0.15273	0.67508	1.52726
-0.66634	-0.11050	0.73742	-1.10504
-0.18722	0.98207	-0.02201	9.82071
0.00000	0.00000	0.00000	1.00000

boidNo = 18
boid Wall No = 0
position = = (-2.3, -9.7, 0.5)
Boid Radius= 9.999999
Boid Frame=
 0.81342	-0.22523	-0.53630	-2.25230
-0.15781	-0.97286	0.16921	-9.72863
0.55985	0.05301	0.82689	0.53008
0.00000	0.00000	0.00000	1.00000

boidNo = 19
boid Wall No = 0
position = = (9.8, -1.9, 0.6)
Boid Radius= 10
Boid Frame=
 -0.05915	0.97942	0.19299	9.79417
-0.54671	-0.19354	0.81465	-1.93536
-0.83523	0.05733	-0.54691	0.57326
0.00000	0.00000	0.00000	1.00000

