Iteration Num of Simuation:0
m_SimulationDeltaT of action plan:0
boidNo = 0
boid Wall No = 1
position = = (-0.5, 2.9, 9.6)
Boid Radius= 10
Boid Frame=
 0.78457	-0.05160	0.61788	-0.51602
-0.58115	0.28613	0.76183	2.86131
0.21611	0.95680	-0.19450	9.56800
0.00000	0.00000	0.00000	1.00000

boidNo = 1
boid Wall No = 1
position = = (-6.8, 0.7, 7.3)
Boid Radius= 10
Boid Frame=
 0.36563	-0.68127	0.63418	-6.81267
-0.83234	0.06561	0.55037	0.65614
0.41656	0.72909	0.54306	7.29088
0.00000	0.00000	0.00000	1.00000

boidNo = 2
boid Wall No = 1
position = = (-0.7, 2.2, 9.7)
Boid Radius= 10
Boid Frame=
 0.77609	-0.06854	0.62689	-0.68539
-0.60205	0.21535	0.76887	2.15351
0.18770	0.97413	-0.12587	9.74129
0.00000	0.00000	0.00000	1.00000

boidNo = 3
boid Wall No = 0
position = = (0.4, -10.0, 0.5)
Boid Radius= 10
Boid Frame=
 0.98368	0.03937	0.17556	0.39371
0.02955	-0.99787	0.05821	-9.97867
-0.17748	0.05207	0.98275	0.52070
0.00000	0.00000	0.00000	1.00000

boidNo = 4
boid Wall No = 1
position = = (8.0, 3.0, 5.1)
Boid Radius= 10
Boid Frame=
 0.54487	0.80293	0.24170	8.02932
-0.72360	0.30459	0.61938	3.04590
-0.42370	0.51237	-0.74696	5.12373
0.00000	0.00000	0.00000	1.00000

boidNo = 5
boid Wall No = 1
position = = (-8.2, 0.9, 5.7)
Boid Radius= 10
Boid Frame=
 0.39493	-0.81968	0.41492	-8.19679
-0.62447	0.09175	0.77564	0.91746
0.67384	0.56543	0.47563	5.65428
0.00000	0.00000	0.00000	1.00000

boidNo = 6
boid Wall No = 1
position = = (-1.0, 9.9, 0.7)
Boid Radius= 10
Boid Frame=
 -0.01714	-0.09879	0.99496	-0.98792
-0.06965	0.99281	0.09738	9.92807
0.99742	0.06763	0.02390	0.67630
0.00000	0.00000	0.00000	1.00000

boidNo = 7
boid Wall No = 1
position = = (-1.7, 9.8, -0.7)
Boid Radius= 9.999999
Boid Frame=
 -0.97181	-0.16785	0.16557	-1.67847
-0.15237	0.98303	0.10219	9.83026
0.17991	-0.07408	0.98089	-0.74077
0.00000	0.00000	0.00000	1.00000

boidNo = 8
boid Wall No = 0
position = = (-5.7, -6.7, -4.8)
Boid Radius= 10
Boid Frame=
 0.57874	-0.56770	-0.58547	-5.67703
-0.73713	-0.67126	-0.07778	-6.71258
0.34885	-0.47658	0.80696	-4.76577
0.00000	0.00000	0.00000	1.00000

boidNo = 9
boid Wall No = 1
position = = (-0.4, 8.9, 4.5)
Boid Radius= 10
Boid Frame=
 0.64619	-0.04393	0.76191	-0.43934
-0.31996	0.89077	0.32273	8.90769
0.69286	0.45233	-0.56155	4.52328
0.00000	0.00000	0.00000	1.00000

