Iteration Num of Simuation:0
m_SimulationDeltaT of action plan:0
boidNo = 0
boid Wall No = 1
position = = (-4.0, 5.3, -10.0)
Boid Radius= 12
Boid Frame=
 -0.67271	-0.33323	-0.66062	-3.99872
-0.73068	0.43977	0.52223	5.27718
-0.11650	-0.83401	0.53932	-10.00808
0.00000	0.00000	0.00000	1.00000

boidNo = 1
boid Wall No = 0
position = = (-5.9, -0.2, 10.4)
Boid Radius= 12
Boid Frame=
 0.59031	-0.49230	0.63967	-5.90762
-0.74191	-0.01875	0.67023	-0.22505
0.31796	0.87022	0.37632	10.44267
0.00000	0.00000	0.00000	1.00000

boidNo = 2
boid Wall No = 0
position = = (-6.9, -6.8, 7.1)
Boid Radius= 12
Boid Frame=
 0.81877	-0.57203	-0.04899	-6.86436
-0.35355	-0.56959	0.74200	-6.83513
0.45235	0.59021	0.66861	7.08249
0.00000	0.00000	0.00000	1.00000

boidNo = 3
boid Wall No = 1
position = = (-7.3, 6.8, -6.6)
Boid Radius= 12
Boid Frame=
 -0.76109	-0.61231	-0.21405	-7.34768
-0.61065	0.56510	0.55477	6.78115
0.21873	-0.55294	0.80400	-6.63534
0.00000	0.00000	0.00000	1.00000

boidNo = 4
boid Wall No = 0
position = = (0.3, -10.2, -6.3)
Boid Radius= 12
Boid Frame=
 -0.64144	0.02558	-0.76675	0.30698
-0.41569	-0.85160	0.31934	-10.21918
0.64479	-0.52357	-0.55688	-6.28284
0.00000	0.00000	0.00000	1.00000

boidNo = 5
boid Wall No = 1
position = = (10.5, 5.7, 1.4)
Boid Radius= 12
Boid Frame=
 0.42263	0.87293	-0.24365	10.47520
-0.61545	0.47378	0.62989	5.68541
-0.66529	0.11626	-0.73748	1.39508
0.00000	0.00000	0.00000	1.00000

boidNo = 6
boid Wall No = 0
position = = (0.3, -10.6, 5.7)
Boid Radius= 12
Boid Frame=
 0.98155	0.02394	-0.18972	0.28732
0.11101	-0.87919	0.46336	-10.55030
0.15571	0.47587	0.86562	5.71040
0.00000	0.00000	0.00000	1.00000

boidNo = 7
boid Wall No = 0
position = = (-4.2, -11.2, -0.7)
Boid Radius= 12
Boid Frame=
 -0.68951	-0.34873	-0.63479	-4.18478
0.21472	-0.93547	0.28068	-11.22569
0.69171	-0.05723	-0.71990	-0.68673
0.00000	0.00000	0.00000	1.00000

boidNo = 8
boid Wall No = 0
position = = (5.6, -10.1, -3.4)
Boid Radius= 12
Boid Frame=
 -0.47557	0.46359	0.74761	5.56313
0.03782	-0.83830	0.54389	-10.05963
-0.87887	-0.28693	-0.38113	-3.44316
0.00000	0.00000	0.00000	1.00000

boidNo = 9
boid Wall No = 0
position = = (3.8, -10.9, 3.3)
Boid Radius= 12
Boid Frame=
 0.86392	0.31989	-0.38899	3.83869
0.39890	-0.90612	0.14077	-10.87349
0.30744	0.27678	0.91042	3.32140
0.00000	0.00000	0.00000	1.00000

boidNo = 10
boid Wall No = 0
position = = (0.5, -5.4, 10.7)
Boid Radius= 12
Boid Frame=
 0.65325	0.04020	0.75608	0.48246
-0.66334	-0.45105	0.59711	-5.41264
-0.36504	0.89159	0.26798	10.69909
0.00000	0.00000	0.00000	1.00000

boidNo = 11
boid Wall No = 0
position = = (2.3, -11.7, -1.7)
Boid Radius= 12
Boid Frame=
 -0.59228	0.18827	0.78343	2.25921
-0.00038	-0.97238	0.23339	-11.66860
-0.80573	-0.13793	-0.57600	-1.65519
0.00000	0.00000	0.00000	1.00000

boidNo = 12
boid Wall No = 0
position = = (0.8, -12.0, -0.6)
Boid Radius= 12
Boid Frame=
 -0.58730	0.06862	0.80646	0.82339
-0.00319	-0.99659	0.08247	-11.95906
-0.80936	-0.04586	-0.58551	-0.55030
0.00000	0.00000	0.00000	1.00000

boidNo = 13
boid Wall No = 0
position = = (1.6, -7.9, -8.9)
Boid Radius= 12
Boid Frame=
 -0.38082	0.13670	-0.91449	1.64044
-0.72650	-0.65604	0.20447	-7.87247
0.57199	-0.74224	-0.34915	-8.90692
0.00000	0.00000	0.00000	1.00000

boidNo = 14
boid Wall No = 0
position = = (9.5, -7.1, -2.0)
Boid Radius= 12
Boid Frame=
 -0.40533	0.79077	0.45868	9.48928
-0.30548	-0.59006	0.74733	-7.08077
-0.86162	-0.16279	-0.48074	-1.95353
0.00000	0.00000	0.00000	1.00000

boidNo = 15
boid Wall No = 0
position = = (5.7, -10.5, 1.0)
Boid Radius= 12
Boid Frame=
 0.29058	0.47894	0.82836	5.74727
0.06953	-0.87400	0.48093	-10.48795
-0.95432	0.08215	0.28726	0.98582
0.00000	0.00000	0.00000	1.00000

boidNo = 16
boid Wall No = 0
position = = (-5.3, -4.0, -10.0)
Boid Radius= 12
Boid Frame=
 -0.48108	-0.44296	-0.75654	-5.31555
-0.69235	-0.33741	0.63782	-4.04894
0.53779	-0.83062	0.14436	-9.96750
0.00000	0.00000	0.00000	1.00000

boidNo = 17
boid Wall No = 0
position = = (3.2, -4.6, 10.6)
Boid Radius= 12
Boid Frame=
 0.76637	0.26756	0.58403	3.21070
-0.47327	-0.37961	0.79493	-4.55537
-0.43440	0.88561	0.16430	10.62732
0.00000	0.00000	0.00000	1.00000

boidNo = 18
boid Wall No = 0
position = = (11.1, -0.3, -4.4)
Boid Radius= 12
Boid Frame=
 -0.30087	0.92913	-0.21495	11.14951
-0.62573	-0.02224	0.77972	-0.26691
-0.71968	-0.36909	-0.58808	-4.42913
0.00000	0.00000	0.00000	1.00000

boidNo = 19
boid Wall No = 0
position = = (4.2, -11.2, 1.1)
Boid Radius= 12
Boid Frame=
 0.58239	0.35003	0.73369	4.20041
0.13661	-0.93185	0.33614	-11.18223
-0.80135	0.09554	0.59052	1.14645
0.00000	0.00000	0.00000	1.00000

boidNo = 20
boid Wall No = 0
position = = (-0.5, -11.9, -1.3)
Boid Radius= 12
Boid Frame=
 -0.90692	-0.04050	-0.41935	-0.48605
-0.01068	-0.99284	0.11900	-11.91405
0.42117	-0.11240	-0.89999	-1.34881
0.00000	0.00000	0.00000	1.00000

boidNo = 21
boid Wall No = 0
position = = (-3.8, -8.2, 7.9)
Boid Radius= 12
Boid Frame=
 0.94864	-0.31364	-0.04146	-3.76368
-0.19609	-0.68573	0.70095	-8.22875
0.24827	0.65681	0.71201	7.88178
0.00000	0.00000	0.00000	1.00000

boidNo = 22
boid Wall No = 0
position = = (1.3, -9.9, 6.7)
Boid Radius= 12
Boid Frame=
 0.94111	0.10923	0.31996	1.31081
-0.09583	-0.82138	0.56228	-9.85654
-0.32423	0.55983	0.76254	6.71791
0.00000	0.00000	0.00000	1.00000

boidNo = 23
boid Wall No = 0
position = = (-8.9, -7.3, 3.4)
Boid Radius= 12
Boid Frame=
 0.63527	-0.73757	-0.22895	-8.85087
-0.48411	-0.61130	0.62606	-7.33558
0.60172	0.28688	0.74540	3.44260
0.00000	0.00000	0.00000	1.00000

boidNo = 24
boid Wall No = 1
position = = (-4.6, 10.4, -3.9)
Boid Radius= 12
Boid Frame=
 -0.75246	-0.37946	0.53835	-4.55356
-0.08535	0.86664	0.49158	10.39970
0.65309	-0.32394	0.68449	-3.88734
0.00000	0.00000	0.00000	1.00000

boidNo = 25
boid Wall No = 0
position = = (-5.1, -10.8, 0.7)
Boid Radius= 12
Boid Frame=
 0.04446	-0.42809	-0.90264	-5.13705
0.04627	-0.90168	0.42991	-10.82021
0.99794	0.06088	0.02028	0.73052
0.00000	0.00000	0.00000	1.00000

boidNo = 26
boid Wall No = 1
position = = (-11.9, 1.1, 1.5)
Boid Radius= 12
Boid Frame=
 0.03710	-0.98805	0.14959	-11.85663
-0.66007	0.08815	0.74601	1.05786
0.75028	0.12642	0.64892	1.51700
0.00000	0.00000	0.00000	1.00000

boidNo = 27
boid Wall No = 1
position = = (2.3, 7.1, 9.4)
Boid Radius= 12
Boid Frame=
 0.91066	0.19065	0.36654	2.28783
-0.40432	0.59377	0.69567	7.12528
0.08501	0.78172	-0.61781	9.38063
0.00000	0.00000	0.00000	1.00000

boidNo = 28
boid Wall No = 1
position = = (0.8, 11.7, 2.4)
Boid Radius= 12
Boid Frame=
 0.99301	0.06757	0.09679	0.81089
-0.08542	0.97724	0.19416	11.72693
0.08146	0.20107	-0.97618	2.41280
0.00000	0.00000	0.00000	1.00000

boidNo = 29
boid Wall No = 0
position = = (8.5, -1.7, 8.3)
Boid Radius= 12
Boid Frame=
 0.52229	0.70808	0.47522	8.49694
-0.55618	-0.13959	0.81925	-1.67504
-0.64643	0.69220	-0.32092	8.30639
0.00000	0.00000	0.00000	1.00000

