Iteration Num of Simuation:0
m_SimulationDeltaT of action plan:0
boidNo = 0
boid Wall No = 1
position = = (5.6, 8.1, -1.8)
Boid Radius= 10
Boid Frame=
 0.11928	0.55713	-0.82181	5.57131
-0.29080	0.81103	0.50761	8.11028
-0.94932	-0.17843	-0.25875	-1.78434
0.00000	0.00000	0.00000	1.00000

boidNo = 1
boid Wall No = 0
position = = (-2.2, -1.6, 9.6)
Boid Radius= 10
Boid Frame=
 0.75419	-0.22145	0.61819	-2.21454
-0.65341	-0.15964	0.73998	-1.59645
0.06518	0.96201	0.26510	9.62015
0.00000	0.00000	0.00000	1.00000

boidNo = 2
boid Wall No = 1
position = = (4.4, 8.9, 1.4)
Boid Radius= 10
Boid Frame=
 0.41169	0.43577	-0.80038	4.35771
-0.06216	0.88965	0.45240	8.89648
-0.90920	0.13649	-0.39335	1.36493
0.00000	0.00000	0.00000	1.00000

boidNo = 3
boid Wall No = 0
position = = (-0.3, -10.0, -0.2)
Boid Radius= 10
Boid Frame=
 -0.60542	-0.03450	-0.79516	-0.34501
0.00267	-0.99914	0.04132	-9.99143
0.79590	-0.02289	-0.60499	-0.22890
0.00000	0.00000	0.00000	1.00000

boidNo = 4
boid Wall No = 1
position = = (3.9, 2.1, 8.9)
Boid Radius= 10
Boid Frame=
 0.53302	0.39135	0.75016	3.91351
-0.84556	0.21450	0.48890	2.14496
-0.03042	0.89489	-0.44524	8.94894
0.00000	0.00000	0.00000	1.00000

boidNo = 5
boid Wall No = 0
position = = (-6.2, -0.9, 7.8)
Boid Radius= 10
Boid Frame=
 0.60498	-0.62232	0.49671	-6.22320
-0.68594	-0.09055	0.72200	-0.90551
0.40434	0.77751	0.48165	7.77508
0.00000	0.00000	0.00000	1.00000

boidNo = 6
boid Wall No = 1
position = = (4.9, 8.7, -0.4)
Boid Radius= 9.999999
Boid Frame=
 0.06026	0.49123	-0.86894	4.91228
-0.07818	0.87017	0.48650	8.70175
-0.99512	-0.03862	-0.09084	-0.38616
0.00000	0.00000	0.00000	1.00000

boidNo = 7
boid Wall No = 0
position = = (4.9, -2.7, 8.3)
Boid Radius= 10
Boid Frame=
 0.60884	0.48789	0.62552	4.87893
-0.57457	-0.27246	0.77177	-2.72455
-0.54697	0.82929	-0.11445	8.29294
0.00000	0.00000	0.00000	1.00000

boidNo = 8
boid Wall No = 0
position = = (3.4, -9.3, -0.9)
Boid Radius= 10
Boid Frame=
 -0.10531	0.34434	0.93292	3.44342
0.05192	-0.93495	0.35095	-9.34952
-0.99308	-0.08540	-0.08058	-0.85397
0.00000	0.00000	0.00000	1.00000

boidNo = 9
boid Wall No = 0
position = = (0.2, -10.0, 0.2)
Boid Radius= 10
Boid Frame=
 0.81015	0.01877	0.58592	0.18771
0.00196	-0.99957	0.02931	-9.99569
-0.58622	0.02259	0.80984	0.22592
0.00000	0.00000	0.00000	1.00000

boidNo = 10
boid Wall No = 0
position = = (6.5, -5.0, -5.7)
Boid Radius= 10
Boid Frame=
 -0.75645	0.65395	0.01149	6.53955
-0.41735	-0.49613	0.76137	-4.96128
-0.50360	-0.57114	-0.64822	-5.71140
0.00000	0.00000	0.00000	1.00000

boidNo = 11
boid Wall No = 1
position = = (1.4, 8.0, 5.8)
Boid Radius= 10
Boid Frame=
 0.97760	0.14447	0.15307	1.44474
-0.20653	0.79866	0.56524	7.98657
0.04059	0.58419	-0.81060	5.84186
0.00000	0.00000	0.00000	1.00000

boidNo = 12
boid Wall No = 1
position = = (1.1, 9.8, 1.8)
Boid Radius= 10
Boid Frame=
 0.95905	0.10595	0.26267	1.05950
-0.14857	0.97776	0.14805	9.77757
0.24114	0.18101	-0.95346	1.81014
0.00000	0.00000	0.00000	1.00000

boidNo = 13
boid Wall No = 1
position = = (6.6, 0.2, -7.5)
Boid Radius= 10
Boid Frame=
 -0.42505	0.65940	-0.62010	6.59402
-0.81359	0.02195	0.58102	0.21953
-0.39674	-0.75147	-0.52715	-7.51470
0.00000	0.00000	0.00000	1.00000

boidNo = 14
boid Wall No = 1
position = = (-0.5, 4.7, -8.8)
Boid Radius= 10
Boid Frame=
 -0.77326	-0.05119	-0.63201	-0.51193
-0.57622	0.47271	0.66672	4.72710
-0.26463	-0.87973	0.39503	-8.79730
0.00000	0.00000	0.00000	1.00000

boidNo = 15
boid Wall No = 0
position = = (-7.9, -4.3, 4.4)
Boid Radius= 10
Boid Frame=
 0.61040	-0.78792	-0.08119	-7.87924
-0.44718	-0.42739	0.78573	-4.27391
0.65379	0.44330	0.61322	4.43297
0.00000	0.00000	0.00000	1.00000

boidNo = 16
boid Wall No = 0
position = = (-4.8, -4.3, 7.6)
Boid Radius= 10
Boid Frame=
 0.32031	-0.47945	0.81703	-4.79451
-0.89694	-0.43098	0.09872	-4.30984
-0.30479	0.76445	0.56809	7.64448
0.00000	0.00000	0.00000	1.00000

boidNo = 17
boid Wall No = 1
position = = (-2.9, 9.2, 2.7)
Boid Radius= 10
Boid Frame=
 0.30802	-0.28829	0.90665	-2.88290
-0.18251	0.91738	0.35371	9.17377
0.93371	0.27443	-0.22996	2.74425
0.00000	0.00000	0.00000	1.00000

boidNo = 18
boid Wall No = 1
position = = (-9.1, 3.0, -3.0)
Boid Radius= 10
Boid Frame=
 -0.42102	-0.90661	0.02822	-9.06610
-0.59329	0.29879	0.74748	2.98789
0.68611	-0.29797	0.66368	-2.97966
0.00000	0.00000	0.00000	1.00000

boidNo = 19
boid Wall No = 1
position = = (-8.3, 2.4, -5.0)
Boid Radius= 10
Boid Frame=
 -0.53108	-0.83051	-0.16793	-8.30515
-0.61236	0.23923	0.75351	2.39225
0.58563	-0.50301	0.63563	-5.03007
0.00000	0.00000	0.00000	1.00000

