Iteration Num of Simuation:0
m_SimulationDeltaT of action plan:0
boidNo = 0
boid Wall No = 0
position = = (-5.4, -3.7, -7.6)
Boid Radius= 10
Boid Frame=
 -0.37888	-0.54101	-0.75084	-5.41007
-0.69625	-0.36785	0.61638	-3.67850
0.60966	-0.75631	0.23731	-7.56306
0.00000	0.00000	0.00000	1.00000

boidNo = 1
boid Wall No = 0
position = = (-0.2, -10.0, 0.2)
Boid Radius= 10
Boid Frame=
 0.97474	-0.01527	-0.22281	-0.15266
-0.01028	-0.99967	0.02352	-9.99671
0.22310	0.02063	0.97458	0.20633
0.00000	0.00000	0.00000	1.00000

boidNo = 2
boid Wall No = 1
position = = (-9.7, 0.8, 2.2)
Boid Radius= 10
Boid Frame=
 0.07633	-0.97276	0.21889	-9.72759
-0.78279	0.07752	0.61744	0.77518
0.61759	0.21847	0.75555	2.18472
0.00000	0.00000	0.00000	1.00000

boidNo = 3
boid Wall No = 1
position = = (4.4, 2.7, 8.6)
Boid Radius= 10
Boid Frame=
 0.43767	0.44346	0.78217	4.43462
-0.89752	0.26759	0.35051	2.67587
0.05386	0.85542	-0.51513	8.55417
0.00000	0.00000	0.00000	1.00000

boidNo = 4
boid Wall No = 1
position = = (3.3, 7.2, 6.1)
Boid Radius= 10
Boid Frame=
 0.94407	0.32587	0.05040	3.25873
-0.28339	0.72365	0.62930	7.23650
-0.16860	0.60839	-0.77552	6.08390
0.00000	0.00000	0.00000	1.00000

boidNo = 5
boid Wall No = 1
position = = (2.2, 8.0, -5.5)
Boid Radius= 10
Boid Frame=
 -0.70869	0.21602	-0.67164	2.16018
-0.26146	0.80378	0.53439	8.03781
-0.65529	-0.55432	0.51315	-5.54322
0.00000	0.00000	0.00000	1.00000

boidNo = 6
boid Wall No = 1
position = = (-5.5, 8.3, -1.1)
Boid Radius= 10
Boid Frame=
 -0.47554	-0.55279	0.68432	-5.52787
-0.19975	0.82544	0.52797	8.25436
0.85672	-0.11438	0.50295	-1.14380
0.00000	0.00000	0.00000	1.00000

boidNo = 7
boid Wall No = 1
position = = (1.0, 1.5, 9.8)
Boid Radius= 10
Boid Frame=
 0.78195	0.09644	0.61583	0.96441
-0.62301	0.15293	0.76712	1.52926
0.02019	0.98352	-0.17966	9.83521
0.00000	0.00000	0.00000	1.00000

boidNo = 8
boid Wall No = 0
position = = (-1.2, -9.7, 2.0)
Boid Radius= 10
Boid Frame=
 0.88194	-0.12071	-0.45565	-1.20710
-0.01031	-0.97136	0.23739	-9.71361
0.47125	0.20466	0.85792	2.04664
0.00000	0.00000	0.00000	1.00000

boidNo = 9
boid Wall No = 0
position = = (-4.7, -2.7, 8.4)
Boid Radius= 10
Boid Frame=
 0.73712	-0.47425	0.48140	-4.74247
-0.64257	-0.27137	0.71657	-2.71368
0.20919	0.83753	0.50477	8.37526
0.00000	0.00000	0.00000	1.00000

boidNo = 10
boid Wall No = 0
position = = (0.1, -2.8, -9.6)
Boid Radius= 10
Boid Frame=
 -0.71279	0.00591	-0.70135	0.05913
-0.67483	-0.27830	0.68349	-2.78296
0.19114	-0.96048	-0.20236	-9.60477
0.00000	0.00000	0.00000	1.00000

boidNo = 11
boid Wall No = 1
position = = (-4.9, 1.6, -8.5)
Boid Radius= 10
Boid Frame=
 -0.72656	-0.49276	-0.47885	-4.92761
-0.61784	0.16359	0.76910	1.63594
0.30064	-0.85465	0.42331	-8.54649
0.00000	0.00000	0.00000	1.00000

boidNo = 12
boid Wall No = 1
position = = (-10.0, 0.0, -1.0)
Boid Radius= 10
Boid Frame=
 -0.06455	-0.99530	-0.07214	-9.95304
-0.76100	0.00233	0.64875	0.02333
0.64553	-0.09677	0.75758	-0.96775
0.00000	0.00000	0.00000	1.00000

boidNo = 13
boid Wall No = 0
position = = (3.2, -5.7, -7.6)
Boid Radius= 10
Boid Frame=
 -0.89949	0.31568	-0.30210	3.15685
-0.43411	-0.56699	0.70005	-5.66993
-0.04971	-0.76083	-0.64704	-7.60830
0.00000	0.00000	0.00000	1.00000

boidNo = 14
boid Wall No = 0
position = = (-0.2, -10.0, -0.1)
Boid Radius= 10
Boid Frame=
 -0.84019	-0.02339	-0.54178	-0.23387
0.01191	-0.99962	0.02468	-9.99624
0.54216	-0.01428	-0.84015	-0.14284
0.00000	0.00000	0.00000	1.00000

boidNo = 15
boid Wall No = 0
position = = (-3.8, -2.2, 9.0)
Boid Radius= 10
Boid Frame=
 0.80384	-0.38425	0.45409	-3.84254
-0.55756	-0.22069	0.80026	-2.20691
0.20729	0.89646	0.39165	8.96462
0.00000	0.00000	0.00000	1.00000

boidNo = 16
boid Wall No = 0
position = = (0.8, -8.3, 5.6)
Boid Radius= 10
Boid Frame=
 0.97940	0.08320	0.18401	0.83200
-0.03578	-0.82528	0.56360	-8.25275
-0.19875	0.55857	0.80529	5.58568
0.00000	0.00000	0.00000	1.00000

boidNo = 17
boid Wall No = 1
position = = (-3.1, 5.6, 7.7)
Boid Radius= 10
Boid Frame=
 0.61573	-0.31246	0.72336	-3.12456
-0.49601	0.55962	0.66393	5.59615
0.61225	0.76760	-0.18959	7.67595
0.00000	0.00000	0.00000	1.00000

boidNo = 18
boid Wall No = 0
position = = (8.1, -5.9, 0.2)
Boid Radius= 10
Boid Frame=
 -0.20822	0.80684	0.55286	8.06835
-0.30824	-0.59058	0.74579	-5.90583
-0.92824	0.01512	-0.37167	0.15122
0.00000	0.00000	0.00000	1.00000

boidNo = 19
boid Wall No = 0
position = = (-1.0, -9.9, -0.7)
Boid Radius= 10
Boid Frame=
 -0.65982	-0.09529	-0.74535	-0.95291
0.00785	-0.99275	0.11997	-9.92746
0.75138	-0.07331	-0.65578	-0.73311
0.00000	0.00000	0.00000	1.00000

