Iteration Num of Simuation:0
m_SimulationDeltaT of action plan:0
boidNo = 0
boid Wall No = 1
position = = (-1.0, 2.5, -9.6)
Boid Radius= 10
Boid Frame=
 -0.79906	-0.10026	-0.59283	-1.00264
-0.59729	0.24534	0.76358	2.45336
-0.06888	-0.96424	0.25593	-9.64239
0.00000	0.00000	0.00000	1.00000

boidNo = 1
boid Wall No = 0
position = = (8.8, -1.0, 4.6)
Boid Radius= 10
Boid Frame=
 0.26745	0.88319	0.38529	8.83190
-0.69090	-0.10294	0.71558	-1.02943
-0.67165	0.45758	-0.58267	4.57579
0.00000	0.00000	0.00000	1.00000

boidNo = 2
boid Wall No = 1
position = = (-1.6, 7.4, 6.5)
Boid Radius= 10
Boid Frame=
 0.78235	-0.15941	0.60209	-1.59408
-0.30619	0.74337	0.59468	7.43372
0.54237	0.64961	-0.53277	6.49606
0.00000	0.00000	0.00000	1.00000

boidNo = 3
boid Wall No = 0
position = = (-1.2, -9.3, -3.5)
Boid Radius= 10
Boid Frame=
 0.73382	-0.12066	-0.66854	-1.20664
-0.32275	-0.92787	-0.18680	-9.27868
0.59778	-0.35285	0.71983	-3.52848
0.00000	0.00000	0.00000	1.00000

boidNo = 4
boid Wall No = 0
position = = (2.4, -9.7, 0.7)
Boid Radius= 10
Boid Frame=
 0.40975	0.24164	0.87961	2.41643
0.03431	-0.96768	0.24985	-9.67675
-0.91155	0.07220	0.40479	0.72201
0.00000	0.00000	0.00000	1.00000

boidNo = 5
boid Wall No = 1
position = = (4.3, 5.4, -7.2)
Boid Radius= 10
Boid Frame=
 -0.56252	0.43388	-0.70379	4.33884
-0.46205	0.54093	0.70278	5.40925
-0.68562	-0.72052	0.10380	-7.20517
0.00000	0.00000	0.00000	1.00000

boidNo = 6
boid Wall No = 1
position = = (-3.3, 8.1, -4.8)
Boid Radius= 10
Boid Frame=
 -0.93540	-0.33376	0.11675	-3.33760
-0.22291	0.81293	0.53800	8.12935
0.27447	-0.47722	0.83482	-4.77222
0.00000	0.00000	0.00000	1.00000

boidNo = 7
boid Wall No = 0
position = = (0.8, -9.9, -1.0)
Boid Radius= 10
Boid Frame=
 -0.84782	0.07517	0.52493	0.75171
-0.01032	-0.99205	0.12539	-9.92054
-0.53019	-0.10089	-0.84186	-1.00892
0.00000	0.00000	0.00000	1.00000

boidNo = 8
boid Wall No = 1
position = = (1.9, 4.2, -8.9)
Boid Radius= 9.999999
Boid Frame=
 -0.60163	0.19145	-0.77550	1.91446
-0.66469	0.41842	0.61896	4.18418
-0.44298	-0.88785	0.12448	-8.87848
0.00000	0.00000	0.00000	1.00000

boidNo = 9
boid Wall No = 0
position = = (-5.6, -6.8, -4.7)
Boid Radius= 10
Boid Frame=
 -0.47653	-0.55917	-0.67842	-5.59171
-0.20412	-0.68021	0.70402	-6.80210
0.85514	-0.47396	-0.21000	-4.73964
0.00000	0.00000	0.00000	1.00000

boidNo = 10
boid Wall No = 1
position = = (4.5, 8.8, 1.3)
Boid Radius= 10
Boid Frame=
 0.63928	0.44916	-0.62416	4.49155
-0.21868	0.88436	0.41241	8.84360
-0.73722	0.12715	-0.66358	1.27154
0.00000	0.00000	0.00000	1.00000

boidNo = 11
boid Wall No = 1
position = = (-3.5, 9.0, -2.4)
Boid Radius= 10
Boid Frame=
 -0.80644	-0.35017	0.47649	-3.50169
-0.15818	0.90418	0.39678	9.04184
0.56977	-0.24461	0.78456	-2.44607
0.00000	0.00000	0.00000	1.00000

boidNo = 12
boid Wall No = 1
position = = (1.1, 9.4, 3.3)
Boid Radius= 10
Boid Frame=
 0.95052	0.11358	0.28915	1.13583
-0.19957	0.93655	0.28817	9.36552
0.23807	0.33162	-0.91288	3.31615
0.00000	0.00000	0.00000	1.00000

boidNo = 13
boid Wall No = 0
position = = (5.1, -8.5, 1.0)
Boid Radius= 10
Boid Frame=
 0.31048	0.50938	0.80258	5.09380
0.06961	-0.85422	0.51523	-8.54222
-0.94803	0.10410	0.30068	1.04100
0.00000	0.00000	0.00000	1.00000

boidNo = 14
boid Wall No = 1
position = = (1.8, 5.8, -8.0)
Boid Radius= 10
Boid Frame=
 -0.63069	0.17612	-0.75578	1.76119
-0.55719	0.57512	0.59898	5.75120
-0.54016	-0.79889	0.26459	-7.98886
0.00000	0.00000	0.00000	1.00000

boidNo = 15
boid Wall No = 1
position = = (-1.6, 0.2, -9.9)
Boid Radius= 9.999999
Boid Frame=
 -0.62787	-0.16121	-0.76144	-1.61211
-0.77345	0.01999	0.63354	0.19994
0.08691	-0.98672	0.13724	-9.86717
0.00000	0.00000	0.00000	1.00000

boidNo = 16
boid Wall No = 0
position = = (0.2, -10.0, 0.1)
Boid Radius= 10
Boid Frame=
 0.21971	0.01950	0.97537	0.19505
-0.00302	-0.99978	0.02067	-9.99782
-0.97556	0.00749	0.21961	0.07487
0.00000	0.00000	0.00000	1.00000

boidNo = 17
boid Wall No = 1
position = = (-6.9, 1.1, -7.1)
Boid Radius= 10
Boid Frame=
 -0.58504	-0.69434	-0.41907	-6.94338
-0.66357	0.11274	0.73957	1.12739
0.46627	-0.71076	0.52670	-7.10764
0.00000	0.00000	0.00000	1.00000

boidNo = 18
boid Wall No = 1
position = = (3.3, 9.4, -0.8)
Boid Radius= 10
Boid Frame=
 0.35531	0.33305	-0.87340	3.33051
-0.20811	0.93911	0.27345	9.39106
-0.91129	-0.08460	-0.40298	-0.84604
0.00000	0.00000	0.00000	1.00000

boidNo = 19
boid Wall No = 0
position = = (-1.8, -9.4, 3.0)
Boid Radius= 10
Boid Frame=
 0.46424	-0.18314	-0.86657	-1.83144
0.18998	-0.93503	0.29939	-9.35027
0.86510	0.30362	0.39928	3.03617
0.00000	0.00000	0.00000	1.00000

