Iteration Num of Simuation:0
m_SimulationDeltaT of action plan:0
boidNo = 0
boid Wall No = 0
position = = (0.1, -12.0, -0.9)
Boid Radius= 12
Boid Frame=
 -0.99994	0.01068	0.00325	0.12816
-0.01040	-0.99706	0.07596	-11.96468
-0.00405	-0.07592	-0.99711	-0.91106
0.00000	0.00000	0.00000	1.00000

boidNo = 1
boid Wall No = 1
position = = (7.9, 2.4, 8.7)
Boid Radius= 12
Boid Frame=
 0.45724	0.65426	0.60238	7.85117
-0.87317	0.20169	0.44373	2.42026
-0.16882	0.72888	-0.66351	8.74651
0.00000	0.00000	0.00000	1.00000

boidNo = 2
boid Wall No = 1
position = = (5.4, 7.7, -7.4)
Boid Radius= 12
Boid Frame=
 -0.47089	0.45278	-0.75714	5.43334
-0.41662	0.64238	0.64326	7.70855
-0.77762	-0.61834	0.11385	-7.42005
0.00000	0.00000	0.00000	1.00000

boidNo = 3
boid Wall No = 1
position = = (-11.0, 0.9, 4.7)
Boid Radius= 12
Boid Frame=
 0.19336	-0.91584	0.35191	-10.99013
-0.77712	0.07599	0.62475	0.91184
0.59891	0.39428	0.69703	4.73135
0.00000	0.00000	0.00000	1.00000

boidNo = 4
boid Wall No = 0
position = = (-0.3, -8.4, -8.5)
Boid Radius= 12
Boid Frame=
 -0.74395	-0.02635	-0.66771	-0.31619
-0.46070	-0.70355	0.54108	-8.44265
0.48403	-0.71015	-0.51127	-8.52184
0.00000	0.00000	0.00000	1.00000

boidNo = 5
boid Wall No = 1
position = = (-7.3, 0.6, -9.5)
Boid Radius= 12
Boid Frame=
 -0.56895	-0.60562	-0.55636	-7.26738
-0.72695	0.05405	0.68456	0.64857
0.38451	-0.79392	0.47100	-9.52704
0.00000	0.00000	0.00000	1.00000

boidNo = 6
boid Wall No = 0
position = = (3.5, -9.0, -7.1)
Boid Radius= 12
Boid Frame=
 -0.93287	0.29541	0.20614	3.54493
-0.09260	-0.74968	0.65529	-8.99616
-0.34812	-0.59221	-0.72671	-7.10651
0.00000	0.00000	0.00000	1.00000

boidNo = 7
boid Wall No = 1
position = = (3.0, 11.6, 0.8)
Boid Radius= 12
Boid Frame=
 0.83521	0.25126	-0.48918	3.01514
-0.18044	0.96548	0.18784	11.58581
-0.51949	0.06862	-0.85172	0.82343
0.00000	0.00000	0.00000	1.00000

boidNo = 8
boid Wall No = 0
position = = (0.5, -12.0, -0.5)
Boid Radius= 12
Boid Frame=
 -0.67219	0.04418	0.73906	0.53020
-0.00015	-0.99823	0.05954	-11.97871
-0.74038	-0.03992	-0.67101	-0.47899
0.00000	0.00000	0.00000	1.00000

boidNo = 9
boid Wall No = 1
position = = (4.5, 10.9, 2.4)
Boid Radius= 12
Boid Frame=
 0.60326	0.37500	-0.70389	4.49995
-0.07343	0.90493	0.41917	10.85920
-0.79416	0.20118	-0.57345	2.41418
0.00000	0.00000	0.00000	1.00000

boidNo = 10
boid Wall No = 1
position = = (-9.3, 7.1, -2.9)
Boid Radius= 12
Boid Frame=
 -0.54207	-0.77148	0.33314	-9.25775
-0.40782	0.58814	0.69841	7.05763
0.73474	-0.24273	0.63344	-2.91272
0.00000	0.00000	0.00000	1.00000

boidNo = 11
boid Wall No = 1
position = = (-0.1, 10.8, 5.3)
Boid Radius= 12
Boid Frame=
 0.43575	-0.00486	0.90005	-0.05826
-0.39223	0.89902	0.19474	10.78819
0.81011	0.43789	-0.38984	5.25466
0.00000	0.00000	0.00000	1.00000

boidNo = 12
boid Wall No = 1
position = = (2.5, 11.6, 1.9)
Boid Radius= 12
Boid Frame=
 0.55887	0.20650	-0.80313	2.47800
0.01297	0.96620	0.25746	11.59443
-0.82915	0.15431	-0.53730	1.85167
0.00000	0.00000	0.00000	1.00000

boidNo = 13
boid Wall No = 1
position = = (9.9, 6.3, -2.4)
Boid Radius= 12
Boid Frame=
 0.08574	0.82879	-0.55295	9.94552
-0.47246	0.52244	0.70981	6.26933
-0.87717	-0.20039	-0.43637	-2.40463
0.00000	0.00000	0.00000	1.00000

boidNo = 14
boid Wall No = 1
position = = (1.6, 11.5, 2.9)
Boid Radius= 12
Boid Frame=
 0.92719	0.13654	-0.34883	1.63847
-0.03901	0.96134	0.27260	11.53605
-0.37256	0.23914	-0.89667	2.86966
0.00000	0.00000	0.00000	1.00000

boidNo = 15
boid Wall No = 0
position = = (-10.1, -2.4, -5.9)
Boid Radius= 12
Boid Frame=
 -0.20284	-0.84572	-0.49357	-10.14864
-0.73468	-0.20180	0.64770	-2.42155
0.64738	-0.49400	0.58040	-5.92800
0.00000	0.00000	0.00000	1.00000

boidNo = 16
boid Wall No = 1
position = = (-6.0, 9.5, 4.1)
Boid Radius= 12
Boid Frame=
 0.30860	-0.49922	0.80966	-5.99069
-0.20750	0.79537	0.56950	9.54440
0.92828	0.34375	-0.14186	4.12505
0.00000	0.00000	0.00000	1.00000

boidNo = 17
boid Wall No = 0
position = = (8.5, -8.0, 2.7)
Boid Radius= 12
Boid Frame=
 0.08478	0.70688	0.70223	8.48259
-0.23635	-0.67039	0.70336	-8.04464
-0.96796	0.22561	-0.11024	2.70729
0.00000	0.00000	0.00000	1.00000

boidNo = 18
boid Wall No = 1
position = = (4.2, 6.2, -9.4)
Boid Radius= 12
Boid Frame=
 -0.35631	0.35024	-0.86624	4.20289
-0.69726	0.51747	0.49603	6.20968
-0.62199	-0.78074	-0.05983	-9.36886
0.00000	0.00000	0.00000	1.00000

boidNo = 19
boid Wall No = 0
position = = (4.9, -3.7, 10.3)
Boid Radius= 12
Boid Frame=
 0.33135	0.41175	0.84892	4.94105
-0.82531	-0.30955	0.47227	-3.71461
-0.45724	0.85711	-0.23726	10.28532
0.00000	0.00000	0.00000	1.00000

boidNo = 20
boid Wall No = 0
position = = (-6.4, -0.7, 10.1)
Boid Radius= 12
Boid Frame=
 0.71396	-0.53116	0.45622	-6.37390
-0.56650	-0.05526	0.82221	-0.66311
0.41151	0.84547	0.34035	10.14562
0.00000	0.00000	0.00000	1.00000

boidNo = 21
boid Wall No = 1
position = = (-1.9, 9.2, -7.4)
Boid Radius= 12
Boid Frame=
 -0.97583	-0.15786	-0.15113	-1.89427
-0.21752	0.76836	0.60192	9.22030
-0.02110	-0.62025	0.78412	-7.44297
0.00000	0.00000	0.00000	1.00000

boidNo = 22
boid Wall No = 0
position = = (-3.5, -5.3, 10.2)
Boid Radius= 12
Boid Frame=
 0.89352	-0.29196	0.34114	-3.50355
-0.44219	-0.44018	0.78148	-5.28217
0.07800	0.84912	0.52241	10.18939
0.00000	0.00000	0.00000	1.00000

boidNo = 23
boid Wall No = 0
position = = (-3.0, -11.6, 0.0)
Boid Radius= 12
Boid Frame=
 0.94453	-0.25339	0.20896	-3.04067
-0.24679	-0.96736	-0.05753	-11.60832
-0.21671	-0.00277	0.97623	-0.03320
0.00000	0.00000	0.00000	1.00000

boidNo = 24
boid Wall No = 0
position = = (0.9, -8.9, -7.9)
Boid Radius= 12
Boid Frame=
 -0.28814	0.07708	-0.95448	0.92490
-0.65242	-0.74542	0.13676	-8.94502
0.70095	-0.66213	-0.26507	-7.94551
0.00000	0.00000	0.00000	1.00000

boidNo = 25
boid Wall No = 0
position = = (11.0, -4.8, 0.4)
Boid Radius= 12
Boid Frame=
 -0.21243	0.91600	0.34033	10.99196
-0.55029	-0.39994	0.73296	-4.79930
-0.80750	0.03158	-0.58902	0.37895
0.00000	0.00000	0.00000	1.00000

boidNo = 26
boid Wall No = 0
position = = (2.8, -10.5, 5.2)
Boid Radius= 12
Boid Frame=
 0.88663	0.22992	0.40128	2.75903
0.00456	-0.87197	0.48954	-10.46365
-0.46246	0.43221	0.77416	5.18651
0.00000	0.00000	0.00000	1.00000

boidNo = 27
boid Wall No = 1
position = = (7.8, 8.4, -3.5)
Boid Radius= 12
Boid Frame=
 -0.07988	0.65381	-0.75243	7.84571
-0.31939	0.69826	0.64065	8.37910
-0.94425	-0.29149	-0.15304	-3.49792
0.00000	0.00000	0.00000	1.00000

boidNo = 28
boid Wall No = 1
position = = (4.6, 10.9, -1.9)
Boid Radius= 12
Boid Frame=
 0.27447	0.38277	-0.88213	4.59326
-0.27260	0.91070	0.31035	10.92839
-0.92215	-0.15528	-0.35430	-1.86341
0.00000	0.00000	0.00000	1.00000

boidNo = 29
boid Wall No = 1
position = = (8.7, 7.2, 4.0)
Boid Radius= 12
Boid Frame=
 0.65936	0.72320	-0.20551	8.67838
-0.45888	0.60364	0.65195	7.24368
-0.59555	0.33556	-0.72988	4.02677
0.00000	0.00000	0.00000	1.00000

