Iteration Num of Simuation:0
m_SimulationDeltaT of action plan:0
boidNo = 0
boid Wall No = 0
position = = (-8.6, -3.2, 4.0)
Boid Radius= 10
Boid Frame=
 0.45796	-0.85993	0.22537	-8.59930
-0.82932	-0.32197	0.45669	-3.21970
0.32016	0.39605	0.86061	3.96050
0.00000	0.00000	0.00000	1.00000

boidNo = 1
boid Wall No = 1
position = = (2.4, 8.0, 5.5)
Boid Radius= 10
Boid Frame=
 0.96995	0.24071	-0.03537	2.40715
-0.17722	0.79861	0.57516	7.98614
-0.16670	0.55161	-0.81727	5.51610
0.00000	0.00000	0.00000	1.00000

boidNo = 2
boid Wall No = 1
position = = (-2.7, 9.6, 0.2)
Boid Radius= 10
Boid Frame=
 -0.52547	-0.27426	0.80540	-2.74264
-0.16584	0.96148	0.21922	9.61479
0.83450	0.01838	0.55071	0.18379
0.00000	0.00000	0.00000	1.00000

boidNo = 3
boid Wall No = 0
position = = (1.1, -9.0, 4.1)
Boid Radius= 9.999999
Boid Frame=
 0.96298	0.11180	0.24531	1.11803
-0.00411	-0.90376	0.42803	-9.03757
-0.26955	0.41319	0.86984	4.13186
0.00000	0.00000	0.00000	1.00000

boidNo = 4
boid Wall No = 0
position = = (2.9, -9.6, 0.5)
Boid Radius= 10
Boid Frame=
 0.38059	0.28797	0.87876	2.87974
0.06756	-0.95640	0.28416	-9.56395
-0.92227	0.04878	0.38345	0.48782
0.00000	0.00000	0.00000	1.00000

boidNo = 5
boid Wall No = 0
position = = (8.9, -2.7, -3.6)
Boid Radius= 10
Boid Frame=
 -0.42921	0.89261	-0.13793	8.92610
-0.75783	-0.27283	0.59267	-2.72828
-0.49139	-0.35891	-0.79355	-3.58905
0.00000	0.00000	0.00000	1.00000

boidNo = 6
boid Wall No = 1
position = = (2.6, 7.7, 5.8)
Boid Radius= 10
Boid Frame=
 0.96370	0.26247	0.04883	2.62467
-0.23942	0.76877	0.59302	7.68767
-0.11811	0.58319	-0.80371	5.83188
0.00000	0.00000	0.00000	1.00000

boidNo = 7
boid Wall No = 1
position = = (-0.7, 10.0, -0.7)
Boid Radius= 10
Boid Frame=
 -0.34710	-0.06685	0.93544	-0.66855
0.04091	0.99543	0.08632	9.95427
0.93694	-0.06823	0.34277	-0.68229
0.00000	0.00000	0.00000	1.00000

boidNo = 8
boid Wall No = 0
position = = (-5.3, -8.3, 1.8)
Boid Radius= 10
Boid Frame=
 0.23437	-0.52707	-0.81687	-5.27067
0.06502	-0.82989	0.55413	-8.29890
0.96997	0.18299	0.16023	1.82985
0.00000	0.00000	0.00000	1.00000

boidNo = 9
boid Wall No = 1
position = = (1.4, 8.2, -5.6)
Boid Radius= 10
Boid Frame=
 -0.51677	0.14103	-0.84443	1.41028
-0.42226	0.81603	0.39470	8.16031
-0.74474	-0.56054	0.36215	-5.60539
0.00000	0.00000	0.00000	1.00000

boidNo = 10
boid Wall No = 1
position = = (5.7, 4.5, -6.9)
Boid Radius= 10
Boid Frame=
 -0.47626	0.56695	-0.67212	5.66951
-0.50771	0.44678	0.73663	4.46783
-0.71792	-0.69206	-0.07506	-6.92063
0.00000	0.00000	0.00000	1.00000

boidNo = 11
boid Wall No = 1
position = = (-3.0, 9.5, -0.9)
Boid Radius= 9.999999
Boid Frame=
 -0.75707	-0.29857	0.58112	-2.98566
-0.17945	0.95029	0.25445	9.50291
0.62821	-0.08835	0.77302	-0.88351
0.00000	0.00000	0.00000	1.00000

boidNo = 12
boid Wall No = 0
position = = (2.5, -0.4, 9.7)
Boid Radius= 10
Boid Frame=
 0.54938	0.24634	0.79844	2.46337
-0.81652	-0.04461	0.57559	-0.44615
-0.17741	0.96816	-0.17663	9.68157
0.00000	0.00000	0.00000	1.00000

boidNo = 13
boid Wall No = 1
position = = (-3.4, 9.1, -2.1)
Boid Radius= 10
Boid Frame=
 -0.76719	-0.34417	0.54127	-3.44166
-0.14430	0.91483	0.37717	9.14833
0.62498	-0.21126	0.75151	-2.11261
0.00000	0.00000	0.00000	1.00000

boidNo = 14
boid Wall No = 0
position = = (-2.9, -9.6, -0.7)
Boid Radius= 10
Boid Frame=
 -0.29989	-0.28574	-0.91018	-2.85737
0.01847	-0.95565	0.29393	-9.55649
0.95379	-0.07134	-0.29187	-0.71339
0.00000	0.00000	0.00000	1.00000

boidNo = 15
boid Wall No = 0
position = = (-3.1, -6.7, -6.7)
Boid Radius= 10
Boid Frame=
 -0.36500	-0.31357	-0.87661	-3.13565
-0.56472	-0.67402	0.47623	-6.74017
0.74018	-0.66886	-0.06894	-6.68863
0.00000	0.00000	0.00000	1.00000

boidNo = 16
boid Wall No = 0
position = = (8.9, -4.3, -1.2)
Boid Radius= 10
Boid Frame=
 -0.31951	0.89330	0.31612	8.93296
-0.43113	-0.43412	0.79099	-4.34125
-0.84383	-0.11644	-0.52383	-1.16443
0.00000	0.00000	0.00000	1.00000

boidNo = 17
boid Wall No = 0
position = = (-5.5, 0.0, -8.3)
Boid Radius= 10
Boid Frame=
 -0.46746	-0.55043	-0.69174	-5.50434
-0.82849	-0.00016	0.56000	-0.00156
0.30835	-0.83488	0.45596	-8.34879
0.00000	0.00000	0.00000	1.00000

boidNo = 18
boid Wall No = 0
position = = (-0.1, -9.9, -1.3)
Boid Radius= 10
Boid Frame=
 -0.99189	-0.01149	-0.12654	-0.11488
-0.00465	-0.99196	0.12648	-9.91958
0.12698	-0.12605	-0.98386	-1.26046
0.00000	0.00000	0.00000	1.00000

boidNo = 19
boid Wall No = 0
position = = (-1.4, -9.7, 2.0)
Boid Radius= 10
Boid Frame=
 0.84963	-0.14051	-0.50832	-1.40515
-0.01329	-0.96925	0.24571	-9.69251
0.52721	0.20201	0.82537	2.02009
0.00000	0.00000	0.00000	1.00000

