Iteration Num of Simuation:0
m_SimulationDeltaT of action plan:0
boidNo = 0
boid Wall No = 1
position = = (7.9, 6.0, -1.1)
Boid Radius= 10
Boid Frame=
 0.30825	0.79387	-0.52417	7.93866
-0.54573	0.59889	0.58609	5.98890
-0.77920	-0.10539	-0.61785	-1.05393
0.00000	0.00000	0.00000	1.00000

boidNo = 1
boid Wall No = 1
position = = (4.1, 6.7, -6.2)
Boid Radius= 10
Boid Frame=
 -0.49274	0.41423	-0.76525	4.14234
-0.40405	0.66996	0.62282	6.69956
-0.77068	-0.61609	0.16274	-6.16092
0.00000	0.00000	0.00000	1.00000

boidNo = 2
boid Wall No = 0
position = = (-6.7, -5.4, 5.1)
Boid Radius= 10
Boid Frame=
 0.73963	-0.66880	-0.07519	-6.68805
-0.41786	-0.54392	0.72770	-5.43920
0.52759	0.50681	0.68176	5.06805
0.00000	0.00000	0.00000	1.00000

boidNo = 3
boid Wall No = 0
position = = (4.5, -0.6, -8.9)
Boid Radius= 9.999999
Boid Frame=
 -0.67587	0.44655	-0.58633	4.46549
-0.67805	-0.06494	0.73214	-0.64943
-0.28886	-0.89240	-0.34668	-8.92399
0.00000	0.00000	0.00000	1.00000

boidNo = 4
boid Wall No = 0
position = = (-6.9, -7.2, -0.4)
Boid Radius= 10
Boid Frame=
 0.10366	-0.69296	-0.71348	-6.92961
-0.15729	-0.71974	0.67619	-7.19744
0.98210	-0.04213	0.18360	-0.42130
0.00000	0.00000	0.00000	1.00000

boidNo = 5
boid Wall No = 1
position = = (-2.2, 9.3, -2.8)
Boid Radius= 9.999999
Boid Frame=
 -0.90972	-0.22283	-0.35036	-2.22833
-0.30357	0.93263	0.19506	9.32631
-0.28329	-0.28380	0.91608	-2.83804
0.00000	0.00000	0.00000	1.00000

boidNo = 6
boid Wall No = 1
position = = (5.3, 8.2, -2.2)
Boid Radius= 10
Boid Frame=
 0.06335	0.52560	-0.84837	5.25604
-0.29343	0.82231	0.48755	8.22310
-0.95388	-0.21805	-0.20633	-2.18052
0.00000	0.00000	0.00000	1.00000

boidNo = 7
boid Wall No = 0
position = = (-1.5, -8.8, 4.6)
Boid Radius= 10
Boid Frame=
 0.95682	-0.15117	-0.24829	-1.51169
-0.01422	-0.87746	0.47944	-8.77459
0.29034	0.45521	0.84172	4.55208
0.00000	0.00000	0.00000	1.00000

boidNo = 8
boid Wall No = 0
position = = (-6.9, -0.7, 7.2)
Boid Radius= 10
Boid Frame=
 0.59036	-0.69480	0.41075	-6.94804
-0.62673	-0.07393	0.77572	-0.73932
0.50861	0.71539	0.47910	7.15389
0.00000	0.00000	0.00000	1.00000

boidNo = 9
boid Wall No = 1
position = = (4.1, 5.4, 7.4)
Boid Radius= 10
Boid Frame=
 0.80140	0.40818	0.43719	4.08184
-0.59806	0.53583	0.59600	5.35826
-0.00902	0.73911	-0.67353	7.39105
0.00000	0.00000	0.00000	1.00000

boidNo = 10
boid Wall No = 1
position = = (6.5, 6.0, 4.6)
Boid Radius= 10
Boid Frame=
 0.74193	0.65385	-0.14838	6.53852
-0.39341	0.60375	0.69333	6.03753
-0.54292	0.45603	-0.70518	4.56026
0.00000	0.00000	0.00000	1.00000

boidNo = 11
boid Wall No = 1
position = = (9.4, 1.0, -3.1)
Boid Radius= 10
Boid Frame=
 -0.09369	0.94478	-0.31402	9.44783
-0.83022	0.09994	0.54841	0.99940
-0.54951	-0.31209	-0.77501	-3.12085
0.00000	0.00000	0.00000	1.00000

boidNo = 12
boid Wall No = 0
position = = (9.1, -0.9, -4.0)
Boid Radius= 10
Boid Frame=
 -0.37915	0.91165	-0.15857	9.11646
-0.56713	-0.09353	0.81830	-0.93533
-0.73117	-0.40019	-0.55249	-4.00192
0.00000	0.00000	0.00000	1.00000

boidNo = 13
boid Wall No = 1
position = = (3.5, 8.0, 4.8)
Boid Radius= 9.999999
Boid Frame=
 0.92835	0.35313	0.11603	3.53129
-0.36408	0.80099	0.47525	8.00990
-0.07488	0.48344	-0.87217	4.83440
0.00000	0.00000	0.00000	1.00000

boidNo = 14
boid Wall No = 1
position = = (8.0, 2.5, 5.5)
Boid Radius= 10
Boid Frame=
 0.46564	0.79591	0.38692	7.95911
-0.83313	0.24680	0.49495	2.46800
-0.29845	0.55283	-0.77802	5.52825
0.00000	0.00000	0.00000	1.00000

boidNo = 15
boid Wall No = 0
position = = (10.0, -0.3, 0.4)
Boid Radius= 9.999999
Boid Frame=
 -0.03127	0.99861	0.04243	9.98610
-0.99943	-0.03178	0.01152	-0.31783
-0.01286	0.04205	-0.99903	0.42045
0.00000	0.00000	0.00000	1.00000

boidNo = 16
boid Wall No = 0
position = = (-1.0, -9.8, -1.7)
Boid Radius= 10
Boid Frame=
 -0.79594	-0.09857	-0.59729	-0.98570
-0.02302	-0.98101	0.19257	-9.81012
0.60493	-0.16703	-0.77856	-1.67030
0.00000	0.00000	0.00000	1.00000

boidNo = 17
boid Wall No = 0
position = = (-9.4, -1.7, 2.9)
Boid Radius= 10
Boid Frame=
 0.31632	-0.94160	0.11545	-9.41601
-0.74640	-0.17192	0.64291	-1.71918
0.58552	0.28954	0.75719	2.89538
0.00000	0.00000	0.00000	1.00000

boidNo = 18
boid Wall No = 1
position = = (-6.9, 7.0, -1.9)
Boid Radius= 10
Boid Frame=
 -0.59430	-0.68868	0.41536	-6.88682
-0.39094	0.69871	0.59914	6.98714
0.70283	-0.19369	0.68448	-1.93688
0.00000	0.00000	0.00000	1.00000

boidNo = 19
boid Wall No = 0
position = = (-5.3, -7.4, 4.2)
Boid Radius= 10
Boid Frame=
 0.71444	-0.53418	-0.45191	-5.34184
-0.12879	-0.73523	0.66547	-7.35228
0.68774	0.41724	0.59408	4.17239
0.00000	0.00000	0.00000	1.00000

