Iteration Num of Simuation:0
m_SimulationDeltaT of action plan:0
boidNo = 0
boid Wall No = 1
position = = (5.2, 8.5, 1.3)
Boid Radius= 10
Boid Frame=
 0.81718	0.51782	-0.25313	5.17821
-0.44571	0.84618	0.29210	8.46178
-0.36544	0.12588	-0.92228	1.25876
0.00000	0.00000	0.00000	1.00000

boidNo = 1
boid Wall No = 1
position = = (-5.2, 6.1, 6.0)
Boid Radius= 10
Boid Frame=
 0.40056	-0.51782	0.75592	-5.17821
-0.44356	0.61230	0.65448	6.12300
0.80175	0.59745	-0.01558	5.97453
0.00000	0.00000	0.00000	1.00000

boidNo = 2
boid Wall No = 1
position = = (6.5, 0.7, -7.6)
Boid Radius= 10
Boid Frame=
 -0.55765	0.64530	-0.52213	6.45296
-0.63739	0.07008	0.76735	0.70081
-0.53176	-0.76071	-0.37222	-7.60711
0.00000	0.00000	0.00000	1.00000

boidNo = 3
boid Wall No = 1
position = = (-7.6, 6.5, 0.1)
Boid Radius= 10
Boid Frame=
 -0.29922	-0.75903	0.57822	-7.59029
-0.35743	0.65103	0.66963	6.51027
0.88471	0.00630	0.46610	0.06302
0.00000	0.00000	0.00000	1.00000

boidNo = 4
boid Wall No = 0
position = = (0.7, -4.4, 8.9)
Boid Radius= 10
Boid Frame=
 -0.26329	0.06528	0.96251	0.65276
-0.87226	-0.44232	-0.20860	-4.42320
-0.41212	0.89448	-0.17339	8.94479
0.00000	0.00000	0.00000	1.00000

boidNo = 5
boid Wall No = 0
position = = (0.4, -9.9, -1.1)
Boid Radius= 10
Boid Frame=
 -0.95664	0.03537	0.28911	0.35369
-0.00301	-0.99375	0.11162	-9.93746
-0.29125	-0.10591	-0.95077	-1.05913
0.00000	0.00000	0.00000	1.00000

boidNo = 6
boid Wall No = 1
position = = (7.6, 6.1, -2.3)
Boid Radius= 10
Boid Frame=
 0.15585	0.75960	-0.63144	7.59600
-0.51223	0.60873	0.60585	6.08734
-0.84459	-0.22902	-0.48397	-2.29020
0.00000	0.00000	0.00000	1.00000

boidNo = 7
boid Wall No = 1
position = = (-3.0, 9.4, 1.4)
Boid Radius= 10
Boid Frame=
 0.12276	-0.30381	0.94479	-3.03806
-0.10346	0.94289	0.31664	9.42889
0.98703	0.13661	-0.08432	1.36614
0.00000	0.00000	0.00000	1.00000

boidNo = 8
boid Wall No = 0
position = = (4.8, -8.4, -2.5)
Boid Radius= 10
Boid Frame=
 -0.35619	0.48167	0.80070	4.81672
0.07560	-0.83924	0.53848	-8.39239
-0.93135	-0.25233	-0.26251	-2.52331
0.00000	0.00000	0.00000	1.00000

boidNo = 9
boid Wall No = 1
position = = (3.0, 8.0, -5.3)
Boid Radius= 10
Boid Frame=
 -0.71222	0.29694	-0.63605	2.96941
-0.18257	0.79658	0.57631	7.96576
-0.67780	-0.52659	0.51313	-5.26586
0.00000	0.00000	0.00000	1.00000

boidNo = 10
boid Wall No = 0
position = = (2.0, -2.3, -9.5)
Boid Radius= 10
Boid Frame=
 -0.84845	0.19575	-0.49175	1.95749
-0.52734	-0.23322	0.81702	-2.33223
-0.04524	-0.95252	-0.30110	-9.52517
0.00000	0.00000	0.00000	1.00000

boidNo = 11
boid Wall No = 0
position = = (0.5, -3.8, 9.2)
Boid Radius= 10
Boid Frame=
 0.85344	0.04982	0.51881	0.49817
-0.46434	-0.37941	0.80027	-3.79407
-0.23671	0.92389	0.30067	9.23888
0.00000	0.00000	0.00000	1.00000

boidNo = 12
boid Wall No = 0
position = = (3.9, -9.2, 0.6)
Boid Radius= 10
Boid Frame=
 0.54386	0.38820	0.74398	3.88198
0.17787	-0.91975	0.34988	-9.19752
-0.82011	0.05796	0.56927	0.57957
0.00000	0.00000	0.00000	1.00000

boidNo = 13
boid Wall No = 1
position = = (1.0, 9.4, -3.3)
Boid Radius= 10
Boid Frame=
 -0.80531	0.09527	-0.58515	0.95271
-0.12054	0.94007	0.31895	9.40073
-0.58047	-0.32739	0.74556	-3.27394
0.00000	0.00000	0.00000	1.00000

boidNo = 14
boid Wall No = 0
position = = (-0.5, -8.4, -5.4)
Boid Radius= 10
Boid Frame=
 -0.99683	-0.04971	-0.06208	-0.49713
0.00791	-0.83869	0.54455	-8.38691
0.07914	-0.54233	-0.83643	-5.42333
0.00000	0.00000	0.00000	1.00000

boidNo = 15
boid Wall No = 0
position = = (0.1, -10.0, -0.1)
Boid Radius= 10
Boid Frame=
 -0.74720	0.00952	0.66453	0.09517
0.00223	-0.99986	0.01682	-9.99856
-0.66459	-0.01405	-0.74707	-0.14052
0.00000	0.00000	0.00000	1.00000

boidNo = 16
boid Wall No = 0
position = = (-0.2, -9.9, -1.1)
Boid Radius= 10
Boid Frame=
 -0.99019	-0.02127	-0.13806	-0.21275
0.00607	-0.99396	0.10959	-9.93958
0.13956	-0.10768	-0.98434	-1.07680
0.00000	0.00000	0.00000	1.00000

boidNo = 17
boid Wall No = 1
position = = (-0.4, 0.7, 10.0)
Boid Radius= 10
Boid Frame=
 0.65376	-0.04062	0.75561	-0.40617
-0.75276	0.06685	0.65489	0.66849
0.07711	0.99694	-0.01313	9.96936
0.00000	0.00000	0.00000	1.00000

boidNo = 18
boid Wall No = 0
position = = (-4.0, -8.8, 2.6)
Boid Radius= 10
Boid Frame=
 0.45105	-0.40479	-0.79542	-4.04786
0.05655	-0.87648	0.47810	-8.76481
0.89070	0.26063	0.37245	2.60632
0.00000	0.00000	0.00000	1.00000

boidNo = 19
boid Wall No = 0
position = = (2.2, -5.2, -8.2)
Boid Radius= 10
Boid Frame=
 -0.92526	0.22031	-0.30879	2.20306
-0.37925	-0.52127	0.76449	-5.21265
-0.00746	-0.82447	-0.56586	-8.24468
0.00000	0.00000	0.00000	1.00000

