Iteration Num of Simuation:0
m_SimulationDeltaT of action plan:0
boidNo = 0
boid Wall No = 1
position = = (0.3, 9.9, -1.0)
Boid Radius= 10
Boid Frame=
 -0.74259	0.03077	-0.66904	0.30772
-0.04104	0.99498	0.09132	9.94976
-0.66848	-0.09527	0.73760	-0.95269
0.00000	0.00000	0.00000	1.00000

boidNo = 1
boid Wall No = 1
position = = (-6.7, 7.0, 2.6)
Boid Radius= 10
Boid Frame=
 -0.16309	-0.67091	0.72338	-6.70913
-0.47584	0.69577	0.53803	6.95775
0.86428	0.25646	0.43272	2.56463
0.00000	0.00000	0.00000	1.00000

boidNo = 2
boid Wall No = 0
position = = (-1.9, -9.0, 3.9)
Boid Radius= 10
Boid Frame=
 0.25797	-0.18656	-0.94797	-1.86561
0.33642	-0.90243	0.26915	-9.02429
0.90569	0.38835	0.17004	3.88352
0.00000	0.00000	0.00000	1.00000

boidNo = 3
boid Wall No = 1
position = = (-1.4, 2.8, -9.5)
Boid Radius= 10
Boid Frame=
 -0.59014	-0.14298	-0.79454	-1.42976
-0.79409	0.28010	0.53941	2.80104
-0.14543	-0.94926	0.27884	-9.49263
0.00000	0.00000	0.00000	1.00000

boidNo = 4
boid Wall No = 0
position = = (3.6, -0.5, -9.3)
Boid Radius= 10
Boid Frame=
 -0.70191	0.36468	-0.61183	3.64678
-0.67202	-0.05440	0.73853	-0.54402
-0.23604	-0.92954	-0.28326	-9.29543
0.00000	0.00000	0.00000	1.00000

boidNo = 5
boid Wall No = 1
position = = (-3.6, 9.2, 1.2)
Boid Radius= 10
Boid Frame=
 -0.51705	-0.36165	0.77580	-3.61647
-0.30774	0.92430	0.22577	9.24297
0.79872	0.12201	0.58920	1.22015
0.00000	0.00000	0.00000	1.00000

boidNo = 6
boid Wall No = 1
position = = (5.2, 8.5, -0.2)
Boid Radius= 10
Boid Frame=
 0.13870	0.52302	-0.84096	5.23015
-0.10961	0.85206	0.51184	8.52060
-0.98425	-0.02119	-0.17551	-0.21187
0.00000	0.00000	0.00000	1.00000

boidNo = 7
boid Wall No = 1
position = = (2.3, 8.5, -4.8)
Boid Radius= 10
Boid Frame=
 -0.80865	0.22985	-0.54154	2.29847
-0.10591	0.84860	0.51832	8.48602
-0.57868	-0.47649	0.66187	-4.76493
0.00000	0.00000	0.00000	1.00000

boidNo = 8
boid Wall No = 1
position = = (-5.5, 8.1, -2.0)
Boid Radius= 10
Boid Frame=
 -0.54790	-0.54993	0.63038	-5.49934
-0.16580	0.80999	0.56252	8.09991
0.81995	-0.20368	0.53497	-2.03685
0.00000	0.00000	0.00000	1.00000

boidNo = 9
boid Wall No = 1
position = = (8.2, 5.7, 0.6)
Boid Radius= 10
Boid Frame=
 0.42780	0.81806	-0.38439	8.18065
-0.53553	0.57199	0.62131	5.71994
-0.72814	0.05994	-0.68280	0.59942
0.00000	0.00000	0.00000	1.00000

boidNo = 10
boid Wall No = 1
position = = (8.3, 1.7, 5.3)
Boid Radius= 10
Boid Frame=
 0.49508	0.82893	0.26034	8.28925
-0.66214	0.16596	0.73077	1.65959
-0.56255	0.53417	-0.63103	5.34173
0.00000	0.00000	0.00000	1.00000

boidNo = 11
boid Wall No = 1
position = = (-5.5, 2.6, 7.9)
Boid Radius= 10
Boid Frame=
 0.54130	-0.54882	0.63701	-5.48823
-0.61210	0.26221	0.74604	2.62208
0.57647	0.79375	0.19400	7.93751
0.00000	0.00000	0.00000	1.00000

boidNo = 12
boid Wall No = 0
position = = (4.9, -7.8, -3.8)
Boid Radius= 10
Boid Frame=
 -0.75475	0.49018	0.43598	4.90177
-0.16202	-0.78329	0.60018	-7.83286
-0.63569	-0.38235	-0.67060	-3.82347
0.00000	0.00000	0.00000	1.00000

boidNo = 13
boid Wall No = 0
position = = (0.8, -9.9, 0.8)
Boid Radius= 10
Boid Frame=
 0.66553	0.08301	0.74174	0.83011
-0.00567	-0.99321	0.11624	-9.93205
-0.74635	0.08156	0.66054	0.81562
0.00000	0.00000	0.00000	1.00000

boidNo = 14
boid Wall No = 0
position = = (1.8, -9.8, 0.9)
Boid Radius= 10
Boid Frame=
 0.34427	0.18190	0.92108	1.81902
-0.01872	-0.97953	0.20044	-9.79527
-0.93869	0.08625	0.33381	0.86247
0.00000	0.00000	0.00000	1.00000

boidNo = 15
boid Wall No = 1
position = = (-0.3, 10.0, 0.6)
Boid Radius= 10
Boid Frame=
 0.81535	-0.03299	0.57802	-0.32988
-0.00817	0.99762	0.06846	9.97621
0.57890	0.06054	-0.81315	0.60539
0.00000	0.00000	0.00000	1.00000

boidNo = 16
boid Wall No = 1
position = = (-1.9, 9.2, 3.4)
Boid Radius= 10
Boid Frame=
 -0.03556	-0.18585	0.98193	-1.85852
-0.35074	0.92237	0.16188	9.22375
0.93580	0.33865	0.09799	3.38650
0.00000	0.00000	0.00000	1.00000

boidNo = 17
boid Wall No = 1
position = = (-1.2, 9.4, 3.1)
Boid Radius= 10
Boid Frame=
 0.96929	-0.11554	0.21709	-1.15538
0.03917	0.94403	0.32753	9.44030
0.24278	0.30896	-0.91956	3.08965
0.00000	0.00000	0.00000	1.00000

boidNo = 18
boid Wall No = 1
position = = (2.5, 9.5, 2.1)
Boid Radius= 10
Boid Frame=
 0.57303	0.25136	-0.78003	2.51365
0.02746	0.94538	0.32482	9.45376
-0.81907	0.20756	-0.53483	2.07557
0.00000	0.00000	0.00000	1.00000

boidNo = 19
boid Wall No = 0
position = = (-5.8, -5.6, 5.9)
Boid Radius= 10
Boid Frame=
 0.73923	-0.58004	0.34218	-5.80043
-0.66647	-0.55711	0.49542	-5.57114
0.09673	0.59428	0.79842	5.94285
0.00000	0.00000	0.00000	1.00000

