Iteration Num of Simuation:0
m_SimulationDeltaT of action plan:0
boidNo = 0
boid Wall No = 1
position = = (4.3, 8.7, -2.3)
Boid Radius= 10
Boid Frame=
 -0.36611	0.42581	-0.82744	4.25814
-0.06943	0.87419	0.48059	8.74190
-0.92798	-0.23340	0.29048	-2.33395
0.00000	0.00000	0.00000	1.00000

boidNo = 1
boid Wall No = 0
position = = (-0.2, -10.0, -0.3)
Boid Radius= 10
Boid Frame=
 -0.86472	-0.02372	-0.50169	-0.23723
0.00517	-0.99925	0.03834	-9.99252
0.50223	-0.03056	-0.86420	-0.30557
0.00000	0.00000	0.00000	1.00000

boidNo = 2
boid Wall No = 1
position = = (8.4, 4.5, 3.0)
Boid Radius= 10
Boid Frame=
 0.53703	0.83994	-0.07803	8.39944
-0.61808	0.45475	0.64124	4.54747
-0.57409	0.29614	-0.76336	2.96140
0.00000	0.00000	0.00000	1.00000

boidNo = 3
boid Wall No = 0
position = = (-3.0, -8.6, 4.1)
Boid Radius= 10
Boid Frame=
 0.84492	-0.30017	-0.44273	-3.00174
-0.03815	-0.85940	0.50988	-8.59399
0.53353	0.41392	0.73757	4.13919
0.00000	0.00000	0.00000	1.00000

boidNo = 4
boid Wall No = 1
position = = (2.0, 9.8, -0.8)
Boid Radius= 10
Boid Frame=
 0.18301	0.20201	-0.96213	2.02011
-0.11698	0.97618	0.18271	9.76183
-0.97613	-0.07911	-0.20228	-0.79109
0.00000	0.00000	0.00000	1.00000

boidNo = 5
boid Wall No = 1
position = = (3.6, 9.3, 0.7)
Boid Radius= 9.999999
Boid Frame=
 0.27193	0.35831	-0.89312	3.58308
-0.02913	0.93074	0.36453	9.30737
-0.96187	0.07311	-0.26354	0.73106
0.00000	0.00000	0.00000	1.00000

boidNo = 6
boid Wall No = 0
position = = (-1.3, -9.9, 0.4)
Boid Radius= 10
Boid Frame=
 0.35197	-0.12650	-0.92742	-1.26505
-0.01080	-0.99131	0.13112	-9.91308
0.93595	0.03613	0.35028	0.36130
0.00000	0.00000	0.00000	1.00000

boidNo = 7
boid Wall No = 1
position = = (3.6, 9.1, -1.9)
Boid Radius= 10
Boid Frame=
 -0.46464	0.35703	-0.81033	3.57033
-0.00510	0.91402	0.40564	9.14017
-0.88548	-0.19261	0.42287	-1.92614
0.00000	0.00000	0.00000	1.00000

boidNo = 8
boid Wall No = 1
position = = (4.0, 2.4, 8.8)
Boid Radius= 10
Boid Frame=
 0.70443	0.40471	0.58309	4.04714
-0.69729	0.24115	0.67501	2.41149
-0.13257	0.88207	-0.45207	8.82074
0.00000	0.00000	0.00000	1.00000

boidNo = 9
boid Wall No = 1
position = = (-5.9, 8.1, 0.2)
Boid Radius= 10
Boid Frame=
 -0.38457	-0.59114	0.70898	-5.91140
-0.30553	0.80627	0.50653	8.06274
0.87106	0.02182	0.49068	0.21821
0.00000	0.00000	0.00000	1.00000

boidNo = 10
boid Wall No = 0
position = = (-5.2, -2.6, -8.1)
Boid Radius= 10
Boid Frame=
 0.10230	-0.52489	-0.84500	-5.24895
-0.96506	-0.25836	0.04365	-2.58364
0.24123	-0.81101	0.53299	-8.11008
0.00000	0.00000	0.00000	1.00000

boidNo = 11
boid Wall No = 1
position = = (-6.6, 2.8, -7.0)
Boid Radius= 10
Boid Frame=
 -0.66126	-0.66263	-0.35165	-6.62625
-0.65287	0.27748	0.70482	2.77483
0.36945	-0.69565	0.61610	-6.95652
0.00000	0.00000	0.00000	1.00000

boidNo = 12
boid Wall No = 0
position = = (8.5, -1.2, 5.1)
Boid Radius= 10
Boid Frame=
 0.00392	0.85032	0.52626	8.50317
-0.96990	-0.12490	0.20904	-1.24900
-0.24348	0.51123	-0.82423	5.11235
0.00000	0.00000	0.00000	1.00000

boidNo = 13
boid Wall No = 0
position = = (2.4, -8.6, -4.4)
Boid Radius= 9.999999
Boid Frame=
 -0.73018	0.24340	0.63843	2.43403
0.13711	-0.86319	0.48591	-8.63190
-0.66936	-0.44233	-0.59691	-4.42333
0.00000	0.00000	0.00000	1.00000

boidNo = 14
boid Wall No = 1
position = = (0.8, 10.0, 0.2)
Boid Radius= 10
Boid Frame=
 -0.08544	0.08118	-0.99303	0.81178
0.03067	0.99642	0.07882	9.96417
-0.99587	0.02372	0.08762	0.23723
0.00000	0.00000	0.00000	1.00000

boidNo = 15
boid Wall No = 0
position = = (-3.4, -7.3, 5.9)
Boid Radius= 10
Boid Frame=
 0.93116	-0.33737	0.13829	-3.37371
-0.35152	-0.72993	0.58621	-7.29928
0.09683	0.59446	0.79827	5.94463
0.00000	0.00000	0.00000	1.00000

boidNo = 16
boid Wall No = 0
position = = (2.0, -4.8, -8.5)
Boid Radius= 10
Boid Frame=
 -0.86111	0.19928	-0.46774	1.99280
-0.50162	-0.48302	0.71769	-4.83016
0.08290	-0.85263	-0.51589	-8.52633
0.00000	0.00000	0.00000	1.00000

boidNo = 17
boid Wall No = 1
position = = (8.8, 4.5, 1.7)
Boid Radius= 10
Boid Frame=
 0.44475	0.87826	-0.17566	8.78258
-0.62781	0.44558	0.63821	4.45577
-0.63879	0.17357	-0.74955	1.73566
0.00000	0.00000	0.00000	1.00000

boidNo = 18
boid Wall No = 0
position = = (-5.5, -8.2, -1.7)
Boid Radius= 10
Boid Frame=
 -0.23958	-0.55134	-0.79914	-5.51345
-0.04315	-0.81625	0.57609	-8.16248
0.96992	-0.17250	-0.17177	-1.72505
0.00000	0.00000	0.00000	1.00000

boidNo = 19
boid Wall No = 0
position = = (-5.6, -7.8, -2.8)
Boid Radius= 10
Boid Frame=
 -0.37921	-0.55733	-0.73864	-5.57332
-0.05754	-0.78251	0.61997	-7.82509
0.92352	-0.27760	-0.26467	-2.77598
0.00000	0.00000	0.00000	1.00000

