Iteration Num of Simuation:0
m_SimulationDeltaT of action plan:0
boidNo = 0
boid Wall No = 0
position = = (7.2, -2.9, -6.4)
Boid Radius= 10
Boid Frame=
 -0.64755	0.71548	-0.26223	7.15477
-0.61373	-0.28570	0.73601	-2.85705
-0.45168	-0.63755	-0.62412	-6.37547
0.00000	0.00000	0.00000	1.00000

boidNo = 1
boid Wall No = 0
position = = (2.5, -8.7, -4.3)
Boid Radius= 10
Boid Frame=
 -0.81774	0.24758	0.51961	2.47581
0.05169	-0.86753	0.49469	-8.67529
-0.57326	-0.43139	-0.69662	-4.31390
0.00000	0.00000	0.00000	1.00000

boidNo = 2
boid Wall No = 1
position = = (0.7, 2.8, 9.6)
Boid Radius= 10
Boid Frame=
 0.79055	0.07075	0.60830	0.70754
-0.60084	0.28175	0.74807	2.81747
0.11846	0.95688	-0.26525	9.56877
0.00000	0.00000	0.00000	1.00000

boidNo = 3
boid Wall No = 0
position = = (0.3, -10.0, 0.9)
Boid Radius= 10
Boid Frame=
 0.92770	0.03434	0.37176	0.34340
-0.00124	-0.99547	0.09506	-9.95471
-0.37334	0.08865	0.92345	0.88651
0.00000	0.00000	0.00000	1.00000

boidNo = 4
boid Wall No = 1
position = = (3.2, 7.4, 6.0)
Boid Radius= 10
Boid Frame=
 0.93041	0.31544	0.18665	3.15439
-0.36424	0.73901	0.56674	7.39007
-0.04083	0.59529	-0.80247	5.95287
0.00000	0.00000	0.00000	1.00000

boidNo = 5
boid Wall No = 1
position = = (0.3, 8.3, -5.6)
Boid Radius= 10
Boid Frame=
 -0.85574	0.02679	-0.51672	0.26792
-0.26853	0.83064	0.48778	8.30637
-0.44227	-0.55617	0.70361	-5.56170
0.00000	0.00000	0.00000	1.00000

boidNo = 6
boid Wall No = 1
position = = (0.4, 8.5, -5.3)
Boid Radius= 9.999999
Boid Frame=
 -0.93879	0.04401	-0.34168	0.44010
-0.14522	0.84882	0.50834	8.48825
-0.31240	-0.52684	0.79047	-5.26839
0.00000	0.00000	0.00000	1.00000

boidNo = 7
boid Wall No = 1
position = = (9.1, 2.6, -3.2)
Boid Radius= 10
Boid Frame=
 -0.06196	0.91032	-0.40923	9.10324
-0.67304	0.26466	0.69063	2.64664
-0.73701	-0.31822	-0.59629	-3.18219
0.00000	0.00000	0.00000	1.00000

boidNo = 8
boid Wall No = 0
position = = (-3.1, -8.2, -4.8)
Boid Radius= 10
Boid Frame=
 -0.87247	-0.30884	-0.37871	-3.08842
0.04222	-0.81971	0.57122	-8.19711
0.48685	-0.48238	-0.72821	-4.82380
0.00000	0.00000	0.00000	1.00000

boidNo = 9
boid Wall No = 1
position = = (1.6, 9.7, 1.8)
Boid Radius= 10
Boid Frame=
 0.97316	0.16438	0.16107	1.64384
-0.18990	0.96893	0.15847	9.68931
0.13001	0.18480	-0.97414	1.84801
0.00000	0.00000	0.00000	1.00000

boidNo = 10
boid Wall No = 1
position = = (-4.1, 9.1, -0.7)
Boid Radius= 10
Boid Frame=
 -0.26103	-0.41471	0.87171	-4.14708
-0.04747	0.90744	0.41749	9.07441
0.96416	-0.06759	0.25655	-0.67592
0.00000	0.00000	0.00000	1.00000

boidNo = 11
boid Wall No = 0
position = = (-0.1, -10.0, 0.2)
Boid Radius= 10
Boid Frame=
 0.91704	-0.00673	-0.39874	-0.06734
0.00087	-0.99982	0.01889	-9.99821
0.39880	0.01767	0.91687	0.17674
0.00000	0.00000	0.00000	1.00000

boidNo = 12
boid Wall No = 0
position = = (1.7, -7.2, -6.7)
Boid Radius= 10
Boid Frame=
 -0.98477	0.17130	-0.02983	1.71298
-0.14590	-0.72071	0.67771	-7.20715
-0.09459	-0.67173	-0.73473	-6.71735
0.00000	0.00000	0.00000	1.00000

boidNo = 13
boid Wall No = 0
position = = (-0.1, -10.0, -0.1)
Boid Radius= 9.999999
Boid Frame=
 -0.93993	-0.00532	-0.34132	-0.05324
0.00115	-0.99992	0.01243	-9.99922
0.34136	-0.01129	-0.93987	-0.11290
0.00000	0.00000	0.00000	1.00000

boidNo = 14
boid Wall No = 0
position = = (7.9, -2.5, -5.6)
Boid Radius= 10
Boid Frame=
 -0.57294	0.78958	-0.21976	7.89581
-0.62616	-0.24868	0.73897	-2.48683
-0.52883	-0.56100	-0.63689	-5.60997
0.00000	0.00000	0.00000	1.00000

boidNo = 15
boid Wall No = 0
position = = (0.7, -10.0, 0.4)
Boid Radius= 10
Boid Frame=
 0.38109	0.06786	0.92204	0.67862
-0.00710	-0.99706	0.07632	-9.97058
-0.92451	0.03563	0.37949	0.35628
0.00000	0.00000	0.00000	1.00000

boidNo = 16
boid Wall No = 0
position = = (-7.4, -6.2, 2.8)
Boid Radius= 10
Boid Frame=
 0.56862	-0.73532	-0.36876	-7.35315
-0.33449	-0.61623	0.71300	-6.16234
0.75153	0.28208	0.59636	2.82076
0.00000	0.00000	0.00000	1.00000

boidNo = 17
boid Wall No = 1
position = = (-9.0, 3.9, -2.0)
Boid Radius= 10
Boid Frame=
 -0.43508	-0.90003	0.02559	-9.00028
-0.76879	0.38613	0.50977	3.86134
0.46869	-0.20211	0.85993	-2.02115
0.00000	0.00000	0.00000	1.00000

boidNo = 18
boid Wall No = 0
position = = (3.8, -9.1, 1.4)
Boid Radius= 10
Boid Frame=
 0.52946	0.38113	0.75790	3.81127
0.09346	-0.91417	0.39442	-9.14166
-0.84317	0.13800	0.51963	1.37999
0.00000	0.00000	0.00000	1.00000

boidNo = 19
boid Wall No = 1
position = = (-5.8, 0.2, 8.1)
Boid Radius= 10
Boid Frame=
 0.57896	-0.58089	0.57217	-5.80890
-0.69217	0.02075	0.72144	0.20746
0.43095	0.81372	0.39006	8.13718
0.00000	0.00000	0.00000	1.00000

boidNo = 20
boid Wall No = 0
position = = (0.1, -10.0, 0.1)
Boid Radius= 10
Boid Frame=
 0.64361	0.00888	0.76531	0.08875
-0.00112	-0.99992	0.01254	-9.99921
-0.76536	0.00893	0.64354	0.08933
0.00000	0.00000	0.00000	1.00000

boidNo = 21
boid Wall No = 0
position = = (-0.3, -9.9, 1.0)
Boid Radius= 10
Boid Frame=
 0.95945	-0.02856	-0.28044	-0.28564
-0.00028	-0.99495	0.10039	-9.94948
0.28189	0.09624	0.95461	0.96243
0.00000	0.00000	0.00000	1.00000

boidNo = 22
boid Wall No = 0
position = = (-0.2, -8.3, 5.5)
Boid Radius= 10
Boid Frame=
 0.98782	-0.01754	-0.15463	-0.17543
0.07112	-0.83292	0.54880	-8.32923
0.13842	0.55311	0.82153	5.53112
0.00000	0.00000	0.00000	1.00000

boidNo = 23
boid Wall No = 1
position = = (-0.7, 9.7, 2.3)
Boid Radius= 10
Boid Frame=
 0.96651	-0.06893	0.24721	-0.68933
0.00708	0.97005	0.24281	9.70048
0.25654	0.23293	-0.93805	2.32927
0.00000	0.00000	0.00000	1.00000

boidNo = 24
boid Wall No = 0
position = = (-5.7, -7.9, -2.2)
Boid Radius= 10
Boid Frame=
 -0.32856	-0.57234	-0.75131	-5.72341
-0.03081	-0.78856	0.61419	-7.88559
0.94398	-0.22495	-0.24145	-2.24946
0.00000	0.00000	0.00000	1.00000

boidNo = 25
boid Wall No = 1
position = = (2.3, 9.7, 1.0)
Boid Radius= 10
Boid Frame=
 0.86202	0.23036	-0.45150	2.30359
-0.15543	0.96798	0.19712	9.67980
-0.48245	0.09975	-0.87023	0.99748
0.00000	0.00000	0.00000	1.00000

boidNo = 26
boid Wall No = 0
position = = (3.4, -9.3, 1.0)
Boid Radius= 10
Boid Frame=
 0.36369	0.34157	0.86664	3.41567
0.03675	-0.93489	0.35304	-9.34885
-0.93079	0.09655	0.35257	0.96550
0.00000	0.00000	0.00000	1.00000

boidNo = 27
boid Wall No = 1
position = = (5.6, 4.5, 6.9)
Boid Radius= 10
Boid Frame=
 0.78915	0.56277	0.24603	5.62766
-0.54199	0.44962	0.70999	4.49624
-0.28894	0.69364	-0.65983	6.93638
0.00000	0.00000	0.00000	1.00000

boidNo = 28
boid Wall No = 1
position = = (6.5, 5.7, -5.0)
Boid Radius= 10
Boid Frame=
 -0.16238	0.65487	-0.73809	6.54866
-0.53682	0.56900	0.62294	5.69003
-0.82792	-0.49738	-0.25915	-4.97380
0.00000	0.00000	0.00000	1.00000

boidNo = 29
boid Wall No = 1
position = = (-3.6, 8.3, -4.3)
Boid Radius= 10
Boid Frame=
 -0.89135	-0.36258	0.27210	-3.62577
-0.17169	0.82553	0.53760	8.25534
0.41955	-0.43247	0.79809	-4.32473
0.00000	0.00000	0.00000	1.00000

boidNo = 30
boid Wall No = 0
position = = (1.3, -9.9, 0.8)
Boid Radius= 10
Boid Frame=
 0.35794	0.12656	0.92513	1.26560
-0.03072	-0.98864	0.14713	-9.88640
-0.93324	0.08109	0.34998	0.81086
0.00000	0.00000	0.00000	1.00000

boidNo = 31
boid Wall No = 0
position = = (1.7, -9.4, 3.1)
Boid Radius= 10
Boid Frame=
 0.83039	0.17001	0.53061	1.70006
-0.03380	-0.93519	0.35252	-9.35192
-0.55615	0.31067	0.77083	3.10667
0.00000	0.00000	0.00000	1.00000

boidNo = 32
boid Wall No = 1
position = = (2.5, 9.3, -2.7)
Boid Radius= 10
Boid Frame=
 -0.75843	0.25119	-0.60141	2.51187
0.01718	0.93013	0.36683	9.30131
-0.65153	-0.26788	0.70975	-2.67882
0.00000	0.00000	0.00000	1.00000

boidNo = 33
boid Wall No = 1
position = = (-3.1, 6.6, -6.8)
Boid Radius= 10
Boid Frame=
 -0.91773	-0.31109	-0.24695	-3.11095
-0.39557	0.65963	0.63908	6.59626
0.03592	-0.68419	0.72842	-6.84189
0.00000	0.00000	0.00000	1.00000

boidNo = 34
boid Wall No = 1
position = = (6.9, 1.7, -7.0)
Boid Radius= 10
Boid Frame=
 -0.41791	0.69426	-0.58597	6.94256
-0.69189	0.17477	0.70053	1.74772
-0.58876	-0.69819	-0.40731	-6.98186
0.00000	0.00000	0.00000	1.00000

boidNo = 35
boid Wall No = 0
position = = (-7.1, -2.5, 6.6)
Boid Radius= 10
Boid Frame=
 0.64876	-0.70643	0.28295	-7.06434
-0.60402	-0.25186	0.75612	-2.51860
0.46289	0.66145	0.59010	6.61452
0.00000	0.00000	0.00000	1.00000

boidNo = 36
boid Wall No = 0
position = = (-1.6, -9.8, -0.9)
Boid Radius= 10
Boid Frame=
 -0.36300	-0.15595	-0.91865	-1.55946
-0.02800	-0.98362	0.17804	-9.83624
0.93137	-0.09036	-0.35269	-0.90356
0.00000	0.00000	0.00000	1.00000

boidNo = 37
boid Wall No = 0
position = = (7.6, -3.6, -5.4)
Boid Radius= 10
Boid Frame=
 -0.52681	0.75894	-0.38273	7.58939
-0.82867	-0.35839	0.42995	-3.58394
-0.18914	-0.54366	-0.81772	-5.43659
0.00000	0.00000	0.00000	1.00000

boidNo = 38
boid Wall No = 1
position = = (-7.4, 6.4, -2.1)
Boid Radius= 10
Boid Frame=
 -0.56215	-0.74266	0.36393	-7.42663
-0.41896	0.63512	0.64892	6.35116
0.71307	-0.21232	0.66817	-2.12320
0.00000	0.00000	0.00000	1.00000

boidNo = 39
boid Wall No = 1
position = = (3.3, 8.3, 4.4)
Boid Radius= 10
Boid Frame=
 0.94323	0.32578	-0.06462	3.25781
-0.25486	0.83471	0.48816	8.34714
-0.21297	0.44398	-0.87036	4.43982
0.00000	0.00000	0.00000	1.00000

boidNo = 40
boid Wall No = 0
position = = (-1.8, -5.3, -8.3)
Boid Radius= 10
Boid Frame=
 -0.82288	-0.18059	-0.53876	-1.80592
-0.38192	-0.52626	0.75973	-5.26258
0.42073	-0.83093	-0.36407	-8.30927
0.00000	0.00000	0.00000	1.00000

boidNo = 41
boid Wall No = 0
position = = (-1.0, -2.1, -9.7)
Boid Radius= 10
Boid Frame=
 -0.44528	-0.09574	-0.89026	-0.95744
-0.86602	-0.20651	0.45537	-2.06507
0.22744	-0.97375	-0.00904	-9.73749
0.00000	0.00000	0.00000	1.00000

boidNo = 42
boid Wall No = 1
position = = (-8.4, 5.5, 0.1)
Boid Radius= 10
Boid Frame=
 -0.30030	-0.83742	0.45668	-8.37415
-0.47600	0.54647	0.68906	5.46467
0.82659	0.01045	0.56271	0.10453
0.00000	0.00000	0.00000	1.00000

boidNo = 43
boid Wall No = 0
position = = (-9.2, -2.9, 2.7)
Boid Radius= 10
Boid Frame=
 0.38873	-0.91936	0.06058	-9.19360
-0.76745	-0.28671	0.57342	-2.86713
0.50981	0.26939	0.81702	2.69395
0.00000	0.00000	0.00000	1.00000

boidNo = 44
boid Wall No = 1
position = = (-7.5, 0.9, -6.5)
Boid Radius= 10
Boid Frame=
 -0.53390	-0.75393	-0.38280	-7.53933
-0.66371	0.09319	0.74216	0.93189
0.52387	-0.65031	0.55015	-6.50308
0.00000	0.00000	0.00000	1.00000

boidNo = 45
boid Wall No = 0
position = = (-4.8, -1.5, 8.6)
Boid Radius= 10
Boid Frame=
 0.76154	-0.47994	0.43557	-4.79939
-0.56121	-0.15215	0.81357	-1.52150
0.32419	0.86401	0.38522	8.64008
0.00000	0.00000	0.00000	1.00000

boidNo = 46
boid Wall No = 1
position = = (8.3, 5.5, 0.1)
Boid Radius= 9.999999
Boid Frame=
 0.32761	0.83434	-0.44333	8.34343
-0.47607	0.55108	0.68533	5.51081
-0.81611	0.01346	-0.57774	0.13463
0.00000	0.00000	0.00000	1.00000

boidNo = 47
boid Wall No = 0
position = = (-0.1, -10.0, -0.8)
Boid Radius= 10
Boid Frame=
 -0.97731	-0.01462	-0.21131	-0.14618
-0.00207	-0.99691	0.07855	-9.96908
0.21181	-0.07720	-0.97426	-0.77201
0.00000	0.00000	0.00000	1.00000

boidNo = 48
boid Wall No = 1
position = = (-1.7, 7.0, 7.0)
Boid Radius= 10
Boid Frame=
 0.77688	-0.16738	0.60699	-1.67382
-0.34120	0.69829	0.62926	6.98294
0.52919	0.69597	-0.48538	6.95966
0.00000	0.00000	0.00000	1.00000

boidNo = 49
boid Wall No = 0
position = = (4.6, -6.8, -5.7)
Boid Radius= 10
Boid Frame=
 -0.88827	0.45926	-0.00735	4.59260
-0.35686	-0.67997	0.64054	-6.79972
-0.28918	-0.57159	-0.76789	-5.71593
0.00000	0.00000	0.00000	1.00000

