Iteration Num of Simuation:0
m_SimulationDeltaT of action plan:0
boidNo = 0
boid Wall No = 0
position = = (1.4, -1.0, -9.8)
Boid Radius= 10
Boid Frame=
 -0.81469	0.14468	-0.56157	1.44678
-0.57651	-0.09747	0.81125	-0.97474
-0.06263	-0.98467	-0.16282	-9.84666
0.00000	0.00000	0.00000	1.00000

boidNo = 1
boid Wall No = 1
position = = (0.6, 10.0, -0.2)
Boid Radius= 10
Boid Frame=
 -0.18260	0.06288	-0.98117	0.62876
-0.01241	0.99773	0.06625	9.97726
-0.98311	-0.02428	0.18141	-0.24277
0.00000	0.00000	0.00000	1.00000

boidNo = 2
boid Wall No = 0
position = = (-6.3, -2.5, 7.3)
Boid Radius= 10
Boid Frame=
 0.71023	-0.63398	0.30600	-6.33982
-0.56408	-0.25247	0.78618	-2.52468
0.42117	0.73098	0.53693	7.30977
0.00000	0.00000	0.00000	1.00000

boidNo = 3
boid Wall No = 1
position = = (8.2, 0.5, -5.7)
Boid Radius= 10
Boid Frame=
 -0.40318	0.82051	-0.40523	8.20506
-0.65031	0.05466	0.75770	0.54658
-0.64384	-0.56902	-0.51155	-5.69019
0.00000	0.00000	0.00000	1.00000

boidNo = 4
boid Wall No = 1
position = = (-5.0, 7.7, 3.9)
Boid Radius= 10
Boid Frame=
 0.33092	-0.50094	0.79972	-5.00942
-0.24827	0.77139	0.58593	7.71395
0.91042	0.39244	-0.13090	3.92438
0.00000	0.00000	0.00000	1.00000

boidNo = 5
boid Wall No = 1
position = = (-0.8, 9.9, 1.2)
Boid Radius= 10
Boid Frame=
 0.98578	-0.08406	0.14552	-0.84064
0.06537	0.98951	0.12879	9.89515
0.15482	0.11745	-0.98094	1.17446
0.00000	0.00000	0.00000	1.00000

boidNo = 6
boid Wall No = 0
position = = (-4.6, -2.4, -8.5)
Boid Radius= 9.999999
Boid Frame=
 -0.30458	-0.45791	-0.83519	-4.57914
-0.86034	-0.24401	0.44753	-2.44007
0.40872	-0.85485	0.31964	-8.54854
0.00000	0.00000	0.00000	1.00000

boidNo = 7
boid Wall No = 1
position = = (8.2, 0.9, 5.6)
Boid Radius= 10
Boid Frame=
 0.36966	0.82464	0.42816	8.24641
-0.83366	0.09087	0.54475	0.90867
-0.41032	0.55831	-0.72106	5.58311
0.00000	0.00000	0.00000	1.00000

boidNo = 8
boid Wall No = 1
position = = (-5.5, 7.0, 4.4)
Boid Radius= 10
Boid Frame=
 0.29436	-0.55369	0.77896	-5.53689
-0.33327	0.70444	0.62666	7.04437
0.89570	0.44407	-0.02283	4.44069
0.00000	0.00000	0.00000	1.00000

boidNo = 9
boid Wall No = 1
position = = (-1.8, 8.6, -4.8)
Boid Radius= 10
Boid Frame=
 -0.97787	-0.18065	0.10550	-1.80649
-0.10347	0.85595	0.50659	8.55954
0.18182	-0.48447	0.85571	-4.84468
0.00000	0.00000	0.00000	1.00000

boidNo = 10
boid Wall No = 1
position = = (-3.3, 7.1, 6.3)
Boid Radius= 10
Boid Frame=
 0.13126	-0.32609	0.93618	-3.26087
-0.62159	0.70858	0.33396	7.08584
0.77227	0.62576	0.10968	6.25760
0.00000	0.00000	0.00000	1.00000

boidNo = 11
boid Wall No = 1
position = = (2.4, 7.9, -5.6)
Boid Radius= 10
Boid Frame=
 -0.69912	0.24436	-0.67196	2.44357
-0.25861	0.78975	0.55625	7.89749
-0.66660	-0.56266	0.48893	-5.62660
0.00000	0.00000	0.00000	1.00000

boidNo = 12
boid Wall No = 0
position = = (7.7, -0.5, -6.4)
Boid Radius= 10
Boid Frame=
 -0.53031	0.77087	-0.35289	7.70870
-0.60118	-0.04842	0.79765	-0.48422
-0.59780	-0.63515	-0.48911	-6.35150
0.00000	0.00000	0.00000	1.00000

boidNo = 13
boid Wall No = 0
position = = (0.2, -10.0, 0.7)
Boid Radius= 10
Boid Frame=
 0.93681	0.01945	0.34930	0.19452
-0.00754	-0.99710	0.07575	-9.97098
-0.34976	0.07360	0.93394	0.73600
0.00000	0.00000	0.00000	1.00000

boidNo = 14
boid Wall No = 1
position = = (1.4, 9.4, -3.2)
Boid Radius= 10
Boid Frame=
 -0.75809	0.14480	-0.63587	1.44802
-0.10020	0.93760	0.33297	9.37600
-0.64441	-0.31613	0.69627	-3.16132
0.00000	0.00000	0.00000	1.00000

boidNo = 15
boid Wall No = 0
position = = (6.0, -0.8, 8.0)
Boid Radius= 10
Boid Frame=
 0.23527	0.59835	0.76592	5.98348
-0.93215	-0.08423	0.35214	-0.84232
-0.27521	0.79680	-0.53793	7.96797
0.00000	0.00000	0.00000	1.00000

boidNo = 16
boid Wall No = 0
position = = (-4.2, -8.2, 3.9)
Boid Radius= 10
Boid Frame=
 0.63531	-0.41896	-0.64873	-4.18961
0.04082	-0.82065	0.56996	-8.20655
0.77118	0.38858	0.50427	3.88584
0.00000	0.00000	0.00000	1.00000

boidNo = 17
boid Wall No = 1
position = = (9.1, 2.1, -3.5)
Boid Radius= 10
Boid Frame=
 -0.12619	0.91394	-0.38574	9.13939
-0.67401	0.20632	0.70933	2.06318
-0.72787	-0.34950	-0.58997	-3.49497
0.00000	0.00000	0.00000	1.00000

boidNo = 18
boid Wall No = 0
position = = (0.6, -9.8, 2.0)
Boid Radius= 10
Boid Frame=
 0.94482	0.06144	0.32177	0.61440
-0.00749	-0.97795	0.20873	-9.77945
-0.32750	0.19962	0.92352	1.99620
0.00000	0.00000	0.00000	1.00000

boidNo = 19
boid Wall No = 1
position = = (4.9, 7.1, 5.0)
Boid Radius= 10
Boid Frame=
 0.86052	0.49354	-0.12619	4.93543
-0.31644	0.71200	0.62684	7.11999
-0.39922	0.49947	-0.76886	4.99473
0.00000	0.00000	0.00000	1.00000

