Iteration Num of Simuation:0
m_SimulationDeltaT of action plan:0
boidNo = 0
boid Wall No = 0
position = = (-3.7, -11.0, -2.9)
Boid Radius= 12
Boid Frame=
 -0.82072	-0.30919	-0.48043	-3.71032
0.12956	-0.91972	0.37058	-11.03664
0.55644	-0.24190	-0.79489	-2.90278
0.00000	0.00000	0.00000	1.00000

boidNo = 1
boid Wall No = 1
position = = (0.4, 12.0, 0.8)
Boid Radius= 12
Boid Frame=
 0.77724	0.02975	-0.62850	0.35700
0.01724	0.99750	0.06853	11.97000
-0.62896	0.06410	-0.77479	0.76918
0.00000	0.00000	0.00000	1.00000

boidNo = 2
boid Wall No = 0
position = = (-2.0, -8.0, 8.7)
Boid Radius= 12
Boid Frame=
 0.93771	-0.17055	0.30268	-2.04656
-0.33567	-0.66941	0.66273	-8.03294
-0.08959	0.72305	0.68496	8.67661
0.00000	0.00000	0.00000	1.00000

boidNo = 3
boid Wall No = 0
position = = (-5.0, -8.8, 6.4)
Boid Radius= 12
Boid Frame=
 0.85515	-0.41725	-0.30760	-5.00705
-0.11875	-0.73529	0.66727	-8.82348
0.50460	0.53409	0.67833	6.40903
0.00000	0.00000	0.00000	1.00000

boidNo = 4
boid Wall No = 1
position = = (10.9, 4.4, 2.3)
Boid Radius= 12
Boid Frame=
 0.39301	0.90997	-0.13232	10.91960
-0.61442	0.36693	0.69846	4.40311
-0.68413	0.19320	-0.70331	2.31841
0.00000	0.00000	0.00000	1.00000

boidNo = 5
boid Wall No = 0
position = = (-2.8, -0.7, 11.7)
Boid Radius= 12
Boid Frame=
 0.71486	-0.23118	0.65995	-2.77411
-0.68734	-0.05876	0.72395	-0.70511
0.12858	0.97114	0.20090	11.65363
0.00000	0.00000	0.00000	1.00000

boidNo = 6
boid Wall No = 0
position = = (4.6, -11.1, -0.7)
Boid Radius= 12
Boid Frame=
 0.33468	0.37976	0.86242	4.55710
0.19296	-0.92343	0.33174	-11.08111
-0.92236	-0.05539	0.38233	-0.66466
0.00000	0.00000	0.00000	1.00000

boidNo = 7
boid Wall No = 0
position = = (0.9, -2.6, -11.7)
Boid Radius= 12
Boid Frame=
 -0.71682	0.07219	-0.69351	0.86626
-0.69020	-0.21459	0.69107	-2.57506
0.09893	-0.97403	-0.20365	-11.68840
0.00000	0.00000	0.00000	1.00000

boidNo = 8
boid Wall No = 0
position = = (1.9, -4.3, 11.0)
Boid Radius= 12
Boid Frame=
 0.75025	0.15873	0.64182	1.90478
-0.56176	-0.35886	0.74542	-4.30627
-0.34864	0.91980	0.18006	11.03756
0.00000	0.00000	0.00000	1.00000

boidNo = 9
boid Wall No = 0
position = = (-1.4, -1.2, -11.9)
Boid Radius= 12
Boid Frame=
 -0.74271	-0.11923	-0.65891	-1.43070
-0.65157	-0.09817	0.75221	-1.17808
0.15437	-0.98800	0.00477	-11.85602
0.00000	0.00000	0.00000	1.00000

boidNo = 10
boid Wall No = 0
position = = (-11.7, -2.5, 0.9)
Boid Radius= 12
Boid Frame=
 0.20634	-0.97522	-0.07976	-11.70270
-0.73180	-0.20791	0.64903	-2.49497
0.64953	0.07555	0.75657	0.90665
0.00000	0.00000	0.00000	1.00000

boidNo = 11
boid Wall No = 1
position = = (0.9, 11.8, -2.0)
Boid Radius= 12
Boid Frame=
 -0.99611	0.07504	-0.04628	0.90046
0.06638	0.98383	0.16636	11.80594
-0.05801	-0.16264	0.98498	-1.95164
0.00000	0.00000	0.00000	1.00000

boidNo = 12
boid Wall No = 0
position = = (3.1, -8.3, 8.0)
Boid Radius= 12
Boid Frame=
 -0.06461	0.25858	0.96383	3.10294
-0.70502	-0.69538	0.13930	-8.34452
-0.70624	0.67051	-0.22723	8.04617
0.00000	0.00000	0.00000	1.00000

boidNo = 13
boid Wall No = 1
position = = (11.5, 2.1, -2.7)
Boid Radius= 12
Boid Frame=
 -0.06460	0.95766	-0.28056	11.49191
-0.63614	0.17710	0.75097	2.12517
-0.76886	-0.22699	-0.59777	-2.72390
0.00000	0.00000	0.00000	1.00000

boidNo = 14
boid Wall No = 1
position = = (11.1, 0.8, -4.5)
Boid Radius= 12
Boid Frame=
 -0.18872	0.92444	-0.33136	11.09327
-0.77414	0.06757	0.62940	0.81082
-0.60423	-0.37530	-0.70289	-4.50355
0.00000	0.00000	0.00000	1.00000

boidNo = 15
boid Wall No = 1
position = = (1.7, 10.8, 4.9)
Boid Radius= 12
Boid Frame=
 0.96254	0.14226	-0.23081	1.70709
-0.02878	0.90009	0.43475	10.80109
-0.26960	0.41182	-0.87047	4.94188
0.00000	0.00000	0.00000	1.00000

boidNo = 16
boid Wall No = 1
position = = (-0.1, 11.8, 2.1)
Boid Radius= 12
Boid Frame=
 0.65025	-0.01021	0.75965	-0.12249
-0.12611	0.98459	0.12118	11.81504
0.74918	0.17460	-0.63894	2.09517
0.00000	0.00000	0.00000	1.00000

boidNo = 17
boid Wall No = 1
position = = (1.0, 8.9, 8.0)
Boid Radius= 12
Boid Frame=
 0.95477	0.08068	0.28618	0.96815
-0.24901	0.74292	0.62134	8.91507
0.16248	0.66450	-0.72941	7.97397
0.00000	0.00000	0.00000	1.00000

boidNo = 18
boid Wall No = 1
position = = (11.2, 2.2, 3.6)
Boid Radius= 12
Boid Frame=
 0.34072	0.93563	0.09219	11.22759
-0.69643	0.18530	0.69329	2.22366
-0.63158	0.30042	-0.71474	3.60509
0.00000	0.00000	0.00000	1.00000

boidNo = 19
boid Wall No = 0
position = = (0.3, -11.1, 4.6)
Boid Radius= 12
Boid Frame=
 0.99559	0.02514	-0.09033	0.30170
0.05779	-0.92316	0.38004	-11.07794
0.07383	0.38359	0.92055	4.60307
0.00000	0.00000	0.00000	1.00000

boidNo = 20
boid Wall No = 1
position = = (0.6, 8.2, 8.7)
Boid Radius= 12
Boid Frame=
 0.81242	0.04656	0.58122	0.55869
-0.44915	0.68561	0.57289	8.22730
0.37182	0.72648	-0.57791	8.71776
0.00000	0.00000	0.00000	1.00000

boidNo = 21
boid Wall No = 0
position = = (0.1, -3.2, -11.6)
Boid Radius= 12
Boid Frame=
 -0.71477	0.00856	-0.69930	0.10272
-0.67493	-0.27038	0.68655	-3.24461
0.18320	-0.96271	-0.19904	-11.55257
0.00000	0.00000	0.00000	1.00000

boidNo = 22
boid Wall No = 0
position = = (-6.7, -6.1, -7.9)
Boid Radius= 12
Boid Frame=
 -0.52841	-0.55502	-0.64244	-6.66029
-0.39464	-0.50942	0.76469	-6.11303
0.75169	-0.65760	-0.05015	-7.89122
0.00000	0.00000	0.00000	1.00000

boidNo = 23
boid Wall No = 0
position = = (2.0, -11.5, -2.8)
Boid Radius= 12
Boid Frame=
 -0.43878	0.16490	0.88333	1.97883
0.14435	-0.95732	0.25042	-11.48780
-0.88692	-0.23738	-0.39625	-2.84861
0.00000	0.00000	0.00000	1.00000

boidNo = 24
boid Wall No = 1
position = = (-7.9, 8.9, 1.4)
Boid Radius= 12
Boid Frame=
 -0.37466	-0.65861	0.65258	-7.90333
-0.46038	0.74310	0.48565	8.91718
0.80479	0.11848	0.58162	1.42174
0.00000	0.00000	0.00000	1.00000

boidNo = 25
boid Wall No = 0
position = = (6.3, -0.8, -10.2)
Boid Radius= 12
Boid Frame=
 -0.71566	0.52648	-0.45897	6.31774
-0.57291	-0.06661	0.81691	-0.79934
-0.39951	-0.84758	-0.34930	-10.17090
0.00000	0.00000	0.00000	1.00000

boidNo = 26
boid Wall No = 0
position = = (-5.9, -10.1, 2.7)
Boid Radius= 12
Boid Frame=
 0.29556	-0.49178	-0.81902	-5.90136
0.08598	-0.84015	0.53549	-10.08180
0.95145	0.22869	0.20603	2.74430
0.00000	0.00000	0.00000	1.00000

boidNo = 27
boid Wall No = 1
position = = (-8.6, 3.5, 7.6)
Boid Radius= 12
Boid Frame=
 0.20742	-0.71540	0.66722	-8.58481
-0.78020	0.29047	0.55399	3.48565
0.59013	0.63547	0.49791	7.62570
0.00000	0.00000	0.00000	1.00000

boidNo = 28
boid Wall No = 0
position = = (0.0, -5.4, -10.7)
Boid Radius= 12
Boid Frame=
 -0.87472	-0.00395	-0.48461	-0.04745
-0.43101	-0.45082	0.78166	-5.40985
0.22156	-0.89261	-0.39264	-10.71127
0.00000	0.00000	0.00000	1.00000

boidNo = 29
boid Wall No = 0
position = = (-3.3, -11.5, -0.6)
Boid Radius= 12
Boid Frame=
 -0.14156	-0.27463	-0.95107	-3.29554
-0.01015	-0.96029	0.27880	-11.52354
0.98988	-0.04912	-0.13315	-0.58947
0.00000	0.00000	0.00000	1.00000

boidNo = 30
boid Wall No = 0
position = = (-10.0, -3.8, -5.4)
Boid Radius= 12
Boid Frame=
 -0.24044	-0.83403	-0.49657	-10.00833
-0.53299	-0.31412	0.78565	-3.76939
0.81124	-0.45357	0.36900	-5.44288
0.00000	0.00000	0.00000	1.00000

boidNo = 31
boid Wall No = 0
position = = (2.8, -4.8, 10.6)
Boid Radius= 12
Boid Frame=
 0.59393	0.23038	0.77083	2.76457
-0.66456	-0.39953	0.63146	-4.79438
-0.45345	0.88730	0.08419	10.64759
0.00000	0.00000	0.00000	1.00000

boidNo = 32
boid Wall No = 0
position = = (7.8, -1.2, -9.0)
Boid Radius= 12
Boid Frame=
 -0.36034	0.65362	-0.66554	7.84339
-0.91369	-0.10353	0.39301	-1.24240
-0.18797	-0.74971	-0.63451	-8.99654
0.00000	0.00000	0.00000	1.00000

boidNo = 33
boid Wall No = 1
position = = (-8.4, 7.9, 3.4)
Boid Radius= 12
Boid Frame=
 0.04201	-0.69782	0.71504	-8.37388
-0.36312	0.65607	0.66161	7.87280
0.93080	0.28744	0.22583	3.44923
0.00000	0.00000	0.00000	1.00000

boidNo = 34
boid Wall No = 1
position = = (-2.6, 1.8, -11.6)
Boid Radius= 12
Boid Frame=
 -0.77855	-0.21980	-0.58783	-2.63759
-0.62267	0.15368	0.76724	1.84411
0.07830	-0.96336	0.25651	-11.56038
0.00000	0.00000	0.00000	1.00000

boidNo = 35
boid Wall No = 0
position = = (-11.4, -3.2, -2.2)
Boid Radius= 12
Boid Frame=
 0.03881	-0.94667	-0.31986	-11.36003
-0.65364	-0.26617	0.70845	-3.19406
0.75581	-0.18158	0.62911	-2.17891
0.00000	0.00000	0.00000	1.00000

boidNo = 36
boid Wall No = 1
position = = (3.4, 11.2, -2.5)
Boid Radius= 12
Boid Frame=
 -0.60707	0.28448	-0.74198	3.41374
0.00901	0.93613	0.35154	11.23354
-0.79460	-0.20672	0.57086	-2.48070
0.00000	0.00000	0.00000	1.00000

boidNo = 37
boid Wall No = 1
position = = (-0.6, 11.9, 1.3)
Boid Radius= 12
Boid Frame=
 0.58148	-0.05129	0.81194	-0.61550
-0.05685	0.99301	0.10344	11.91612
0.81157	0.10630	-0.57450	1.27565
0.00000	0.00000	0.00000	1.00000

boidNo = 38
boid Wall No = 0
position = = (-2.9, -11.6, -0.2)
Boid Radius= 12
Boid Frame=
 -0.11788	-0.24081	-0.96339	-2.88969
0.01468	-0.97047	0.24078	-11.64562
0.99292	-0.01424	-0.11793	-0.17089
0.00000	0.00000	0.00000	1.00000

boidNo = 39
boid Wall No = 1
position = = (0.9, 11.0, 4.6)
Boid Radius= 12
Boid Frame=
 0.97960	0.07508	-0.18642	0.90096
0.00395	0.92021	0.39139	11.04257
-0.20093	0.38415	-0.90114	4.60975
0.00000	0.00000	0.00000	1.00000

boidNo = 40
boid Wall No = 1
position = = (1.3, 2.3, 11.7)
Boid Radius= 12
Boid Frame=
 0.62910	0.10596	0.77007	1.27150
-0.77277	0.19232	0.60484	2.30784
0.08401	0.97560	-0.20287	11.70714
0.00000	0.00000	0.00000	1.00000

boidNo = 41
boid Wall No = 0
position = = (-5.6, -2.5, -10.3)
Boid Radius= 12
Boid Frame=
 -0.58571	-0.46296	-0.66529	-5.55553
-0.65541	-0.21238	0.72480	-2.54856
0.47685	-0.86056	0.17904	-10.32671
0.00000	0.00000	0.00000	1.00000

boidNo = 42
boid Wall No = 1
position = = (-2.1, 9.5, -7.0)
Boid Radius= 12
Boid Frame=
 -0.97751	-0.17325	-0.12024	-2.07901
-0.21085	0.79224	0.57262	9.50693
0.00395	-0.58509	0.81096	-7.02111
0.00000	0.00000	0.00000	1.00000

boidNo = 43
boid Wall No = 0
position = = (0.2, -12.0, -0.1)
Boid Radius= 12
Boid Frame=
 -0.18810	0.01327	0.98206	0.15928
0.00253	-0.99990	0.01400	-11.99879
-0.98215	-0.00511	-0.18805	-0.06137
0.00000	0.00000	0.00000	1.00000

boidNo = 44
boid Wall No = 0
position = = (2.0, -0.4, -11.8)
Boid Radius= 12
Boid Frame=
 -0.67202	0.16404	-0.72214	1.96852
-0.73558	-0.03530	0.67651	-0.42356
-0.08549	-0.98582	-0.14439	-11.82986
0.00000	0.00000	0.00000	1.00000

boidNo = 45
boid Wall No = 0
position = = (-8.1, -8.5, 2.4)
Boid Radius= 12
Boid Frame=
 0.43533	-0.67895	-0.59120	-8.14745
-0.17273	-0.70747	0.68531	-8.48969
0.88355	0.19622	0.42526	2.35462
0.00000	0.00000	0.00000	1.00000

boidNo = 46
boid Wall No = 0
position = = (-5.7, -4.3, -9.7)
Boid Radius= 12
Boid Frame=
 -0.44317	-0.47151	-0.76242	-5.65813
-0.69546	-0.35580	0.62429	-4.26958
0.56563	-0.80690	0.17024	-9.68278
0.00000	0.00000	0.00000	1.00000

boidNo = 47
boid Wall No = 1
position = = (3.8, 11.0, -2.9)
Boid Radius= 12
Boid Frame=
 -0.61126	0.31403	-0.72647	3.76831
0.00191	0.91849	0.39543	11.02193
-0.79143	-0.24032	0.56203	-2.88390
0.00000	0.00000	0.00000	1.00000

boidNo = 48
boid Wall No = 1
position = = (4.2, 11.0, 2.5)
Boid Radius= 12
Boid Frame=
 0.80853	0.34620	-0.47585	4.15440
-0.17719	0.91433	0.36415	10.97196
-0.56115	0.21011	-0.80060	2.52131
0.00000	0.00000	0.00000	1.00000

boidNo = 49
boid Wall No = 0
position = = (10.9, -2.0, 4.7)
Boid Radius= 12
Boid Frame=
 0.23220	0.90644	0.35277	10.87730
-0.57918	-0.16253	0.79884	-1.95030
-0.78143	0.38981	-0.48725	4.67768
0.00000	0.00000	0.00000	1.00000

