Iteration Num of Simuation:0
m_SimulationDeltaT of action plan:0
boidNo = 0
boid Wall No = 1
position = = (6.1, 1.3, -7.8)
Boid Radius= 10
Boid Frame=
 -0.56018	0.60538	-0.56543	6.05377
-0.63014	0.13165	0.76524	1.31649
-0.53770	-0.78498	-0.30772	-7.84976
0.00000	0.00000	0.00000	1.00000

boidNo = 1
boid Wall No = 0
position = = (4.7, -8.8, 0.9)
Boid Radius= 10
Boid Frame=
 0.19443	0.47166	0.86007	4.71664
0.00354	-0.87714	0.48022	-8.77140
-0.98091	0.09032	0.17222	0.90323
0.00000	0.00000	0.00000	1.00000

boidNo = 2
boid Wall No = 0
position = = (9.7, -1.3, -1.9)
Boid Radius= 10
Boid Frame=
 -0.20429	0.97371	-0.10076	9.73711
-0.86080	-0.12968	0.49215	-1.29676
-0.46614	-0.18727	-0.86466	-1.87275
0.00000	0.00000	0.00000	1.00000

boidNo = 3
boid Wall No = 1
position = = (4.0, 3.1, -8.6)
Boid Radius= 10
Boid Frame=
 -0.43973	0.39522	-0.80650	3.95220
-0.76062	0.31363	0.56841	3.13629
-0.47759	-0.86339	-0.16270	-8.63387
0.00000	0.00000	0.00000	1.00000

boidNo = 4
boid Wall No = 0
position = = (-2.8, -9.6, 0.3)
Boid Radius= 10
Boid Frame=
 -0.18943	-0.28397	-0.93994	-2.83967
0.08750	-0.95834	0.27189	-9.58341
0.97799	0.03074	-0.20638	0.30739
0.00000	0.00000	0.00000	1.00000

boidNo = 5
boid Wall No = 1
position = = (-7.5, 6.3, 1.9)
Boid Radius= 9.999999
Boid Frame=
 -0.08479	-0.75023	0.65572	-7.50228
-0.37455	0.63382	0.67674	6.33823
0.92332	0.18822	0.33474	1.88218
0.00000	0.00000	0.00000	1.00000

boidNo = 6
boid Wall No = 0
position = = (0.3, -10.0, 0.4)
Boid Radius= 10
Boid Frame=
 0.54502	0.02604	0.83802	0.26037
-0.02031	-0.99881	0.04424	-9.98814
-0.83818	0.04113	0.54385	0.41134
0.00000	0.00000	0.00000	1.00000

boidNo = 7
boid Wall No = 1
position = = (-3.6, 7.7, -5.3)
Boid Radius= 10
Boid Frame=
 -0.92107	-0.35887	-0.15113	-3.58873
-0.38339	0.76783	0.51327	7.67834
0.06816	-0.53070	0.84482	-5.30699
0.00000	0.00000	0.00000	1.00000

boidNo = 8
boid Wall No = 0
position = = (-5.2, -6.7, 5.4)
Boid Radius= 10
Boid Frame=
 0.82147	-0.51869	-0.23696	-5.18690
-0.21414	-0.66570	0.71483	-6.65704
0.52852	0.53647	0.65793	5.36469
0.00000	0.00000	0.00000	1.00000

boidNo = 9
boid Wall No = 1
position = = (-4.4, 3.7, -8.2)
Boid Radius= 10
Boid Frame=
 -0.78604	-0.44122	-0.43297	-4.41225
-0.59798	0.36511	0.71353	3.65110
0.15674	-0.81977	0.55083	-8.19766
0.00000	0.00000	0.00000	1.00000

boidNo = 10
boid Wall No = 0
position = = (-8.4, -4.2, -3.4)
Boid Radius= 10
Boid Frame=
 -0.12141	-0.83873	-0.53084	-8.38730
-0.46716	-0.42358	0.77611	-4.23580
0.87580	-0.34222	0.34040	-3.42216
0.00000	0.00000	0.00000	1.00000

boidNo = 11
boid Wall No = 0
position = = (-6.2, -3.0, -7.2)
Boid Radius= 10
Boid Frame=
 -0.44115	-0.62314	-0.64582	-6.23135
-0.62819	-0.29951	0.71810	-2.99514
0.64091	-0.72249	0.25931	-7.22492
0.00000	0.00000	0.00000	1.00000

boidNo = 12
boid Wall No = 1
position = = (8.7, 4.9, 1.0)
Boid Radius= 10
Boid Frame=
 0.37468	0.86654	-0.32974	8.66538
-0.50312	0.48875	0.71274	4.88754
-0.77877	0.10115	-0.61910	1.01148
0.00000	0.00000	0.00000	1.00000

boidNo = 13
boid Wall No = 0
position = = (-8.5, -5.0, 1.5)
Boid Radius= 10
Boid Frame=
 0.39998	-0.85103	-0.34025	-8.51027
-0.44087	-0.50412	0.74263	-5.04117
0.80352	0.14703	0.57683	1.47035
0.00000	0.00000	0.00000	1.00000

boidNo = 14
boid Wall No = 0
position = = (-1.1, -4.1, -9.1)
Boid Radius= 9.999999
Boid Frame=
 -0.78863	-0.10717	-0.60545	-1.07166
-0.51990	-0.40950	0.74968	-4.09503
0.32827	-0.90599	-0.26723	-9.05992
0.00000	0.00000	0.00000	1.00000

boidNo = 15
boid Wall No = 1
position = = (0.3, 9.4, 3.3)
Boid Radius= 9.999999
Boid Frame=
 0.79388	0.03268	0.60719	0.32680
-0.22770	0.94188	0.24702	9.41876
0.56382	0.33437	-0.75518	3.34368
0.00000	0.00000	0.00000	1.00000

boidNo = 16
boid Wall No = 0
position = = (-0.1, -9.2, 3.8)
Boid Radius= 10
Boid Frame=
 0.92828	-0.01303	-0.37166	-0.13030
0.13099	-0.92388	0.35957	-9.23879
0.34805	0.38246	0.85591	3.82463
0.00000	0.00000	0.00000	1.00000

boidNo = 17
boid Wall No = 0
position = = (-5.1, -1.5, -8.5)
Boid Radius= 10
Boid Frame=
 -0.67050	-0.50776	-0.54093	-5.07757
-0.54868	-0.15139	0.82221	-1.51390
0.49938	-0.84809	0.17709	-8.48094
0.00000	0.00000	0.00000	1.00000

boidNo = 18
boid Wall No = 1
position = = (-4.1, 4.5, 7.9)
Boid Radius= 10
Boid Frame=
 0.48281	-0.40762	0.77508	-4.07615
-0.62950	0.45374	0.63075	4.53740
0.60879	0.79245	0.03752	7.92446
0.00000	0.00000	0.00000	1.00000

boidNo = 19
boid Wall No = 0
position = = (9.3, -3.6, 1.2)
Boid Radius= 10
Boid Frame=
 -0.09483	0.92591	0.36566	9.25907
-0.51640	-0.35978	0.77710	-3.59781
-0.85108	0.11513	-0.51225	1.15130
0.00000	0.00000	0.00000	1.00000

