Iteration Num of Simuation:0
m_SimulationDeltaT of action plan:0
boidNo = 0
boid Wall No = 1
position = = (7.9, 3.8, 4.8)
Boid Radius= 10
Boid Frame=
 0.55299	0.78870	0.26860	7.88702
-0.78362	0.38280	0.48928	3.82801
-0.28308	0.48105	-0.82973	4.81054
0.00000	0.00000	0.00000	1.00000

boidNo = 1
boid Wall No = 1
position = = (-3.6, 8.3, 4.2)
Boid Radius= 10
Boid Frame=
 0.34398	-0.36302	0.86597	-3.63017
-0.29695	0.83286	0.46709	8.32856
0.89079	0.41781	-0.17868	4.17814
0.00000	0.00000	0.00000	1.00000

boidNo = 2
boid Wall No = 1
position = = (1.5, 9.7, -1.8)
Boid Radius= 10
Boid Frame=
 -0.04317	0.14999	-0.98774	1.49987
-0.17764	0.97176	0.15532	9.71761
-0.98315	-0.18217	0.01531	-1.82168
0.00000	0.00000	0.00000	1.00000

boidNo = 3
boid Wall No = 1
position = = (-1.0, 3.6, 9.3)
Boid Radius= 10
Boid Frame=
 0.73526	-0.09570	0.67099	-0.95702
-0.60202	0.36260	0.71140	3.62598
0.31138	0.92702	-0.20899	9.27019
0.00000	0.00000	0.00000	1.00000

boidNo = 4
boid Wall No = 1
position = = (1.8, 9.8, -0.2)
Boid Radius= 10
Boid Frame=
 -0.46291	0.18462	-0.86697	1.84616
0.06732	0.98257	0.17329	9.82568
-0.88385	-0.02186	0.46727	-0.21856
0.00000	0.00000	0.00000	1.00000

boidNo = 5
boid Wall No = 1
position = = (-9.8, 0.3, -1.8)
Boid Radius= 10
Boid Frame=
 -0.15827	-0.98264	-0.09679	-9.82641
-0.63588	0.02644	0.77133	0.26443
0.75538	-0.18362	0.62903	-1.83624
0.00000	0.00000	0.00000	1.00000

boidNo = 6
boid Wall No = 1
position = = (9.1, 3.0, -2.9)
Boid Radius= 10
Boid Frame=
 -0.06350	0.90817	-0.41375	9.08175
-0.58926	0.30048	0.74999	3.00484
-0.80545	-0.29143	-0.51607	-2.91425
0.00000	0.00000	0.00000	1.00000

boidNo = 7
boid Wall No = 0
position = = (-0.2, -9.9, 1.3)
Boid Radius= 10
Boid Frame=
 0.99388	-0.01728	-0.10907	-0.17275
-0.00269	-0.99118	0.13250	-9.91180
0.11040	0.13139	0.98516	1.31393
0.00000	0.00000	0.00000	1.00000

boidNo = 8
boid Wall No = 0
position = = (-0.2, -10.0, -0.1)
Boid Radius= 9.999999
Boid Frame=
 -0.40520	-0.02250	-0.91395	-0.22500
-0.00103	-0.99969	0.02507	-9.99685
0.91423	-0.01110	-0.40505	-0.11099
0.00000	0.00000	0.00000	1.00000

boidNo = 9
boid Wall No = 0
position = = (4.3, -9.0, -0.8)
Boid Radius= 10
Boid Frame=
 0.06858	0.43442	0.89810	4.34419
0.11773	-0.89745	0.42512	-8.97450
-0.99068	-0.07658	0.11269	-0.76577
0.00000	0.00000	0.00000	1.00000

boidNo = 10
boid Wall No = 0
position = = (8.3, -0.7, 5.6)
Boid Radius= 10
Boid Frame=
 0.37905	0.82506	0.41904	8.25062
-0.66694	-0.07034	0.74179	-0.70338
-0.64149	0.56065	-0.52360	5.60647
0.00000	0.00000	0.00000	1.00000

boidNo = 11
boid Wall No = 1
position = = (-10.0, 0.0, -0.1)
Boid Radius= 10
Boid Frame=
 -0.00932	-0.99994	-0.00562	-9.99941
-0.66312	0.00197	0.74851	0.01974
0.74845	-0.01071	0.66310	-0.10706
0.00000	0.00000	0.00000	1.00000

boidNo = 12
boid Wall No = 0
position = = (-7.3, -6.4, 2.5)
Boid Radius= 10
Boid Frame=
 0.55443	-0.72844	-0.40248	-7.28436
-0.33793	-0.63900	0.69100	-6.39001
0.76054	0.24710	0.60044	2.47101
0.00000	0.00000	0.00000	1.00000

boidNo = 13
boid Wall No = 0
position = = (7.2, -6.6, -1.9)
Boid Radius= 10
Boid Frame=
 -0.42789	0.72367	0.54149	7.23674
-0.22113	-0.66471	0.71362	-6.64714
-0.87636	-0.18561	-0.44445	-1.85612
0.00000	0.00000	0.00000	1.00000

boidNo = 14
boid Wall No = 0
position = = (3.6, -3.1, 8.8)
Boid Radius= 10
Boid Frame=
 0.45996	0.35765	0.81273	3.57648
-0.76297	-0.30902	0.56779	-3.09023
-0.45422	0.88125	-0.13074	8.81245
0.00000	0.00000	0.00000	1.00000

boidNo = 15
boid Wall No = 0
position = = (-1.7, -1.8, 9.7)
Boid Radius= 10
Boid Frame=
 0.33375	-0.16700	0.92775	-1.66997
-0.93526	-0.18174	0.30374	-1.81735
-0.11788	0.96906	0.21684	9.69064
0.00000	0.00000	0.00000	1.00000

boidNo = 16
boid Wall No = 1
position = = (2.2, 9.5, -2.3)
Boid Radius= 10
Boid Frame=
 0.27293	0.22234	-0.93599	2.22341
-0.28882	0.94698	0.14074	9.46983
-0.91766	-0.23192	-0.32267	-2.31921
0.00000	0.00000	0.00000	1.00000

boidNo = 17
boid Wall No = 1
position = = (-8.0, 5.1, -3.2)
Boid Radius= 10
Boid Frame=
 -0.59509	-0.80301	0.03232	-8.03006
-0.65156	0.50562	0.56552	5.05623
0.47046	-0.31548	0.82410	-3.15479
0.00000	0.00000	0.00000	1.00000

boidNo = 18
boid Wall No = 0
position = = (0.5, -9.8, -1.8)
Boid Radius= 10
Boid Frame=
 -0.99189	0.05001	0.11688	0.50006
-0.02724	-0.98163	0.18886	-9.81627
-0.12417	-0.18414	-0.97502	-1.84142
0.00000	0.00000	0.00000	1.00000

boidNo = 19
boid Wall No = 1
position = = (-1.7, 9.9, 0.1)
Boid Radius= 10
Boid Frame=
 0.05803	-0.16860	0.98398	-1.68596
0.00290	0.98566	0.16871	9.85661
0.99831	0.00694	-0.05769	0.06941
0.00000	0.00000	0.00000	1.00000

