Iteration Num of Simuation:0
m_SimulationDeltaT of action plan:0
boidNo = 0
boid Wall No = 0
position = = (-8.9, -3.7, -2.5)
Boid Radius= 9.999999
Boid Frame=
 0.02771	-0.89483	-0.44555	-8.94829
-0.59998	-0.37139	0.70858	-3.71394
0.79953	-0.24768	0.54717	-2.47684
0.00000	0.00000	0.00000	1.00000

boidNo = 1
boid Wall No = 0
position = = (6.2, -5.7, -5.3)
Boid Radius= 10
Boid Frame=
 -0.77632	0.62468	0.08426	6.24677
-0.38356	-0.57423	0.72328	-5.74234
-0.50020	-0.52918	-0.68539	-5.29183
0.00000	0.00000	0.00000	1.00000

boidNo = 2
boid Wall No = 1
position = = (5.6, 7.3, 3.9)
Boid Radius= 10
Boid Frame=
 0.76355	0.56486	-0.31292	5.64864
-0.28326	0.72846	0.62379	7.28460
-0.58031	0.38765	-0.71622	3.87652
0.00000	0.00000	0.00000	1.00000

boidNo = 3
boid Wall No = 0
position = = (9.5, -2.4, -2.2)
Boid Radius= 10
Boid Frame=
 -0.30579	0.94577	-0.10962	9.45768
-0.88638	-0.24076	0.39542	-2.40756
-0.34759	-0.21808	-0.91193	-2.18080
0.00000	0.00000	0.00000	1.00000

boidNo = 4
boid Wall No = 1
position = = (0.6, 10.0, -0.1)
Boid Radius= 10
Boid Frame=
 -0.71369	0.06128	-0.69778	0.61278
0.03639	0.99806	0.05043	9.98064
-0.69952	-0.01060	0.71454	-0.10597
0.00000	0.00000	0.00000	1.00000

boidNo = 5
boid Wall No = 1
position = = (-0.1, 0.0, -10.0)
Boid Radius= 10
Boid Frame=
 -0.76481	-0.00804	-0.64420	-0.08043
-0.64424	0.00453	0.76481	0.04532
0.00323	-0.99996	0.00865	-9.99957
0.00000	0.00000	0.00000	1.00000

boidNo = 6
boid Wall No = 0
position = = (-8.5, -5.1, -1.0)
Boid Radius= 10
Boid Frame=
 0.14322	-0.85289	-0.50207	-8.52885
-0.41932	-0.51181	0.74981	-5.11810
0.89647	-0.10314	0.43093	-1.03139
0.00000	0.00000	0.00000	1.00000

boidNo = 7
boid Wall No = 0
position = = (6.1, -1.5, 7.8)
Boid Radius= 10
Boid Frame=
 0.59289	0.61181	0.52361	6.11808
-0.56241	-0.15078	0.81300	-1.50779
-0.57635	0.77650	-0.25469	7.76503
0.00000	0.00000	0.00000	1.00000

boidNo = 8
boid Wall No = 1
position = = (-10.0, 0.2, -0.7)
Boid Radius= 10
Boid Frame=
 -0.06028	-0.99705	-0.04749	-9.97051
-0.79256	0.01889	0.60950	0.18887
0.60680	-0.07438	0.79137	-0.74381
0.00000	0.00000	0.00000	1.00000

boidNo = 9
boid Wall No = 1
position = = (-8.4, 2.7, 4.6)
Boid Radius= 10
Boid Frame=
 0.19349	-0.84451	0.49937	-8.44507
-0.65656	0.26676	0.70553	2.66764
0.72904	0.46438	0.50285	4.64375
0.00000	0.00000	0.00000	1.00000

boidNo = 10
boid Wall No = 1
position = = (-0.8, 9.5, -2.8)
Boid Radius= 10
Boid Frame=
 -0.98889	-0.08489	0.12201	-0.84893
-0.04578	0.95491	0.29335	9.54907
0.14142	-0.28451	0.94819	-2.84509
0.00000	0.00000	0.00000	1.00000

boidNo = 11
boid Wall No = 0
position = = (0.8, -9.9, 1.0)
Boid Radius= 10
Boid Frame=
 0.78353	0.07758	0.61649	0.77576
-0.00412	-0.99150	0.13001	-9.91504
-0.62134	0.10441	0.77655	1.04409
0.00000	0.00000	0.00000	1.00000

boidNo = 12
boid Wall No = 1
position = = (8.9, 4.2, -1.8)
Boid Radius= 10
Boid Frame=
 0.12452	0.88961	-0.43941	8.89615
-0.60007	0.42021	0.68069	4.20207
-0.79019	-0.17892	-0.58616	-1.78917
0.00000	0.00000	0.00000	1.00000

boidNo = 13
boid Wall No = 0
position = = (3.5, -9.4, -0.1)
Boid Radius= 10
Boid Frame=
 0.44152	0.34743	0.82725	3.47433
0.17156	-0.93767	0.30224	-9.37667
-0.88070	-0.00847	0.47360	-0.08473
0.00000	0.00000	0.00000	1.00000

boidNo = 14
boid Wall No = 0
position = = (-5.2, -3.4, -7.8)
Boid Radius= 10
Boid Frame=
 -0.39303	-0.51916	-0.75895	-5.19163
-0.72083	-0.33849	0.60484	-3.38488
0.57090	-0.78479	0.24120	-7.84790
0.00000	0.00000	0.00000	1.00000

boidNo = 15
boid Wall No = 0
position = = (8.6, -5.1, -0.9)
Boid Radius= 10
Boid Frame=
 -0.33334	0.85681	0.39341	8.56808
-0.42052	-0.50858	0.75134	-5.08580
-0.84383	-0.08501	-0.52984	-0.85010
0.00000	0.00000	0.00000	1.00000

boidNo = 16
boid Wall No = 0
position = = (0.6, -10.0, -0.4)
Boid Radius= 10
Boid Frame=
 -0.41232	0.05618	0.90931	0.56179
0.01233	-0.99766	0.06723	-9.97662
-0.91096	-0.03893	-0.41066	-0.38927
0.00000	0.00000	0.00000	1.00000

boidNo = 17
boid Wall No = 0
position = = (9.2, -1.5, 3.7)
Boid Radius= 10
Boid Frame=
 0.22352	0.91788	0.32793	9.17877
-0.57272	-0.14856	0.80618	-1.48558
-0.78869	0.36801	-0.49248	3.68013
0.00000	0.00000	0.00000	1.00000

boidNo = 18
boid Wall No = 0
position = = (-7.2, -1.3, -6.8)
Boid Radius= 10
Boid Frame=
 -0.46508	-0.72066	-0.51414	-7.20664
-0.64028	-0.12723	0.75753	-1.27232
0.61134	-0.68151	0.40225	-6.81510
0.00000	0.00000	0.00000	1.00000

boidNo = 19
boid Wall No = 1
position = = (1.9, 9.7, -1.7)
Boid Radius= 10
Boid Frame=
 0.09087	0.19217	-0.97715	1.92168
-0.18813	0.96685	0.17265	9.66851
-0.97793	-0.16814	-0.12401	-1.68141
0.00000	0.00000	0.00000	1.00000

