Iteration Num of Simuation:0
m_SimulationDeltaT of action plan:0
boidNo = 0
boid Wall No = 1
position = = (5.9, 4.4, -6.7)
Boid Radius= 9.999999
Boid Frame=
 -0.44959	0.59340	-0.66764	5.93402
-0.51096	0.44222	0.73713	4.42221
-0.73266	-0.67254	-0.10438	-6.72544
0.00000	0.00000	0.00000	1.00000

boidNo = 1
boid Wall No = 0
position = = (-5.5, -7.2, 4.2)
Boid Radius= 10
Boid Frame=
 0.82648	-0.55163	0.11240	-5.51634
-0.53930	-0.71850	0.43923	-7.18498
0.16153	0.42363	0.89132	4.23628
0.00000	0.00000	0.00000	1.00000

boidNo = 2
boid Wall No = 1
position = = (0.3, 9.3, -3.8)
Boid Radius= 10
Boid Frame=
 -0.88236	0.02988	-0.46962	0.29879
-0.15321	0.92537	0.34674	9.25365
-0.44493	-0.37790	0.81193	-3.77897
0.00000	0.00000	0.00000	1.00000

boidNo = 3
boid Wall No = 1
position = = (1.9, 8.0, 5.7)
Boid Radius= 10
Boid Frame=
 0.97832	0.18958	0.08340	1.89583
-0.20300	0.79789	0.56760	7.97887
-0.04106	0.57222	-0.81907	5.72219
0.00000	0.00000	0.00000	1.00000

boidNo = 4
boid Wall No = 1
position = = (-5.9, 2.3, 7.7)
Boid Radius= 10
Boid Frame=
 0.36829	-0.59079	0.71786	-5.90795
-0.77334	0.23392	0.58927	2.33916
0.51605	0.77217	0.37073	7.72169
0.00000	0.00000	0.00000	1.00000

boidNo = 5
boid Wall No = 1
position = = (5.3, 3.6, 7.7)
Boid Radius= 10
Boid Frame=
 0.62617	0.53356	0.56853	5.33559
-0.77638	0.35958	0.51763	3.59585
-0.07175	0.76552	-0.63940	7.65515
0.00000	0.00000	0.00000	1.00000

boidNo = 6
boid Wall No = 1
position = = (3.3, 5.2, -7.8)
Boid Radius= 10
Boid Frame=
 -0.23362	0.33039	-0.91447	3.30390
-0.75994	0.52466	0.38370	5.24659
-0.60656	-0.78459	-0.12850	-7.84586
0.00000	0.00000	0.00000	1.00000

boidNo = 7
boid Wall No = 1
position = = (-4.1, 8.3, 3.7)
Boid Radius= 10
Boid Frame=
 -0.26442	-0.41431	0.87088	-4.14306
-0.49471	0.83343	0.24629	8.33432
0.82786	0.36571	0.42534	3.65706
0.00000	0.00000	0.00000	1.00000

boidNo = 8
boid Wall No = 1
position = = (-1.6, 9.8, 1.5)
Boid Radius= 10
Boid Frame=
 -0.17563	-0.15945	0.97146	-1.59452
-0.17920	0.97549	0.12772	9.75488
0.96801	0.15165	0.19990	1.51652
0.00000	0.00000	0.00000	1.00000

boidNo = 9
boid Wall No = 0
position = = (-2.4, -9.7, -0.4)
Boid Radius= 10
Boid Frame=
 -0.03768	-0.24027	-0.96997	-2.40269
-0.03595	-0.96971	0.24160	-9.69710
0.99864	-0.04397	-0.02790	-0.43971
0.00000	0.00000	0.00000	1.00000

