Iteration Num of Simuation:0
m_SimulationDeltaT of action plan:0
boidNo = 0
boid Wall No = 1
position = = (3.9, 0.6, 9.2)
Boid Radius= 10
Boid Frame=
 0.71679	0.39467	0.57485	3.94666
-0.64466	0.06086	0.76204	0.60862
-0.26577	0.91681	-0.29805	9.16807
0.00000	0.00000	0.00000	1.00000

boidNo = 1
boid Wall No = 1
position = = (-1.0, 6.2, 7.8)
Boid Radius= 9.999999
Boid Frame=
 0.82098	-0.10499	0.56122	-1.04987
-0.38925	0.61619	0.68468	6.16189
0.41770	0.78057	-0.46501	7.80570
0.00000	0.00000	0.00000	1.00000

boidNo = 2
boid Wall No = 1
position = = (-1.9, 9.8, -1.0)
Boid Radius= 10
Boid Frame=
 -0.90846	-0.18867	0.37297	-1.88666
-0.13574	0.97713	0.16365	9.77135
0.39531	-0.09805	0.91330	-0.98046
0.00000	0.00000	0.00000	1.00000

boidNo = 3
boid Wall No = 0
position = = (0.0, -9.3, 3.8)
Boid Radius= 10
Boid Frame=
 0.97962	0.00075	-0.20084	0.00755
0.07625	-0.92653	0.36842	-9.26527
0.18580	0.37623	0.90771	3.76228
0.00000	0.00000	0.00000	1.00000

boidNo = 4
boid Wall No = 1
position = = (7.1, 1.3, -7.0)
Boid Radius= 10
Boid Frame=
 -0.45596	0.70641	-0.54137	7.06413
-0.66586	0.13284	0.73416	1.32838
-0.59053	-0.69522	-0.40980	-6.95223
0.00000	0.00000	0.00000	1.00000

boidNo = 5
boid Wall No = 0
position = = (-1.3, -8.7, -4.8)
Boid Radius= 10
Boid Frame=
 -0.99121	-0.13153	-0.01432	-1.31527
0.10850	-0.87006	0.48086	-8.70057
0.07571	-0.47508	-0.87668	-4.75080
0.00000	0.00000	0.00000	1.00000

boidNo = 6
boid Wall No = 1
position = = (5.0, 8.6, 0.3)
Boid Radius= 10
Boid Frame=
 0.30376	0.50296	-0.80918	5.02958
-0.14303	0.86375	0.48319	8.63753
-0.94195	0.03104	-0.33431	0.31038
0.00000	0.00000	0.00000	1.00000

boidNo = 7
boid Wall No = 1
position = = (7.3, 0.2, 6.8)
Boid Radius= 10
Boid Frame=
 0.47597	0.73314	0.48574	7.33145
-0.72739	0.01774	0.68599	0.17738
-0.49431	0.67984	-0.54173	6.79842
0.00000	0.00000	0.00000	1.00000

boidNo = 8
boid Wall No = 1
position = = (-3.1, 0.1, 9.5)
Boid Radius= 10
Boid Frame=
 0.68922	-0.31263	0.65364	-3.12628
-0.68688	0.00522	0.72676	0.05216
0.23061	0.94986	0.21114	9.49861
0.00000	0.00000	0.00000	1.00000

boidNo = 9
boid Wall No = 0
position = = (-6.1, -5.5, -5.7)
Boid Radius= 10
Boid Frame=
 -0.46004	-0.60595	-0.64899	-6.05948
-0.34261	-0.55318	0.75935	-5.53183
0.81914	-0.57168	-0.04688	-5.71677
0.00000	0.00000	0.00000	1.00000

boidNo = 10
boid Wall No = 0
position = = (-7.4, -5.8, 3.3)
Boid Radius= 10
Boid Frame=
 0.63418	-0.74292	-0.21419	-7.42923
-0.45287	-0.58145	0.67589	-5.81447
0.62668	0.33164	0.70519	3.31639
0.00000	0.00000	0.00000	1.00000

boidNo = 11
boid Wall No = 0
position = = (-0.7, -9.9, 0.8)
Boid Radius= 10
Boid Frame=
 0.74668	-0.07258	-0.66121	-0.72578
-0.00009	-0.99404	0.10901	-9.94040
0.66518	0.08134	0.74224	0.81342
0.00000	0.00000	0.00000	1.00000

boidNo = 12
boid Wall No = 0
position = = (-5.5, -7.6, 3.3)
Boid Radius= 9.999999
Boid Frame=
 0.57313	-0.55436	-0.60350	-5.54357
-0.06502	-0.76490	0.64086	-7.64896
0.81688	0.32806	0.47443	3.28059
0.00000	0.00000	0.00000	1.00000

boidNo = 13
boid Wall No = 0
position = = (1.1, -9.5, 2.8)
Boid Radius= 10
Boid Frame=
 0.70565	0.11098	0.69981	1.10983
-0.12244	-0.95370	0.27471	-9.53699
-0.69790	0.27954	0.65939	2.79538
0.00000	0.00000	0.00000	1.00000

boidNo = 14
boid Wall No = 0
position = = (0.5, -7.9, -6.1)
Boid Radius= 10
Boid Frame=
 -0.96649	0.04570	-0.25261	0.45703
-0.19008	-0.78880	0.58453	-7.88795
0.17254	-0.61295	-0.77105	-6.12955
0.00000	0.00000	0.00000	1.00000

boidNo = 15
boid Wall No = 1
position = = (-7.5, 0.2, 6.6)
Boid Radius= 10
Boid Frame=
 0.46879	-0.75343	0.46107	-7.53429
-0.68788	0.01607	0.72565	0.16066
0.55413	0.65733	0.51074	6.57333
0.00000	0.00000	0.00000	1.00000

boidNo = 16
boid Wall No = 0
position = = (2.1, -9.8, 0.7)
Boid Radius= 10
Boid Frame=
 0.03368	0.20528	0.97812	2.05281
-0.06954	-0.97583	0.20719	-9.75826
-0.99701	0.07499	0.01859	0.74994
0.00000	0.00000	0.00000	1.00000

boidNo = 17
boid Wall No = 0
position = = (-5.2, -3.8, -7.6)
Boid Radius= 10
Boid Frame=
 0.11639	-0.52227	-0.84480	-5.22275
-0.91823	-0.38078	0.10889	-3.80777
0.37855	-0.76305	0.52389	-7.63045
0.00000	0.00000	0.00000	1.00000

boidNo = 18
boid Wall No = 1
position = = (3.0, 9.2, 2.5)
Boid Radius= 10
Boid Frame=
 0.72237	0.29953	-0.62327	2.99534
-0.04491	0.91974	0.38996	9.19737
-0.69005	0.25370	-0.67784	2.53701
0.00000	0.00000	0.00000	1.00000

boidNo = 19
boid Wall No = 1
position = = (3.2, 9.5, 0.0)
Boid Radius= 9.999999
Boid Frame=
 0.41700	0.32047	-0.85054	3.20466
-0.14197	0.94726	0.28730	9.47260
-0.89775	-0.00095	-0.44051	-0.00949
0.00000	0.00000	0.00000	1.00000

