Iteration Num of Simuation:0
m_SimulationDeltaT of action plan:0
boidNo = 0
boid Wall No = 0
position = = (5.3, -8.0, 2.9)
Boid Radius= 10
Boid Frame=
 0.28356	0.53042	0.79891	5.30417
-0.15603	-0.79648	0.58419	-7.96480
-0.94618	0.29031	0.14309	2.90306
0.00000	0.00000	0.00000	1.00000

boidNo = 1
boid Wall No = 1
position = = (4.5, 2.0, -8.7)
Boid Radius= 10
Boid Frame=
 -0.32337	0.44659	-0.83426	4.46589
-0.87289	0.19963	0.44521	1.99634
-0.36537	-0.87218	-0.32527	-8.72184
0.00000	0.00000	0.00000	1.00000

boidNo = 2
boid Wall No = 0
position = = (-1.5, -4.1, 9.0)
Boid Radius= 10
Boid Frame=
 0.83667	-0.14699	0.52761	-1.46986
-0.53715	-0.40842	0.73801	-4.08424
-0.10701	0.90088	0.42067	9.00880
0.00000	0.00000	0.00000	1.00000

boidNo = 3
boid Wall No = 1
position = = (-3.9, 9.2, -1.0)
Boid Radius= 10
Boid Frame=
 -0.87080	-0.38748	0.30260	-3.87479
-0.32864	0.91655	0.22790	9.16546
0.36566	-0.09901	0.92547	-0.99012
0.00000	0.00000	0.00000	1.00000

boidNo = 4
boid Wall No = 0
position = = (0.2, -1.9, 9.8)
Boid Radius= 10
Boid Frame=
 0.80996	0.01627	0.58627	0.16272
-0.57367	-0.18588	0.79771	-1.85882
-0.12196	0.98244	0.14122	9.82437
0.00000	0.00000	0.00000	1.00000

boidNo = 5
boid Wall No = 1
position = = (3.3, 8.4, 4.3)
Boid Radius= 10
Boid Frame=
 0.90113	0.32653	-0.28519	3.26528
-0.13999	0.84174	0.52142	8.41741
-0.41032	0.42994	-0.80423	4.29944
0.00000	0.00000	0.00000	1.00000

boidNo = 6
boid Wall No = 0
position = = (-5.1, -6.9, 5.2)
Boid Radius= 10
Boid Frame=
 0.81266	-0.50876	-0.28417	-5.08760
-0.18537	-0.68800	0.70163	-6.88003
0.55247	0.51751	0.65342	5.17509
0.00000	0.00000	0.00000	1.00000

boidNo = 7
boid Wall No = 1
position = = (1.0, 9.3, 3.5)
Boid Radius= 10
Boid Frame=
 0.94751	0.09966	-0.30379	0.99661
0.01909	0.93085	0.36491	9.30849
-0.31915	0.35155	-0.88009	3.51551
0.00000	0.00000	0.00000	1.00000

boidNo = 8
boid Wall No = 0
position = = (-5.4, -5.5, -6.3)
Boid Radius= 10
Boid Frame=
 -0.47861	-0.54241	-0.69045	-5.42409
-0.41727	-0.55138	0.72240	-5.51380
0.77254	-0.63386	-0.03756	-6.33855
0.00000	0.00000	0.00000	1.00000

boidNo = 9
boid Wall No = 0
position = = (-3.3, -9.4, 0.9)
Boid Radius= 10
Boid Frame=
 -0.03105	-0.33270	-0.94252	-3.32697
0.10889	-0.93849	0.32769	-9.38491
0.99357	0.09245	-0.06537	0.92451
0.00000	0.00000	0.00000	1.00000

boidNo = 10
boid Wall No = 1
position = = (-2.6, 8.5, 4.5)
Boid Radius= 10
Boid Frame=
 0.42098	-0.26459	0.86762	-2.64585
-0.32000	0.85169	0.41499	8.51695
0.84875	0.45234	-0.27388	4.52339
0.00000	0.00000	0.00000	1.00000

boidNo = 11
boid Wall No = 1
position = = (-3.5, 6.1, -7.1)
Boid Radius= 10
Boid Frame=
 -0.86240	-0.34843	-0.36724	-3.48435
-0.50608	0.61136	0.60838	6.11360
-0.01253	-0.71052	0.70357	-7.10515
0.00000	0.00000	0.00000	1.00000

boidNo = 12
boid Wall No = 1
position = = (8.6, 4.5, -2.2)
Boid Radius= 10
Boid Frame=
 0.05237	0.86458	-0.49976	8.64578
-0.51211	0.45289	0.72982	4.52887
-0.85732	-0.21771	-0.46647	-2.17710
0.00000	0.00000	0.00000	1.00000

boidNo = 13
boid Wall No = 1
position = = (-7.3, 6.9, 0.2)
Boid Radius= 10
Boid Frame=
 -0.28931	-0.72564	0.62430	-7.25639
-0.33082	0.68780	0.64614	6.87797
0.89825	0.01959	0.43904	0.19590
0.00000	0.00000	0.00000	1.00000

boidNo = 14
boid Wall No = 1
position = = (-0.2, 3.6, -9.3)
Boid Radius= 10
Boid Frame=
 -0.77378	-0.02209	-0.63307	-0.22090
-0.59678	0.36054	0.71684	3.60541
-0.21241	-0.93248	0.29216	-9.32482
0.00000	0.00000	0.00000	1.00000

boidNo = 15
boid Wall No = 0
position = = (-9.3, -2.8, -2.2)
Boid Radius= 10
Boid Frame=
 0.10609	-0.93491	-0.33865	-9.34911
-0.81336	-0.27751	0.51131	-2.77511
0.57200	-0.22120	0.78986	-2.21202
0.00000	0.00000	0.00000	1.00000

boidNo = 16
boid Wall No = 1
position = = (-1.2, 9.3, -3.5)
Boid Radius= 10
Boid Frame=
 -0.75894	-0.12247	-0.63954	-1.22468
-0.31633	0.92782	0.19771	9.27819
-0.56916	-0.35235	0.74290	-3.52354
0.00000	0.00000	0.00000	1.00000

boidNo = 17
boid Wall No = 1
position = = (7.1, 5.9, 3.8)
Boid Radius= 10
Boid Frame=
 0.68095	0.71305	-0.16691	7.13054
-0.45348	0.58953	0.66844	5.89530
-0.57503	0.37948	-0.72480	3.79483
0.00000	0.00000	0.00000	1.00000

boidNo = 18
boid Wall No = 1
position = = (9.0, 3.1, -3.1)
Boid Radius= 10
Boid Frame=
 -0.08547	0.89967	-0.42812	8.99671
-0.57558	0.30615	0.75827	3.06155
-0.81326	-0.31123	-0.49167	-3.11227
0.00000	0.00000	0.00000	1.00000

boidNo = 19
boid Wall No = 0
position = = (-2.0, -9.7, -1.2)
Boid Radius= 10
Boid Frame=
 -0.53607	-0.20178	-0.81971	-2.01783
0.00387	-0.97159	0.23664	-9.71590
0.84417	-0.12368	-0.52162	-1.23681
0.00000	0.00000	0.00000	1.00000

