Iteration Num of Simuation:0
m_SimulationDeltaT of action plan:0
boidNo = 0
boid Wall No = 1
position = = (-0.5, 10.0, 0.7)
Boid Radius= 10
Boid Frame=
 0.98203	-0.04542	0.18319	-0.45424
0.03146	0.99642	0.07845	9.96422
0.18610	0.07128	-0.97994	0.71279
0.00000	0.00000	0.00000	1.00000

boidNo = 1
boid Wall No = 0
position = = (1.4, -9.9, -0.2)
Boid Radius= 10
Boid Frame=
 -0.13564	0.13826	0.98106	1.38265
-0.00012	-0.99022	0.13954	-9.90217
-0.99076	-0.01881	-0.13433	-0.18811
0.00000	0.00000	0.00000	1.00000

boidNo = 2
boid Wall No = 1
position = = (8.2, 5.4, -2.0)
Boid Radius= 10
Boid Frame=
 0.17394	0.81998	-0.54533	8.19977
-0.56842	0.53580	0.62435	5.35805
-0.80414	-0.20137	-0.55929	-2.01374
0.00000	0.00000	0.00000	1.00000

boidNo = 3
boid Wall No = 0
position = = (3.7, -9.3, 0.3)
Boid Radius= 10
Boid Frame=
 0.32521	0.36692	0.87155	3.66924
0.09650	-0.92972	0.35540	-9.29719
-0.94071	0.03147	0.33776	0.31474
0.00000	0.00000	0.00000	1.00000

boidNo = 4
boid Wall No = 0
position = = (-1.1, -8.6, -4.9)
Boid Radius= 10
Boid Frame=
 -0.84737	-0.10986	-0.51951	-1.09856
-0.17674	-0.86423	0.47103	-8.64228
0.50072	-0.49096	-0.71291	-4.90959
0.00000	0.00000	0.00000	1.00000

boidNo = 5
boid Wall No = 0
position = = (4.3, -8.3, 3.7)
Boid Radius= 10
Boid Frame=
 0.56256	0.42963	0.70636	4.29631
-0.07137	-0.82595	0.55921	-8.25946
-0.82367	0.36501	0.43398	3.65008
0.00000	0.00000	0.00000	1.00000

boidNo = 6
boid Wall No = 0
position = = (-2.9, -4.6, -8.4)
Boid Radius= 10
Boid Frame=
 -0.75162	-0.29002	-0.59241	-2.90024
-0.43594	-0.45559	0.77614	-4.55590
0.49500	-0.84162	-0.21600	-8.41620
0.00000	0.00000	0.00000	1.00000

boidNo = 7
boid Wall No = 1
position = = (-6.8, 6.3, -3.7)
Boid Radius= 10
Boid Frame=
 -0.68455	-0.68175	0.25809	-6.81748
-0.37584	0.63344	0.67638	6.33445
0.62460	-0.36602	0.68986	-3.66016
0.00000	0.00000	0.00000	1.00000

boidNo = 8
boid Wall No = 0
position = = (-1.6, -9.2, -3.6)
Boid Radius= 10
Boid Frame=
 -0.80625	-0.16396	-0.56840	-1.63956
-0.08870	-0.91646	0.39017	-9.16460
0.58489	-0.36499	-0.72435	-3.64993
0.00000	0.00000	0.00000	1.00000

boidNo = 9
boid Wall No = 1
position = = (1.9, 8.9, -4.2)
Boid Radius= 10
Boid Frame=
 -0.86241	0.19426	-0.46745	1.94259
-0.04780	0.88806	0.45723	8.88061
-0.50395	-0.41667	0.75659	-4.16666
0.00000	0.00000	0.00000	1.00000

boidNo = 10
boid Wall No = 1
position = = (0.0, 1.9, 9.8)
Boid Radius= 10
Boid Frame=
 0.74342	0.00414	0.66881	0.04136
-0.65706	0.19121	0.72918	1.91209
0.12487	0.98154	-0.14487	9.81541
0.00000	0.00000	0.00000	1.00000

boidNo = 11
boid Wall No = 0
position = = (-0.6, -10.0, -0.7)
Boid Radius= 10
Boid Frame=
 -0.72162	-0.06495	-0.68924	-0.64948
-0.00166	-0.99542	0.09553	-9.95425
0.69229	-0.07008	-0.71821	-0.70079
0.00000	0.00000	0.00000	1.00000

boidNo = 12
boid Wall No = 1
position = = (6.3, 5.0, -5.9)
Boid Radius= 9.999999
Boid Frame=
 -0.33822	0.63419	-0.69528	6.34187
-0.51261	0.49544	0.70126	4.95442
-0.78920	-0.59359	-0.15752	-5.93587
0.00000	0.00000	0.00000	1.00000

boidNo = 13
boid Wall No = 0
position = = (6.1, -7.9, 0.9)
Boid Radius= 10
Boid Frame=
 0.00762	0.61188	0.79092	6.11877
-0.11217	-0.78542	0.60871	-7.85424
-0.99366	0.09335	-0.06265	0.93354
0.00000	0.00000	0.00000	1.00000

boidNo = 14
boid Wall No = 1
position = = (1.1, 9.8, 1.4)
Boid Radius= 10
Boid Frame=
 0.92980	0.10769	-0.35196	1.07687
-0.05139	0.98486	0.16556	9.84859
-0.36446	0.13585	-0.92126	1.35853
0.00000	0.00000	0.00000	1.00000

boidNo = 15
boid Wall No = 0
position = = (7.7, -6.3, -1.4)
Boid Radius= 10
Boid Frame=
 -0.37703	0.76607	0.52057	7.66068
-0.26030	-0.62703	0.73421	-6.27033
-0.88887	-0.14131	-0.43582	-1.41315
0.00000	0.00000	0.00000	1.00000

boidNo = 16
boid Wall No = 1
position = = (5.0, 4.7, -7.3)
Boid Radius= 10
Boid Frame=
 -0.50905	0.50016	-0.70051	5.00157
-0.52104	0.46873	0.71331	4.68735
-0.68512	-0.72810	-0.02199	-7.28101
0.00000	0.00000	0.00000	1.00000

boidNo = 17
boid Wall No = 0
position = = (-3.6, -9.0, -2.5)
Boid Radius= 10
Boid Frame=
 -0.27850	-0.35993	-0.89044	-3.59927
-0.15254	-0.89878	0.41101	-8.98779
0.94825	-0.25030	-0.19541	-2.50296
0.00000	0.00000	0.00000	1.00000

boidNo = 18
boid Wall No = 0
position = = (-1.1, -8.5, -5.2)
Boid Radius= 10
Boid Frame=
 -0.89989	-0.10578	-0.42309	-1.05781
-0.13914	-0.84980	0.50841	-8.49798
0.41332	-0.51638	-0.75001	-5.16385
0.00000	0.00000	0.00000	1.00000

boidNo = 19
boid Wall No = 0
position = = (1.5, 0.0, 9.9)
Boid Radius= 10
Boid Frame=
 0.27723	0.15281	0.94857	1.52809
-0.95971	-0.00297	0.28096	-0.02971
-0.04575	0.98825	-0.14583	9.88251
0.00000	0.00000	0.00000	1.00000

