Iteration Num of Simuation:0
m_SimulationDeltaT of action plan:0
boidNo = 0
boid Wall No = 0
position = = (3.2, -6.8, -6.6)
Boid Radius= 10
Boid Frame=
 -0.87081	0.32418	-0.36959	3.24177
-0.48616	-0.67952	0.54946	-6.79518
0.07302	-0.65815	-0.74934	-6.58153
0.00000	0.00000	0.00000	1.00000

boidNo = 1
boid Wall No = 1
position = = (-1.9, 3.7, -9.1)
Boid Radius= 10
Boid Frame=
 -0.83124	-0.18826	-0.52306	-1.88265
-0.55352	0.36741	0.74741	3.67407
-0.05146	-0.91081	0.40961	-9.10807
0.00000	0.00000	0.00000	1.00000

boidNo = 2
boid Wall No = 1
position = = (2.9, 8.7, -3.9)
Boid Radius= 10
Boid Frame=
 -0.57039	0.29226	-0.76762	2.92261
-0.16801	0.87328	0.45734	8.73279
-0.80401	-0.38983	0.44901	-3.89830
0.00000	0.00000	0.00000	1.00000

boidNo = 3
boid Wall No = 0
position = = (-0.8, -9.9, 1.1)
Boid Radius= 10
Boid Frame=
 0.87238	-0.07680	-0.48276	-0.76801
-0.01143	-0.99052	0.13692	-9.90516
0.48869	0.11393	0.86498	1.13932
0.00000	0.00000	0.00000	1.00000

boidNo = 4
boid Wall No = 0
position = = (1.6, -4.5, 8.8)
Boid Radius= 10
Boid Frame=
 0.76391	0.15992	0.62519	1.59922
-0.50942	-0.44528	0.73636	-4.45277
-0.39614	0.88100	0.25869	8.80996
0.00000	0.00000	0.00000	1.00000

boidNo = 5
boid Wall No = 0
position = = (7.2, -5.6, -4.0)
Boid Radius= 10
Boid Frame=
 -0.68976	0.72305	-0.03783	7.23049
-0.62084	-0.56376	0.54473	-5.63758
-0.37254	-0.39922	-0.83776	-3.99221
0.00000	0.00000	0.00000	1.00000

boidNo = 6
boid Wall No = 0
position = = (-2.3, -9.4, 2.5)
Boid Radius= 10
Boid Frame=
 0.56692	-0.23185	-0.79047	-2.31852
0.07454	-0.94120	0.32952	-9.41200
0.82039	0.24574	0.51631	2.45737
0.00000	0.00000	0.00000	1.00000

boidNo = 7
boid Wall No = 1
position = = (-7.2, 3.2, -6.1)
Boid Radius= 10
Boid Frame=
 -0.63630	-0.72429	-0.26558	-7.24286
-0.65257	0.32174	0.68603	3.21739
0.41143	-0.60983	0.67737	-6.09831
0.00000	0.00000	0.00000	1.00000

boidNo = 8
boid Wall No = 1
position = = (1.6, 9.9, 0.1)
Boid Radius= 10
Boid Frame=
 0.40179	0.15553	-0.90243	1.55531
-0.05523	0.98779	0.14565	9.87793
-0.91407	0.00868	-0.40547	0.08681
0.00000	0.00000	0.00000	1.00000

boidNo = 9
boid Wall No = 0
position = = (7.0, -5.7, 4.3)
Boid Radius= 10
Boid Frame=
 0.27492	0.70388	0.65496	7.03882
-0.33813	-0.56691	0.75119	-5.66910
-0.90005	0.42798	-0.08214	4.27977
0.00000	0.00000	0.00000	1.00000

boidNo = 10
boid Wall No = 0
position = = (0.0, -9.5, -3.1)
Boid Radius= 10
Boid Frame=
 -0.99906	0.00488	0.04307	0.04881
0.00866	-0.95116	0.30857	-9.51162
-0.04248	-0.30865	-0.95023	-3.08653
0.00000	0.00000	0.00000	1.00000

boidNo = 11
boid Wall No = 1
position = = (-7.1, 0.2, -7.1)
Boid Radius= 10
Boid Frame=
 -0.55643	-0.70507	-0.43962	-7.05068
-0.63488	0.01945	0.77236	0.19452
0.53602	-0.70887	0.45846	-7.08873
0.00000	0.00000	0.00000	1.00000

boidNo = 12
boid Wall No = 1
position = = (-6.4, 7.3, 2.6)
Boid Radius= 10
Boid Frame=
 -0.26408	-0.63716	0.72408	-6.37161
-0.52413	0.72501	0.44682	7.25008
0.80966	0.26151	0.52542	2.61514
0.00000	0.00000	0.00000	1.00000

boidNo = 13
boid Wall No = 0
position = = (6.4, -0.7, -7.7)
Boid Radius= 10
Boid Frame=
 -0.59532	0.63863	-0.48759	6.38627
-0.67344	-0.06559	0.73633	-0.65588
-0.43826	-0.76672	-0.46912	-7.66717
0.00000	0.00000	0.00000	1.00000

boidNo = 14
boid Wall No = 1
position = = (0.2, 10.0, 0.6)
Boid Radius= 10
Boid Frame=
 0.67823	0.01566	-0.73469	0.15658
0.03496	0.99795	0.05354	9.97953
-0.73402	0.06200	-0.67629	0.62002
0.00000	0.00000	0.00000	1.00000

boidNo = 15
boid Wall No = 1
position = = (0.4, 9.8, -1.9)
Boid Radius= 10
Boid Frame=
 -0.36050	0.03868	-0.93196	0.38682
-0.15917	0.98193	0.10233	9.81934
-0.91908	-0.18523	0.34783	-1.85228
0.00000	0.00000	0.00000	1.00000

boidNo = 16
boid Wall No = 0
position = = (-0.4, -9.8, 1.8)
Boid Radius= 9.999999
Boid Frame=
 0.97004	-0.03777	-0.23998	-0.37767
0.00672	-0.98329	0.18193	-9.83289
0.24284	0.17809	0.95358	1.78091
0.00000	0.00000	0.00000	1.00000

boidNo = 17
boid Wall No = 0
position = = (0.7, -10.0, 0.4)
Boid Radius= 10
Boid Frame=
 0.31751	0.07008	0.94566	0.70081
-0.01162	-0.99690	0.07778	-9.96903
-0.94818	0.03568	0.31572	0.35685
0.00000	0.00000	0.00000	1.00000

boidNo = 18
boid Wall No = 0
position = = (-2.4, -3.2, -9.2)
Boid Radius= 10
Boid Frame=
 -0.42154	-0.24065	-0.87430	-2.40648
-0.81551	-0.32101	0.48155	-3.21010
0.39654	-0.91599	0.06093	-9.15992
0.00000	0.00000	0.00000	1.00000

boidNo = 19
boid Wall No = 0
position = = (7.1, -6.9, -1.5)
Boid Radius= 9.999999
Boid Frame=
 -0.37742	0.70619	0.59905	7.06188
-0.19169	-0.69245	0.69553	-6.92453
-0.90599	-0.14767	-0.39671	-1.47671
0.00000	0.00000	0.00000	1.00000

