Iteration Num of Simuation:0
m_SimulationDeltaT of action plan:0
boidNo = 0
boid Wall No = 0
position = = (-5.8, -0.2, -8.1)
Boid Radius= 10
Boid Frame=
 -0.64550	-0.58194	-0.49465	-5.81940
-0.59936	-0.01545	0.80033	-0.15450
0.47339	-0.81308	0.33882	-8.13085
0.00000	0.00000	0.00000	1.00000

boidNo = 1
boid Wall No = 0
position = = (-0.6, -9.8, -2.0)
Boid Radius= 10
Boid Frame=
 -0.98173	-0.06235	-0.17979	-0.62353
0.02444	-0.97828	0.20584	-9.78280
0.18872	-0.19769	-0.96193	-1.97687
0.00000	0.00000	0.00000	1.00000

boidNo = 2
boid Wall No = 0
position = = (1.8, -3.4, -9.2)
Boid Radius= 9.999999
Boid Frame=
 -0.71412	0.18456	-0.67525	1.84561
-0.69043	-0.34486	0.63591	-3.44862
0.11551	-0.92033	-0.37370	-9.20330
0.00000	0.00000	0.00000	1.00000

boidNo = 3
boid Wall No = 0
position = = (6.7, -5.5, 5.0)
Boid Radius= 10
Boid Frame=
 0.36797	0.66835	0.64646	6.68347
-0.34560	-0.54713	0.76237	-5.47130
-0.86323	0.50394	-0.02966	5.03945
0.00000	0.00000	0.00000	1.00000

boidNo = 4
boid Wall No = 1
position = = (0.7, 0.4, 10.0)
Boid Radius= 10
Boid Frame=
 0.77621	0.07037	0.62654	0.70374
-0.62984	0.04195	0.77559	0.41951
-0.02830	0.99664	-0.07689	9.96638
0.00000	0.00000	0.00000	1.00000

boidNo = 5
boid Wall No = 1
position = = (-9.3, 2.1, 3.1)
Boid Radius= 10
Boid Frame=
 0.12049	-0.92684	0.35559	-9.26843
-0.63040	0.20527	0.74864	2.05269
0.76686	0.31437	0.55955	3.14369
0.00000	0.00000	0.00000	1.00000

boidNo = 6
boid Wall No = 1
position = = (2.4, 7.2, 6.5)
Boid Radius= 10
Boid Frame=
 0.91441	0.23568	0.32911	2.35684
-0.39153	0.72138	0.57124	7.21382
0.10278	0.65120	-0.75191	6.51200
0.00000	0.00000	0.00000	1.00000

boidNo = 7
boid Wall No = 1
position = = (-2.6, 7.5, 6.1)
Boid Radius= 10
Boid Frame=
 0.58880	-0.25750	0.76616	-2.57498
-0.37797	0.75015	0.54259	7.50155
0.71446	0.60907	-0.34437	6.09067
0.00000	0.00000	0.00000	1.00000

boidNo = 8
boid Wall No = 0
position = = (-3.7, -8.4, -4.0)
Boid Radius= 10
Boid Frame=
 -0.52884	-0.37430	-0.76173	-3.74299
-0.16041	-0.83724	0.52277	-8.37244
0.83343	-0.39865	-0.38272	-3.98651
0.00000	0.00000	0.00000	1.00000

boidNo = 9
boid Wall No = 1
position = = (-2.4, 9.3, 2.8)
Boid Radius= 10
Boid Frame=
 0.72922	-0.24335	0.63954	-2.43353
-0.01820	0.92740	0.37363	9.27398
0.68404	0.28410	-0.67185	2.84101
0.00000	0.00000	0.00000	1.00000

boidNo = 10
boid Wall No = 1
position = = (5.0, 7.8, -3.7)
Boid Radius= 10
Boid Frame=
 -0.14410	0.50417	-0.85149	5.04175
-0.34206	0.78205	0.52095	7.82054
-0.92856	-0.36633	-0.05977	-3.66332
0.00000	0.00000	0.00000	1.00000

boidNo = 11
boid Wall No = 0
position = = (-0.7, -10.0, 0.5)
Boid Radius= 10
Boid Frame=
 0.49463	-0.06868	-0.86639	-0.68685
0.00959	-0.99638	0.08446	-9.96381
0.86905	0.05008	0.49218	0.50083
0.00000	0.00000	0.00000	1.00000

boidNo = 12
boid Wall No = 1
position = = (-7.5, 3.3, 5.7)
Boid Radius= 10
Boid Frame=
 0.20219	-0.75330	0.62583	-7.53299
-0.71030	0.32714	0.62326	3.27143
0.67424	0.57054	0.46892	5.70542
0.00000	0.00000	0.00000	1.00000

boidNo = 13
boid Wall No = 0
position = = (1.4, -7.3, -6.6)
Boid Radius= 10
Boid Frame=
 -0.93241	0.13927	-0.33349	1.39270
-0.32313	-0.73452	0.59671	-7.34524
0.16185	-0.66414	-0.72988	-6.64138
0.00000	0.00000	0.00000	1.00000

boidNo = 14
boid Wall No = 1
position = = (3.7, 8.3, 4.2)
Boid Radius= 10
Boid Frame=
 0.86515	0.37141	-0.33700	3.71411
-0.14160	0.82553	0.54630	8.25530
-0.48111	0.42492	-0.76680	4.24916
0.00000	0.00000	0.00000	1.00000

boidNo = 15
boid Wall No = 1
position = = (2.4, 9.4, 2.5)
Boid Radius= 10
Boid Frame=
 0.88819	0.23683	-0.39373	2.36833
-0.10654	0.93972	0.32491	9.39724
-0.44695	0.24663	-0.85989	2.46634
0.00000	0.00000	0.00000	1.00000

boidNo = 16
boid Wall No = 1
position = = (-5.4, 8.4, -0.2)
Boid Radius= 10
Boid Frame=
 -0.39203	-0.53699	0.74696	-5.36992
-0.23075	0.84340	0.48522	8.43398
0.89054	-0.01786	0.45455	-0.17862
0.00000	0.00000	0.00000	1.00000

boidNo = 17
boid Wall No = 0
position = = (-7.2, -6.9, 0.8)
Boid Radius= 10
Boid Frame=
 0.35802	-0.71538	-0.60004	-7.15379
-0.26782	-0.69432	0.66798	-6.94319
0.89448	0.07845	0.44017	0.78450
0.00000	0.00000	0.00000	1.00000

boidNo = 18
boid Wall No = 1
position = = (-4.5, 3.0, -8.4)
Boid Radius= 10
Boid Frame=
 -0.74471	-0.44875	-0.49400	-4.48749
-0.64546	0.29612	0.70405	2.96118
0.16966	-0.84317	0.51017	-8.43172
0.00000	0.00000	0.00000	1.00000

boidNo = 19
boid Wall No = 1
position = = (10.0, 0.4, -0.1)
Boid Radius= 10
Boid Frame=
 0.02949	0.99927	-0.02425	9.99271
-0.87282	0.03757	0.48659	0.37569
-0.48715	-0.00681	-0.87329	-0.06813
0.00000	0.00000	0.00000	1.00000

