Iteration Num of Simuation:0
m_SimulationDeltaT of action plan:0
boidNo = 0
boid Wall No = 0
position = = (-1.4, -8.5, 5.0)
Boid Radius= 10
Boid Frame=
 0.97594	-0.13821	-0.16863	-1.38209
-0.03104	-0.85361	0.51999	-8.53608
0.21581	0.50225	0.83736	5.02246
0.00000	0.00000	0.00000	1.00000

boidNo = 1
boid Wall No = 0
position = = (-0.2, -10.0, 0.7)
Boid Radius= 9.999999
Boid Frame=
 0.95223	-0.01611	-0.30495	-0.16107
0.00564	-0.99751	0.07028	-9.97511
0.30532	0.06864	0.94977	0.68644
0.00000	0.00000	0.00000	1.00000

boidNo = 2
boid Wall No = 0
position = = (2.1, -6.1, 7.6)
Boid Radius= 10
Boid Frame=
 0.80469	0.20998	0.55532	2.09985
-0.33561	-0.61068	0.71724	-6.10677
-0.48973	0.76353	0.42093	7.63531
0.00000	0.00000	0.00000	1.00000

boidNo = 3
boid Wall No = 1
position = = (8.8, 2.2, -4.3)
Boid Radius= 10
Boid Frame=
 -0.10161	0.87617	-0.47118	8.76167
-0.78071	0.22332	0.58363	2.23316
-0.61658	-0.42715	-0.66134	-4.27155
0.00000	0.00000	0.00000	1.00000

boidNo = 4
boid Wall No = 0
position = = (-2.4, -9.3, 2.8)
Boid Radius= 10
Boid Frame=
 0.76308	-0.23586	-0.60173	-2.35856
0.00295	-0.92975	0.36817	-9.29752
0.64630	0.28272	0.70878	2.82724
0.00000	0.00000	0.00000	1.00000

boidNo = 5
boid Wall No = 1
position = = (-3.8, 8.0, -4.7)
Boid Radius= 10
Boid Frame=
 -0.90883	-0.38255	0.16639	-3.82547
-0.23263	0.79583	0.55905	7.95828
0.34628	-0.46938	0.81227	-4.69377
0.00000	0.00000	0.00000	1.00000

boidNo = 6
boid Wall No = 0
position = = (-5.3, -2.7, -8.0)
Boid Radius= 10
Boid Frame=
 -0.04181	-0.53333	-0.84488	-5.33327
-0.93773	-0.27091	0.21742	-2.70911
0.34484	-0.80135	0.48879	-8.01355
0.00000	0.00000	0.00000	1.00000

boidNo = 7
boid Wall No = 1
position = = (9.3, 2.3, 2.9)
Boid Radius= 10
Boid Frame=
 0.37406	0.92732	0.01241	9.27322
-0.59795	0.23093	0.76755	2.30926
-0.70890	0.29453	-0.64087	2.94529
0.00000	0.00000	0.00000	1.00000

boidNo = 8
boid Wall No = 0
position = = (-0.5, -9.7, 2.3)
Boid Radius= 10
Boid Frame=
 0.90260	-0.05367	-0.42711	-0.53666
0.05158	-0.97157	0.23108	-9.71566
0.42737	0.23060	0.87417	2.30605
0.00000	0.00000	0.00000	1.00000

boidNo = 9
boid Wall No = 1
position = = (-9.8, 1.0, -1.7)
Boid Radius= 10
Boid Frame=
 -0.19459	-0.97972	-0.04776	-9.79721
-0.67835	0.09925	0.72801	0.99246
0.70851	-0.17406	0.68390	-1.74062
0.00000	0.00000	0.00000	1.00000

boidNo = 10
boid Wall No = 1
position = = (1.0, 9.9, 0.0)
Boid Radius= 10
Boid Frame=
 -0.38166	0.10041	-0.91883	1.00409
0.04283	0.99494	0.09094	9.94935
-0.92331	0.00465	0.38403	0.04647
0.00000	0.00000	0.00000	1.00000

boidNo = 11
boid Wall No = 0
position = = (4.4, -8.7, 2.1)
Boid Radius= 10
Boid Frame=
 0.63236	0.44310	0.63545	4.43096
0.13575	-0.87096	0.47223	-8.70959
-0.76269	0.21236	0.61091	2.12360
0.00000	0.00000	0.00000	1.00000

boidNo = 12
boid Wall No = 0
position = = (-10.0, 0.0, 0.8)
Boid Radius= 10
Boid Frame=
 -0.00911	-0.99705	0.07618	-9.97052
-0.99094	-0.00120	-0.13428	-0.01202
-0.13398	0.07671	0.98801	0.76714
0.00000	0.00000	0.00000	1.00000

boidNo = 13
boid Wall No = 1
position = = (8.4, 5.1, -1.6)
Boid Radius= 10
Boid Frame=
 0.12703	0.84306	-0.52261	8.43056
-0.48174	0.51300	0.71046	5.13001
-0.86706	-0.16152	-0.47130	-1.61515
0.00000	0.00000	0.00000	1.00000

boidNo = 14
boid Wall No = 0
position = = (6.2, -7.6, -1.7)
Boid Radius= 10
Boid Frame=
 -0.39229	0.62146	0.67815	6.21463
-0.11232	-0.76410	0.63525	-7.64097
-0.91296	-0.17303	-0.36956	-1.73029
0.00000	0.00000	0.00000	1.00000

boidNo = 15
boid Wall No = 1
position = = (2.4, 6.6, -7.2)
Boid Radius= 10
Boid Frame=
 -0.53057	0.23842	-0.81342	2.38419
-0.52898	0.65670	0.53752	6.56697
-0.66233	-0.71548	0.22231	-7.15476
0.00000	0.00000	0.00000	1.00000

boidNo = 16
boid Wall No = 1
position = = (-6.1, 3.1, -7.3)
Boid Radius= 10
Boid Frame=
 -0.69762	-0.60627	-0.38178	-6.06273
-0.65081	0.31339	0.69155	3.13387
0.29962	-0.73090	0.61319	-7.30905
0.00000	0.00000	0.00000	1.00000

boidNo = 17
boid Wall No = 1
position = = (6.6, 7.3, 2.0)
Boid Radius= 10
Boid Frame=
 0.60866	0.65523	-0.44745	6.55226
-0.34922	0.72761	0.59045	7.27613
-0.71245	0.20312	-0.67168	2.03122
0.00000	0.00000	0.00000	1.00000

boidNo = 18
boid Wall No = 0
position = = (-0.2, -8.9, 4.5)
Boid Radius= 10
Boid Frame=
 0.98930	-0.02436	-0.14386	-0.24362
0.04275	-0.89431	0.44541	-8.94306
0.13950	0.44679	0.88369	4.46792
0.00000	0.00000	0.00000	1.00000

boidNo = 19
boid Wall No = 0
position = = (-1.0, -9.9, -1.2)
Boid Radius= 10
Boid Frame=
 -0.81428	-0.10087	-0.57164	-1.00866
0.01444	-0.98800	0.15376	-9.88003
0.58029	-0.11694	-0.80597	-1.16944
0.00000	0.00000	0.00000	1.00000

