Iteration Num of Simuation:0
m_SimulationDeltaT of action plan:0
boidNo = 0
boid Wall No = 1
position = = (8.4, 0.1, 5.5)
Boid Radius= 9.999999
Boid Frame=
 0.41876	0.83788	0.35013	8.37884
-0.64847	0.00601	0.76122	0.06007
-0.63571	0.54581	-0.54586	5.45815
0.00000	0.00000	0.00000	1.00000

boidNo = 1
boid Wall No = 0
position = = (8.7, -0.8, 4.8)
Boid Radius= 10
Boid Frame=
 0.35244	0.87336	0.33620	8.73359
-0.58052	-0.07775	0.81052	-0.77750
-0.73402	0.48083	-0.47960	4.80831
0.00000	0.00000	0.00000	1.00000

boidNo = 2
boid Wall No = 0
position = = (-0.4, -10.0, 0.6)
Boid Radius= 10
Boid Frame=
 0.89086	-0.03984	-0.45252	-0.39836
-0.00773	-0.99733	0.07257	-9.97333
0.45421	0.06115	0.88880	0.61155
0.00000	0.00000	0.00000	1.00000

boidNo = 3
boid Wall No = 1
position = = (1.6, 8.8, -4.5)
Boid Radius= 9.999999
Boid Frame=
 -0.71170	0.16069	-0.68386	1.60688
-0.21003	0.88029	0.42542	8.80288
-0.67035	-0.44640	0.59275	-4.46401
0.00000	0.00000	0.00000	1.00000

boidNo = 4
boid Wall No = 1
position = = (1.3, 9.7, -1.9)
Boid Radius= 10
Boid Frame=
 -0.21751	0.13082	-0.96725	1.30824
-0.16346	0.97210	0.16824	9.72098
-0.96227	-0.19470	0.19006	-1.94704
0.00000	0.00000	0.00000	1.00000

boidNo = 5
boid Wall No = 0
position = = (2.6, -9.6, 0.9)
Boid Radius= 10
Boid Frame=
 0.29652	0.26270	0.91818	2.62700
-0.00872	-0.96064	0.27766	-9.60640
-0.95499	0.09034	0.28256	0.90336
0.00000	0.00000	0.00000	1.00000

boidNo = 6
boid Wall No = 0
position = = (2.0, -8.5, -4.8)
Boid Radius= 9.999999
Boid Frame=
 -0.94749	0.20117	0.24859	2.01171
-0.04577	-0.85465	0.51719	-8.54649
-0.31650	-0.47865	-0.81898	-4.78650
0.00000	0.00000	0.00000	1.00000

boidNo = 7
boid Wall No = 1
position = = (3.1, 9.5, 0.3)
Boid Radius= 10
Boid Frame=
 0.46466	0.30642	-0.83078	3.06423
-0.12120	0.95139	0.28312	9.51395
-0.87716	0.03087	-0.47921	0.30868
0.00000	0.00000	0.00000	1.00000

boidNo = 8
boid Wall No = 1
position = = (7.3, 5.8, -3.7)
Boid Radius= 10
Boid Frame=
 0.26125	0.73062	-0.63083	7.30620
-0.73153	0.57624	0.36444	5.76237
-0.62977	-0.36626	-0.68501	-3.66259
0.00000	0.00000	0.00000	1.00000

boidNo = 9
boid Wall No = 0
position = = (3.5, -8.7, -3.4)
Boid Radius= 10
Boid Frame=
 -0.74149	0.35209	0.57115	3.52092
-0.03464	-0.87021	0.49147	-8.70205
-0.67006	-0.34464	-0.65745	-3.44637
0.00000	0.00000	0.00000	1.00000

boidNo = 10
boid Wall No = 0
position = = (-4.8, -5.8, -6.6)
Boid Radius= 10
Boid Frame=
 -0.59324	-0.48482	-0.64266	-4.84825
-0.33727	-0.57519	0.74526	-5.75190
0.73097	-0.65886	-0.17771	-6.58864
0.00000	0.00000	0.00000	1.00000

boidNo = 11
boid Wall No = 1
position = = (-3.3, 8.2, -4.7)
Boid Radius= 10
Boid Frame=
 -0.92838	-0.33399	0.16301	-3.33987
-0.20038	0.81923	0.53732	8.19231
0.31300	-0.46617	0.82748	-4.66170
0.00000	0.00000	0.00000	1.00000

boidNo = 12
boid Wall No = 1
position = = (2.8, 9.1, -3.1)
Boid Radius= 10
Boid Frame=
 -0.72545	0.27914	-0.62912	2.79137
-0.01373	0.90802	0.41871	9.08016
-0.68813	-0.31239	0.65489	-3.12393
0.00000	0.00000	0.00000	1.00000

boidNo = 13
boid Wall No = 1
position = = (-4.5, 6.4, -6.3)
Boid Radius= 10
Boid Frame=
 -0.72039	-0.44893	-0.52868	-4.48933
-0.67300	0.63674	0.37635	6.36740
-0.16767	-0.62692	0.76083	-6.26915
0.00000	0.00000	0.00000	1.00000

boidNo = 14
boid Wall No = 0
position = = (-2.9, -9.5, -1.0)
Boid Radius= 10
Boid Frame=
 -0.64190	-0.29462	-0.70792	-2.94623
0.12015	-0.95048	0.28663	-9.50479
0.75731	-0.09893	-0.64551	-0.98933
0.00000	0.00000	0.00000	1.00000

boidNo = 15
boid Wall No = 1
position = = (4.3, 0.8, 9.0)
Boid Radius= 10
Boid Frame=
 0.60334	0.43453	0.66870	4.34529
-0.76413	0.07502	0.64069	0.75021
-0.22823	0.89753	-0.37730	8.97528
0.00000	0.00000	0.00000	1.00000

boidNo = 16
boid Wall No = 0
position = = (8.7, -1.6, -4.6)
Boid Radius= 10
Boid Frame=
 -0.46550	0.87121	-0.15592	8.71205
-0.56822	-0.15912	0.80735	-1.59120
-0.67856	-0.46442	-0.56911	-4.64416
0.00000	0.00000	0.00000	1.00000

boidNo = 17
boid Wall No = 0
position = = (-0.5, -3.6, 9.3)
Boid Radius= 10
Boid Frame=
 0.74288	-0.05262	0.66736	-0.52618
-0.63801	-0.35747	0.68202	-3.57471
-0.20267	0.93244	0.29913	9.32441
0.00000	0.00000	0.00000	1.00000

boidNo = 18
boid Wall No = 0
position = = (7.0, -6.7, 2.5)
Boid Radius= 10
Boid Frame=
 0.13916	0.70233	0.69812	7.02329
-0.21058	-0.66787	0.71387	-6.67865
-0.96762	0.24635	-0.05496	2.46352
0.00000	0.00000	0.00000	1.00000

boidNo = 19
boid Wall No = 0
position = = (-6.5, -6.9, -3.2)
Boid Radius= 10
Boid Frame=
 -0.25408	-0.64885	-0.71724	-6.48852
-0.19901	-0.69064	0.69528	-6.90636
0.94649	-0.31940	-0.04635	-3.19395
0.00000	0.00000	0.00000	1.00000

boidNo = 20
boid Wall No = 0
position = = (4.8, -1.1, -8.7)
Boid Radius= 10
Boid Frame=
 -0.53500	0.47595	-0.69803	4.75948
-0.82449	-0.11382	0.55431	-1.13816
-0.18438	-0.87208	-0.45331	-8.72078
0.00000	0.00000	0.00000	1.00000

boidNo = 21
boid Wall No = 0
position = = (-0.4, -8.9, 4.5)
Boid Radius= 10
Boid Frame=
 0.99879	-0.04392	-0.02216	-0.43922
-0.02936	-0.89360	0.44791	-8.93598
0.03948	0.44672	0.89381	4.46715
0.00000	0.00000	0.00000	1.00000

boidNo = 22
boid Wall No = 0
position = = (0.3, -10.0, 0.5)
Boid Radius= 10
Boid Frame=
 0.96041	0.03035	-0.27695	0.30348
0.04397	-0.99810	0.04311	-9.98103
0.27511	0.05358	0.95992	0.53577
0.00000	0.00000	0.00000	1.00000

boidNo = 23
boid Wall No = 0
position = = (5.6, -7.1, 4.3)
Boid Radius= 10
Boid Frame=
 0.41865	0.56002	0.71492	5.60016
-0.20133	-0.71041	0.67438	-7.10408
-0.88555	0.42627	0.18467	4.26266
0.00000	0.00000	0.00000	1.00000

boidNo = 24
boid Wall No = 1
position = = (-9.2, 2.9, 2.6)
Boid Radius= 10
Boid Frame=
 0.03887	-0.91962	0.39088	-9.19619
-0.59300	0.29362	0.74976	2.93619
0.80427	0.26094	0.53392	2.60938
0.00000	0.00000	0.00000	1.00000

boidNo = 25
boid Wall No = 1
position = = (2.3, 2.8, 9.3)
Boid Radius= 10
Boid Frame=
 0.67935	0.23317	0.69578	2.33173
-0.73193	0.28307	0.61979	2.83069
0.05243	0.93032	-0.36297	9.30324
0.00000	0.00000	0.00000	1.00000

boidNo = 26
boid Wall No = 0
position = = (0.0, -9.1, -4.2)
Boid Radius= 10
Boid Frame=
 -0.99696	0.00119	0.07785	0.01193
0.03134	-0.90918	0.41523	-9.09177
-0.07127	-0.41641	-0.90638	-4.16408
0.00000	0.00000	0.00000	1.00000

boidNo = 27
boid Wall No = 0
position = = (3.6, -9.3, 0.3)
Boid Radius= 10
Boid Frame=
 0.51272	0.35576	0.78138	3.55757
0.16925	-0.93413	0.31425	-9.34132
-0.84171	0.02888	0.53916	0.28876
0.00000	0.00000	0.00000	1.00000

boidNo = 28
boid Wall No = 1
position = = (3.8, 1.8, -9.1)
Boid Radius= 10
Boid Frame=
 -0.67988	0.37501	-0.63018	3.75008
-0.61415	0.17842	0.76876	1.78419
-0.40073	-0.90969	-0.10901	-9.09690
0.00000	0.00000	0.00000	1.00000

boidNo = 29
boid Wall No = 0
position = = (0.1, -10.0, 0.0)
Boid Radius= 10
Boid Frame=
 -0.18235	0.00619	0.98321	0.06190
-0.00029	-0.99998	0.00624	-9.99980
-0.98323	-0.00085	-0.18235	-0.00852
0.00000	0.00000	0.00000	1.00000

boidNo = 30
boid Wall No = 1
position = = (3.0, 4.4, -8.5)
Boid Radius= 10
Boid Frame=
 -0.56473	0.29702	-0.76997	2.97017
-0.63768	0.43521	0.63558	4.35206
-0.52388	-0.84993	0.05637	-8.49928
0.00000	0.00000	0.00000	1.00000

boidNo = 31
boid Wall No = 1
position = = (-6.7, 3.4, 6.6)
Boid Radius= 10
Boid Frame=
 0.35401	-0.67341	0.64900	-6.73413
-0.63277	0.33853	0.69642	3.38533
0.68869	0.65720	0.30627	6.57199
0.00000	0.00000	0.00000	1.00000

boidNo = 32
boid Wall No = 1
position = = (5.3, 1.0, -8.5)
Boid Radius= 10
Boid Frame=
 -0.53798	0.52557	-0.65905	5.25567
-0.73217	0.09611	0.67431	0.96113
-0.41774	-0.84531	-0.33310	-8.45306
0.00000	0.00000	0.00000	1.00000

boidNo = 33
boid Wall No = 1
position = = (-0.5, 10.0, 0.6)
Boid Radius= 10
Boid Frame=
 0.60592	-0.05396	0.79369	-0.53963
-0.01725	0.99657	0.08093	9.96571
0.79534	0.06273	-0.60291	0.62731
0.00000	0.00000	0.00000	1.00000

boidNo = 34
boid Wall No = 0
position = = (7.0, -1.9, 6.9)
Boid Radius= 10
Boid Frame=
 0.25258	0.70092	0.66702	7.00918
-0.83716	-0.18734	0.51387	-1.87344
-0.48514	0.68820	-0.53946	6.88198
0.00000	0.00000	0.00000	1.00000

boidNo = 35
boid Wall No = 1
position = = (2.6, 8.0, 5.4)
Boid Radius= 10
Boid Frame=
 0.95044	0.26323	0.16546	2.63229
-0.31089	0.79847	0.51555	7.98473
-0.00359	0.54144	-0.84073	5.41435
0.00000	0.00000	0.00000	1.00000

boidNo = 36
boid Wall No = 0
position = = (5.8, -6.6, -4.8)
Boid Radius= 10
Boid Frame=
 -0.75898	0.57934	0.29718	5.79337
-0.22363	-0.66060	0.71666	-6.60600
-0.61150	-0.47747	-0.63094	-4.77469
0.00000	0.00000	0.00000	1.00000

boidNo = 37
boid Wall No = 1
position = = (-2.5, 0.8, 9.6)
Boid Radius= 10
Boid Frame=
 0.65072	-0.25345	0.71577	-2.53448
-0.72291	0.08159	0.68611	0.81592
0.23229	0.96390	0.13013	9.63902
0.00000	0.00000	0.00000	1.00000

boidNo = 38
boid Wall No = 0
position = = (-3.3, -7.6, -5.5)
Boid Radius= 10
Boid Frame=
 -0.78633	-0.33391	-0.51980	-3.33908
-0.09613	-0.76498	0.63683	-7.64984
0.61028	-0.55073	-0.56943	-5.50732
0.00000	0.00000	0.00000	1.00000

boidNo = 39
boid Wall No = 1
position = = (-8.5, 5.2, 0.4)
Boid Radius= 10
Boid Frame=
 -0.29844	-0.85374	0.42669	-8.53736
-0.54692	0.51936	0.65661	5.19361
0.78218	0.03741	0.62193	0.37408
0.00000	0.00000	0.00000	1.00000

boidNo = 40
boid Wall No = 0
position = = (3.4, -8.9, -2.9)
Boid Radius= 10
Boid Frame=
 -0.90326	0.34487	0.25533	3.44872
-0.23211	-0.89314	0.38525	-8.93144
-0.36091	-0.28872	-0.88678	-2.88718
0.00000	0.00000	0.00000	1.00000

boidNo = 41
boid Wall No = 1
position = = (-0.3, 7.7, -6.4)
Boid Radius= 10
Boid Frame=
 -0.90596	-0.02975	-0.42232	-0.29746
-0.29054	0.76925	0.56907	7.69248
-0.30794	-0.63826	0.70555	-6.38258
0.00000	0.00000	0.00000	1.00000

boidNo = 42
boid Wall No = 1
position = = (0.4, 5.1, -8.6)
Boid Radius= 10
Boid Frame=
 -0.82624	0.04300	-0.56168	0.43005
-0.46521	0.51017	0.72340	5.10173
-0.31766	-0.85900	0.40152	-8.58996
0.00000	0.00000	0.00000	1.00000

boidNo = 43
boid Wall No = 0
position = = (-5.1, -5.3, -6.8)
Boid Radius= 10
Boid Frame=
 -0.55834	-0.50972	-0.65455	-5.09723
-0.39441	-0.53103	0.74997	-5.31029
0.72986	-0.67690	-0.09545	-6.76898
0.00000	0.00000	0.00000	1.00000

boidNo = 44
boid Wall No = 0
position = = (4.5, -8.2, 3.5)
Boid Radius= 10
Boid Frame=
 0.60790	0.44741	0.65596	4.47405
-0.00971	-0.82188	0.56957	-8.21883
-0.79395	0.35261	0.49528	3.52614
0.00000	0.00000	0.00000	1.00000

boidNo = 45
boid Wall No = 0
position = = (-6.8, -6.6, -3.2)
Boid Radius= 10
Boid Frame=
 -0.18130	-0.67905	-0.71135	-6.79051
-0.26627	-0.66243	0.70021	-6.62426
0.94670	-0.31636	0.06072	-3.16356
0.00000	0.00000	0.00000	1.00000

boidNo = 46
boid Wall No = 1
position = = (-1.5, 7.6, -6.3)
Boid Radius= 10
Boid Frame=
 -0.74023	-0.15485	-0.65428	-1.54848
-0.51237	0.76003	0.39980	7.60028
-0.43536	-0.63117	0.64193	-6.31174
0.00000	0.00000	0.00000	1.00000

boidNo = 47
boid Wall No = 0
position = = (-3.3, -9.1, 2.6)
Boid Radius= 10
Boid Frame=
 0.37386	-0.33248	-0.86585	-3.32478
0.13115	-0.90521	0.40422	-9.05210
0.91817	0.26468	0.29482	2.64675
0.00000	0.00000	0.00000	1.00000

boidNo = 48
boid Wall No = 0
position = = (0.3, -10.0, 0.3)
Boid Radius= 10
Boid Frame=
 0.58876	0.03038	0.80774	0.30383
-0.00240	-0.99922	0.03933	-9.99223
-0.80830	0.02509	0.58823	0.25093
0.00000	0.00000	0.00000	1.00000

boidNo = 49
boid Wall No = 1
position = = (-7.0, 7.1, 0.6)
Boid Radius= 10
Boid Frame=
 -0.33379	-0.70473	0.62605	-7.04733
-0.40656	0.70682	0.57889	7.06820
0.85047	0.06130	0.52245	0.61301
0.00000	0.00000	0.00000	1.00000

