Iteration Num of Simuation:0
m_SimulationDeltaT of action plan:0
boidNo = 0
boid Wall No = 1
position = = (-6.3, 0.3, -7.7)
Boid Radius= 10
Boid Frame=
 -0.46607	-0.63300	-0.61813	-6.33002
-0.81409	0.03325	0.57978	0.33251
0.34645	-0.77344	0.53082	-7.73436
0.00000	0.00000	0.00000	1.00000

boidNo = 1
boid Wall No = 1
position = = (-7.3, 5.6, 3.8)
Boid Radius= 10
Boid Frame=
 0.02027	-0.73138	0.68167	-7.31381
-0.54633	0.56291	0.62021	5.62906
0.83732	0.38499	0.38817	3.84991
0.00000	0.00000	0.00000	1.00000

boidNo = 2
boid Wall No = 1
position = = (-2.9, 8.5, 4.3)
Boid Radius= 10
Boid Frame=
 0.72053	-0.28616	0.63163	-2.86156
-0.10688	0.85416	0.50890	8.54164
0.68514	0.43419	-0.58486	4.34188
0.00000	0.00000	0.00000	1.00000

boidNo = 3
boid Wall No = 0
position = = (8.5, -4.2, -3.3)
Boid Radius= 10
Boid Frame=
 -0.38376	0.84649	-0.36902	8.46495
-0.90979	-0.41504	-0.00592	-4.15037
0.15817	-0.33345	-0.92940	-3.33454
0.00000	0.00000	0.00000	1.00000

boidNo = 4
boid Wall No = 1
position = = (-2.0, 3.8, -9.0)
Boid Radius= 10
Boid Frame=
 -0.76641	-0.20335	-0.60932	-2.03354
-0.63540	0.37919	0.67267	3.79188
-0.09426	-0.90270	0.41982	-9.02698
0.00000	0.00000	0.00000	1.00000

boidNo = 5
boid Wall No = 1
position = = (4.7, 7.6, -4.5)
Boid Radius= 10
Boid Frame=
 -0.44647	0.47236	-0.75996	4.72358
-0.23729	0.75640	0.60955	7.56399
-0.86276	-0.45248	0.22563	-4.52481
0.00000	0.00000	0.00000	1.00000

boidNo = 6
boid Wall No = 0
position = = (2.3, -9.7, 1.2)
Boid Radius= 10
Boid Frame=
 0.65954	0.23071	0.71539	2.30712
0.06281	-0.96532	0.25341	-9.65318
-0.74904	0.12220	0.65116	1.22199
0.00000	0.00000	0.00000	1.00000

boidNo = 7
boid Wall No = 1
position = = (0.2, 9.1, -4.0)
Boid Radius= 10
Boid Frame=
 -0.98939	0.01921	-0.14404	0.19212
-0.04085	0.91446	0.40260	9.14465
-0.13945	-0.40421	0.90397	-4.04209
0.00000	0.00000	0.00000	1.00000

boidNo = 8
boid Wall No = 1
position = = (5.3, 7.0, -4.8)
Boid Radius= 10
Boid Frame=
 -0.19518	0.52580	-0.82791	5.25801
-0.44965	0.70223	0.55199	7.02232
-0.87162	-0.48000	-0.09936	-4.80004
0.00000	0.00000	0.00000	1.00000

boidNo = 9
boid Wall No = 1
position = = (-1.0, 9.7, 2.1)
Boid Radius= 10
Boid Frame=
 0.40837	-0.09614	0.90774	-0.96139
-0.14950	0.97397	0.17041	9.73967
0.90049	0.20529	-0.38336	2.05293
0.00000	0.00000	0.00000	1.00000

boidNo = 10
boid Wall No = 0
position = = (-0.2, -8.8, -4.7)
Boid Radius= 9.999999
Boid Frame=
 -0.92755	-0.01739	0.37330	-0.17392
0.18995	-0.88219	0.43088	-8.82189
-0.32183	-0.47057	-0.82158	-4.70575
0.00000	0.00000	0.00000	1.00000

boidNo = 11
boid Wall No = 1
position = = (-8.3, 0.8, 5.6)
Boid Radius= 10
Boid Frame=
 0.16196	-0.82572	0.54033	-8.25720
-0.91152	0.08457	0.40247	0.84571
0.37802	0.55770	0.73896	5.57704
0.00000	0.00000	0.00000	1.00000

boidNo = 12
boid Wall No = 1
position = = (4.2, 2.3, 8.8)
Boid Radius= 10
Boid Frame=
 0.59687	0.41858	0.68450	4.18579
-0.79837	0.22511	0.55851	2.25106
-0.07970	0.87984	-0.46854	8.79841
0.00000	0.00000	0.00000	1.00000

boidNo = 13
boid Wall No = 1
position = = (-7.7, 6.3, 1.4)
Boid Radius= 10
Boid Frame=
 -0.13671	-0.76528	0.62901	-7.65281
-0.37368	0.62790	0.68272	6.27903
0.91743	0.14172	0.37181	1.41715
0.00000	0.00000	0.00000	1.00000

boidNo = 14
boid Wall No = 1
position = = (-2.3, 8.9, -4.0)
Boid Radius= 10
Boid Frame=
 -0.91314	-0.22817	0.33782	-2.28170
-0.05379	0.88888	0.45497	8.88879
0.40409	-0.39728	0.82394	-3.97281
0.00000	0.00000	0.00000	1.00000

boidNo = 15
boid Wall No = 1
position = = (4.8, 5.2, 7.0)
Boid Radius= 10
Boid Frame=
 0.81268	0.48177	0.32778	4.81772
-0.56643	0.52112	0.63843	5.21120
-0.13676	0.70451	-0.69640	7.04507
0.00000	0.00000	0.00000	1.00000

boidNo = 16
boid Wall No = 1
position = = (-4.2, 8.6, -2.8)
Boid Radius= 10
Boid Frame=
 -0.79086	-0.41802	0.44699	-4.18024
-0.19501	0.86443	0.46339	8.64432
0.58010	-0.27931	0.76516	-2.79307
0.00000	0.00000	0.00000	1.00000

boidNo = 17
boid Wall No = 0
position = = (-2.9, -8.9, 3.4)
Boid Radius= 10
Boid Frame=
 0.63309	-0.28934	-0.71797	-2.89336
0.09102	-0.89326	0.44023	-8.93258
0.76871	0.34406	0.53918	3.44056
0.00000	0.00000	0.00000	1.00000

boidNo = 18
boid Wall No = 1
position = = (-8.8, 1.8, -4.5)
Boid Radius= 10
Boid Frame=
 -0.44513	-0.87686	-0.18162	-8.76857
-0.65570	0.18104	0.73299	1.81039
0.60985	-0.44536	0.65554	-4.45361
0.00000	0.00000	0.00000	1.00000

boidNo = 19
boid Wall No = 0
position = = (-3.0, -9.3, 2.1)
Boid Radius= 10
Boid Frame=
 0.68006	-0.30283	-0.66769	-3.02831
-0.05959	-0.93052	0.36135	-9.30525
0.73073	0.20595	0.65086	2.05953
0.00000	0.00000	0.00000	1.00000

