Iteration Num of Simuation:0
m_SimulationDeltaT of action plan:0
boidNo = 0
boid Wall No = 1
position = = (-1.0, 8.8, 4.7)
Boid Radius= 10
Boid Frame=
 0.94274	-0.10157	0.31770	-1.01569
-0.06467	0.87877	0.47285	8.78768
0.32721	0.46632	-0.82188	4.66316
0.00000	0.00000	0.00000	1.00000

boidNo = 1
boid Wall No = 0
position = = (-3.2, -7.1, 6.3)
Boid Radius= 10
Boid Frame=
 0.94092	-0.31664	-0.12008	-3.16637
-0.15160	-0.71092	0.68673	-7.10924
0.30281	0.62796	0.71692	6.27956
0.00000	0.00000	0.00000	1.00000

boidNo = 2
boid Wall No = 0
position = = (-4.8, -8.6, 2.0)
Boid Radius= 10
Boid Frame=
 0.54146	-0.47800	-0.69162	-4.77996
-0.10992	-0.85583	0.50544	-8.55834
0.83351	0.19766	0.51594	1.97655
0.00000	0.00000	0.00000	1.00000

boidNo = 3
boid Wall No = 0
position = = (1.8, -9.5, -2.5)
Boid Radius= 10
Boid Frame=
 -0.57878	0.17906	0.79558	1.79060
0.10344	-0.95159	0.28943	-9.51594
-0.80890	-0.24981	-0.53224	-2.49811
0.00000	0.00000	0.00000	1.00000

boidNo = 4
boid Wall No = 0
position = = (6.5, -2.3, -7.3)
Boid Radius= 10
Boid Frame=
 -0.67036	0.64841	-0.36080	6.48410
-0.62224	-0.22631	0.74940	-2.26314
-0.40426	-0.72687	-0.55518	-7.26875
0.00000	0.00000	0.00000	1.00000

boidNo = 5
boid Wall No = 0
position = = (5.1, -2.9, -8.1)
Boid Radius= 10
Boid Frame=
 -0.72882	0.50939	-0.45755	5.09388
-0.64606	-0.29026	0.70595	-2.90257
-0.22679	-0.81011	-0.54064	-8.10108
0.00000	0.00000	0.00000	1.00000

boidNo = 6
boid Wall No = 1
position = = (0.3, 10.0, 0.6)
Boid Radius= 10
Boid Frame=
 0.99862	0.02669	0.04533	0.26693
-0.02926	0.99795	0.05699	9.97946
0.04372	0.05823	-0.99735	0.58234
0.00000	0.00000	0.00000	1.00000

boidNo = 7
boid Wall No = 0
position = = (4.6, -6.9, -5.6)
Boid Radius= 10
Boid Frame=
 -0.87241	0.45727	0.17266	4.57271
-0.22525	-0.68962	0.68825	-6.89619
-0.43378	-0.56154	-0.70463	-5.61542
0.00000	0.00000	0.00000	1.00000

boidNo = 8
boid Wall No = 0
position = = (4.4, -4.1, 8.0)
Boid Radius= 10
Boid Frame=
 0.66648	0.44146	0.60076	4.41460
-0.44636	-0.40914	0.79584	-4.09139
-0.59713	0.79857	0.07563	7.98573
0.00000	0.00000	0.00000	1.00000

boidNo = 9
boid Wall No = 0
position = = (-3.7, -7.4, 5.6)
Boid Radius= 10
Boid Frame=
 0.90275	-0.37293	-0.21442	-3.72929
-0.14840	-0.73782	0.65848	-7.37820
0.40377	0.56262	0.72141	5.62625
0.00000	0.00000	0.00000	1.00000

boidNo = 10
boid Wall No = 1
position = = (2.3, 2.1, 9.5)
Boid Radius= 10
Boid Frame=
 0.60988	0.23379	0.75722	2.33786
-0.79220	0.20573	0.57454	2.05732
0.02147	0.95027	-0.31068	9.50273
0.00000	0.00000	0.00000	1.00000

boidNo = 11
boid Wall No = 0
position = = (-0.9, -9.3, -3.6)
Boid Radius= 10
Boid Frame=
 0.88736	-0.08843	-0.45252	-0.88434
-0.23659	-0.92971	-0.28224	-9.29713
0.39576	-0.35751	0.84591	-3.57511
0.00000	0.00000	0.00000	1.00000

boidNo = 12
boid Wall No = 1
position = = (9.8, 1.8, -0.9)
Boid Radius= 10
Boid Frame=
 0.07100	0.97883	-0.19197	9.78830
-0.73599	0.18130	0.65226	1.81305
-0.67326	-0.09498	-0.73328	-0.94980
0.00000	0.00000	0.00000	1.00000

boidNo = 13
boid Wall No = 0
position = = (0.3, -9.9, 1.1)
Boid Radius= 9.999999
Boid Frame=
 0.91913	0.03217	0.39265	0.32169
-0.01347	-0.99351	0.11292	-9.93513
-0.39373	0.10907	0.91273	1.09073
0.00000	0.00000	0.00000	1.00000

boidNo = 14
boid Wall No = 0
position = = (7.4, -2.1, -6.3)
Boid Radius= 10
Boid Frame=
 -0.59367	0.74492	-0.30439	7.44917
-0.64384	-0.21278	0.73498	-2.12784
-0.48273	-0.63231	-0.60593	-6.32314
0.00000	0.00000	0.00000	1.00000

boidNo = 15
boid Wall No = 0
position = = (1.8, -9.5, 2.5)
Boid Radius= 10
Boid Frame=
 0.97870	0.17889	0.10075	1.78889
0.14654	-0.95235	0.26749	-9.52353
-0.14380	0.24703	0.95828	2.47026
0.00000	0.00000	0.00000	1.00000

boidNo = 16
boid Wall No = 1
position = = (2.5, 9.7, -0.8)
Boid Radius= 10
Boid Frame=
 0.01964	0.24539	-0.96923	2.45391
-0.09221	0.96573	0.24264	9.65725
-0.99555	-0.08461	-0.04160	-0.84605
0.00000	0.00000	0.00000	1.00000

boidNo = 17
boid Wall No = 1
position = = (7.3, 5.7, -3.7)
Boid Radius= 10
Boid Frame=
 -0.07765	0.73426	-0.67442	7.34257
-0.47609	0.56704	0.67217	5.67036
-0.87596	-0.37328	-0.30554	-3.73280
0.00000	0.00000	0.00000	1.00000

boidNo = 18
boid Wall No = 0
position = = (0.5, -10.0, 0.5)
Boid Radius= 10
Boid Frame=
 0.70441	0.05222	0.70787	0.52224
-0.00020	-0.99728	0.07377	-9.97275
-0.70979	0.05210	0.70248	0.52104
0.00000	0.00000	0.00000	1.00000

boidNo = 19
boid Wall No = 1
position = = (1.6, 9.8, 1.4)
Boid Radius= 10
Boid Frame=
 0.98553	0.16172	-0.05079	1.61721
-0.15219	0.97613	0.15492	9.76133
-0.07463	0.14495	-0.98662	1.44953
0.00000	0.00000	0.00000	1.00000

