Iteration Num of Simuation:0
m_SimulationDeltaT of action plan:0
boidNo = 0
boid Wall No = 0
position = = (-7.4, -3.5, -5.8)
Boid Radius= 10
Boid Frame=
 -0.08712	-0.73655	-0.67075	-7.36553
-0.79819	-0.35126	0.48940	-3.51260
0.59607	-0.57802	0.55730	-5.78020
0.00000	0.00000	0.00000	1.00000

boidNo = 1
boid Wall No = 0
position = = (-8.9, -4.3, -1.7)
Boid Radius= 10
Boid Frame=
 0.08227	-0.88539	-0.45751	-8.85393
-0.49939	-0.43390	0.74990	-4.33895
0.86246	-0.16678	0.47785	-1.66779
0.00000	0.00000	0.00000	1.00000

boidNo = 2
boid Wall No = 1
position = = (0.7, 9.2, 3.9)
Boid Radius= 10
Boid Frame=
 0.95072	0.06519	0.30311	0.65189
-0.17556	0.91901	0.35300	9.19006
0.25555	0.38882	-0.88516	3.88817
0.00000	0.00000	0.00000	1.00000

boidNo = 3
boid Wall No = 0
position = = (1.1, -9.8, 1.8)
Boid Radius= 9.999999
Boid Frame=
 0.73567	0.11166	0.66807	1.11661
-0.04333	-0.97654	0.21093	-9.76540
-0.67595	0.18412	0.71358	1.84124
0.00000	0.00000	0.00000	1.00000

boidNo = 4
boid Wall No = 0
position = = (-2.2, -9.6, 1.7)
Boid Radius= 10
Boid Frame=
 0.58110	-0.22301	-0.78268	-2.23012
0.01244	-0.95918	0.28254	-9.59176
0.81374	0.17392	0.55460	1.73919
0.00000	0.00000	0.00000	1.00000

boidNo = 5
boid Wall No = 1
position = = (-4.5, 7.4, 5.0)
Boid Radius= 10
Boid Frame=
 0.50684	-0.44899	0.73588	-4.48993
-0.25516	0.73726	0.62557	7.37261
0.82341	0.50483	-0.25911	5.04829
0.00000	0.00000	0.00000	1.00000

boidNo = 6
boid Wall No = 0
position = = (7.9, -2.6, 5.6)
Boid Radius= 10
Boid Frame=
 0.17824	0.78885	0.58818	7.88845
-0.77246	-0.25811	0.58025	-2.58106
-0.60954	0.55777	-0.56335	5.57768
0.00000	0.00000	0.00000	1.00000

boidNo = 7
boid Wall No = 1
position = = (-1.1, 9.1, 4.0)
Boid Radius= 10
Boid Frame=
 0.95429	-0.11487	0.27592	-1.14866
-0.00995	0.91047	0.41346	9.10467
0.29870	0.39731	-0.86771	3.97310
0.00000	0.00000	0.00000	1.00000

boidNo = 8
boid Wall No = 0
position = = (0.3, -9.7, -2.3)
Boid Radius= 10
Boid Frame=
 -0.97984	0.02794	0.19784	0.27937
0.01793	-0.97389	0.22633	-9.73887
-0.19899	-0.22531	-0.95375	-2.25310
0.00000	0.00000	0.00000	1.00000

boidNo = 9
boid Wall No = 1
position = = (6.7, 2.8, -6.9)
Boid Radius= 10
Boid Frame=
 -0.30166	0.66988	-0.67843	6.69882
-0.74112	0.28290	0.60886	2.82898
-0.59979	-0.68646	-0.41112	-6.86460
0.00000	0.00000	0.00000	1.00000

boidNo = 10
boid Wall No = 0
position = = (0.4, -0.2, -10.0)
Boid Radius= 10
Boid Frame=
 -0.77773	0.04124	-0.62724	0.41242
-0.62819	-0.01522	0.77791	-0.15216
-0.02254	-0.99903	-0.03774	-9.99033
0.00000	0.00000	0.00000	1.00000

boidNo = 11
boid Wall No = 0
position = = (6.1, -7.7, -2.0)
Boid Radius= 10
Boid Frame=
 -0.38638	0.61048	0.69139	6.10481
-0.06375	-0.76549	0.64028	-7.65490
-0.92013	-0.20332	-0.33469	-2.03315
0.00000	0.00000	0.00000	1.00000

boidNo = 12
boid Wall No = 0
position = = (8.5, -2.5, 4.7)
Boid Radius= 10
Boid Frame=
 0.11124	0.84874	0.51697	8.48743
-0.77587	-0.25090	0.57886	-2.50900
-0.62101	0.46549	-0.63060	4.65494
0.00000	0.00000	0.00000	1.00000

boidNo = 13
boid Wall No = 0
position = = (9.4, -3.4, -0.3)
Boid Radius= 10
Boid Frame=
 -0.21179	0.94069	0.26503	9.40694
-0.51486	-0.33789	0.78788	-3.37891
-0.83070	-0.03042	-0.55588	-0.30416
0.00000	0.00000	0.00000	1.00000

boidNo = 14
boid Wall No = 0
position = = (0.6, -9.9, 1.1)
Boid Radius= 10
Boid Frame=
 0.85615	0.06022	0.51321	0.60220
-0.00774	-0.99158	0.12926	-9.91581
-0.51668	0.11463	0.84847	1.14633
0.00000	0.00000	0.00000	1.00000

boidNo = 15
boid Wall No = 0
position = = (5.1, -1.5, -8.5)
Boid Radius= 10
Boid Frame=
 -0.35960	0.50687	-0.78344	5.06869
-0.93189	-0.15216	0.32929	-1.52161
-0.04770	-0.84849	-0.52706	-8.48487
0.00000	0.00000	0.00000	1.00000

boidNo = 16
boid Wall No = 0
position = = (0.9, -6.4, -7.6)
Boid Radius= 10
Boid Frame=
 -0.96494	0.09428	-0.24494	0.94275
-0.24719	-0.64013	0.72741	-6.40130
0.08822	-0.76246	-0.64099	-7.62461
0.00000	0.00000	0.00000	1.00000

boidNo = 17
boid Wall No = 0
position = = (-2.1, -9.8, -0.3)
Boid Radius= 10
Boid Frame=
 -0.09388	-0.21315	-0.97250	-2.13151
-0.00636	-0.97666	0.21468	-9.76664
0.99556	-0.02634	-0.09034	-0.26342
0.00000	0.00000	0.00000	1.00000

boidNo = 18
boid Wall No = 1
position = = (4.3, 5.1, -7.4)
Boid Radius= 10
Boid Frame=
 -0.55192	0.43346	-0.71239	4.33459
-0.49767	0.51426	0.69847	5.14257
-0.66911	-0.74004	0.06811	-7.40036
0.00000	0.00000	0.00000	1.00000

boidNo = 19
boid Wall No = 0
position = = (-0.4, -10.0, 0.6)
Boid Radius= 10
Boid Frame=
 0.88468	-0.03628	-0.46479	-0.36277
-0.00331	-0.99743	0.07155	-9.97431
0.46619	0.06176	0.88253	0.61764
0.00000	0.00000	0.00000	1.00000

