Iteration Num of Simuation:0
m_SimulationDeltaT of action plan:0
boidNo = 0
boid Wall No = 1
position = = (6.0, 8.0, -0.7)
Boid Radius= 10
Boid Frame=
 0.29568	0.59914	-0.74405	5.99137
-0.29677	0.79795	0.52460	7.97947
-0.90802	-0.06570	-0.41374	-0.65695
0.00000	0.00000	0.00000	1.00000

boidNo = 1
boid Wall No = 0
position = = (0.3, -7.3, -6.8)
Boid Radius= 10
Boid Frame=
 0.27479	0.03040	-0.96102	0.30403
-0.65032	-0.73033	-0.20905	-7.30331
0.70822	-0.68242	0.18091	-6.82417
0.00000	0.00000	0.00000	1.00000

boidNo = 2
boid Wall No = 0
position = = (2.2, -1.9, -9.6)
Boid Radius= 10
Boid Frame=
 -0.76061	0.21870	-0.61127	2.18696
-0.64771	-0.19159	0.73740	-1.91586
-0.04416	-0.95680	-0.28737	-9.56800
0.00000	0.00000	0.00000	1.00000

boidNo = 3
boid Wall No = 1
position = = (3.5, 6.5, -6.7)
Boid Radius= 10
Boid Frame=
 -0.54359	0.34998	-0.76291	3.49980
-0.44407	0.65138	0.61523	6.51384
-0.71226	-0.67321	0.19867	-6.73211
0.00000	0.00000	0.00000	1.00000

boidNo = 4
boid Wall No = 1
position = = (-2.4, 5.0, 8.4)
Boid Radius= 10
Boid Frame=
 0.67816	-0.23799	0.69531	-2.37994
-0.53100	0.49541	0.68747	4.95411
0.50808	0.83542	-0.20959	8.35420
0.00000	0.00000	0.00000	1.00000

boidNo = 5
boid Wall No = 0
position = = (-8.4, -0.7, -5.5)
Boid Radius= 10
Boid Frame=
 -0.26555	-0.83503	-0.48188	-8.35027
-0.81792	-0.06947	0.57112	-0.69471
0.51038	-0.54581	0.66454	-5.45805
0.00000	0.00000	0.00000	1.00000

boidNo = 6
boid Wall No = 0
position = = (3.3, -8.7, 3.5)
Boid Radius= 10
Boid Frame=
 0.70677	0.33316	0.62408	3.33165
-0.01585	-0.87449	0.48479	-8.74485
-0.70727	0.35253	0.61278	3.52529
0.00000	0.00000	0.00000	1.00000

boidNo = 7
boid Wall No = 1
position = = (8.2, 0.0, -5.8)
Boid Radius= 10
Boid Frame=
 -0.41955	0.81797	-0.39357	8.17974
-0.68254	0.00156	0.73085	0.01558
-0.59843	-0.57525	-0.55765	-5.75254
0.00000	0.00000	0.00000	1.00000

boidNo = 8
boid Wall No = 1
position = = (4.1, 8.4, 3.7)
Boid Radius= 10
Boid Frame=
 0.79247	0.40533	-0.45574	4.05331
-0.12191	0.83742	0.53280	8.37416
-0.59760	0.36666	-0.71304	3.66662
0.00000	0.00000	0.00000	1.00000

boidNo = 9
boid Wall No = 0
position = = (-4.8, -5.3, 7.0)
Boid Radius= 10
Boid Frame=
 0.87125	-0.48468	0.07755	-4.84679
-0.36126	-0.52623	0.76979	-5.26227
0.33229	0.69869	0.63357	6.98693
0.00000	0.00000	0.00000	1.00000

boidNo = 10
boid Wall No = 1
position = = (9.3, 0.3, 3.7)
Boid Radius= 9.999999
Boid Frame=
 0.24624	0.92791	0.27990	9.27912
-0.79812	0.03029	0.60174	0.30290
-0.54988	0.37157	-0.74804	3.71567
0.00000	0.00000	0.00000	1.00000

boidNo = 11
boid Wall No = 0
position = = (-1.4, -9.7, 1.7)
Boid Radius= 10
Boid Frame=
 0.84719	-0.14210	-0.51193	-1.42105
-0.02872	-0.97441	0.22295	-9.74406
0.53051	0.17418	0.82959	1.74180
0.00000	0.00000	0.00000	1.00000

boidNo = 12
boid Wall No = 0
position = = (-3.4, -2.1, -9.2)
Boid Radius= 10
Boid Frame=
 -0.53455	-0.33605	-0.77545	-3.36051
-0.75960	-0.21119	0.61514	-2.11193
0.37049	-0.91786	0.14237	-9.17860
0.00000	0.00000	0.00000	1.00000

boidNo = 13
boid Wall No = 0
position = = (-2.9, -9.3, 2.4)
Boid Radius= 10
Boid Frame=
 0.48871	-0.28570	-0.82434	-2.85703
0.07136	-0.92860	0.36415	-9.28603
0.86952	0.23679	0.43343	2.36792
0.00000	0.00000	0.00000	1.00000

boidNo = 14
boid Wall No = 1
position = = (3.4, 0.2, 9.4)
Boid Radius= 10
Boid Frame=
 0.68620	0.34249	0.64174	3.42485
-0.68753	0.01726	0.72595	0.17257
-0.23755	0.93936	-0.24731	9.39365
0.00000	0.00000	0.00000	1.00000

boidNo = 15
boid Wall No = 1
position = = (-4.2, 9.1, 0.7)
Boid Radius= 10
Boid Frame=
 0.12512	-0.41691	0.90030	-4.16905
-0.01780	0.90634	0.42218	9.06339
0.99198	0.06885	-0.10598	0.68846
0.00000	0.00000	0.00000	1.00000

boidNo = 16
boid Wall No = 1
position = = (-5.5, 5.8, 6.1)
Boid Radius= 10
Boid Frame=
 0.34932	-0.54746	0.76044	-5.47460
-0.50295	0.57519	0.64513	5.75189
0.79058	0.60782	0.07442	6.07821
0.00000	0.00000	0.00000	1.00000

boidNo = 17
boid Wall No = 1
position = = (-6.3, 0.5, -7.7)
Boid Radius= 10
Boid Frame=
 -0.54480	-0.63458	-0.54818	-6.34578
-0.73753	0.05152	0.67335	0.51516
0.39905	-0.77114	0.49609	-7.71140
0.00000	0.00000	0.00000	1.00000

boidNo = 18
boid Wall No = 1
position = = (7.4, 6.5, -1.5)
Boid Radius= 10
Boid Frame=
 0.19603	0.74221	-0.64086	7.42209
-0.42858	0.65266	0.62478	6.52662
-0.88198	-0.15218	-0.44604	-1.52178
0.00000	0.00000	0.00000	1.00000

boidNo = 19
boid Wall No = 1
position = = (7.9, 4.5, -4.2)
Boid Radius= 10
Boid Frame=
 -0.14533	0.78913	-0.59679	7.89126
-0.52790	0.44831	0.72135	4.48309
-0.83678	-0.41988	-0.35143	-4.19880
0.00000	0.00000	0.00000	1.00000

