Iteration Num of Simuation:0
m_SimulationDeltaT of action plan:0
boidNo = 0
boid Wall No = 0
position = = (8.8, -4.4, -1.5)
Boid Radius= 10
Boid Frame=
 -0.41827	0.88424	-0.20777	8.84240
-0.89372	-0.44149	-0.07975	-4.41491
0.16225	-0.15233	-0.97492	-1.52333
0.00000	0.00000	0.00000	1.00000

boidNo = 1
boid Wall No = 1
position = = (-7.6, 5.9, 2.7)
Boid Radius= 10
Boid Frame=
 -0.00858	-0.76204	0.64747	-7.62041
-0.41998	0.59036	0.68927	5.90364
0.90749	0.26601	0.32510	2.66014
0.00000	0.00000	0.00000	1.00000

boidNo = 2
boid Wall No = 1
position = = (-2.8, 9.6, 0.2)
Boid Radius= 10
Boid Frame=
 -0.29921	-0.27976	0.91225	-2.79760
-0.10847	0.95983	0.25877	9.59829
0.94800	0.02153	0.31753	0.21525
0.00000	0.00000	0.00000	1.00000

boidNo = 3
boid Wall No = 1
position = = (1.8, 6.5, 7.4)
Boid Radius= 10
Boid Frame=
 0.90599	0.17523	0.38533	1.75230
-0.40094	0.64722	0.64835	6.47216
0.13578	0.74189	-0.65663	7.41893
0.00000	0.00000	0.00000	1.00000

boidNo = 4
boid Wall No = 0
position = = (-1.8, -9.3, 3.3)
Boid Radius= 10
Boid Frame=
 0.97426	-0.17766	-0.13879	-1.77664
-0.11788	-0.92620	0.35814	-9.26195
0.19217	0.33256	0.92329	3.32562
0.00000	0.00000	0.00000	1.00000

boidNo = 5
boid Wall No = 0
position = = (-9.5, -2.8, -1.6)
Boid Radius= 10
Boid Frame=
 0.02150	-0.94524	-0.32567	-9.45238
-0.54574	-0.28403	0.78835	-2.84033
0.83768	-0.16078	0.52196	-1.60782
0.00000	0.00000	0.00000	1.00000

boidNo = 6
boid Wall No = 1
position = = (1.7, 4.5, 8.8)
Boid Radius= 10
Boid Frame=
 0.75563	0.16935	0.63272	1.69353
-0.63092	0.44769	0.63365	4.47694
0.17596	0.87800	-0.44514	8.78004
0.00000	0.00000	0.00000	1.00000

boidNo = 7
boid Wall No = 0
position = = (-4.5, -1.3, 8.8)
Boid Radius= 9.999999
Boid Frame=
 0.75055	-0.44972	0.48417	-4.49725
-0.59173	-0.13124	0.79538	-1.31244
0.29416	0.88347	0.36462	8.83472
0.00000	0.00000	0.00000	1.00000

boidNo = 8
boid Wall No = 1
position = = (7.2, 6.1, -3.4)
Boid Radius= 10
Boid Frame=
 0.12621	0.71642	-0.68615	7.16423
-0.59822	0.60673	0.52346	6.06734
-0.79133	-0.34440	-0.50515	-3.44400
0.00000	0.00000	0.00000	1.00000

boidNo = 9
boid Wall No = 0
position = = (-6.8, -1.8, 7.1)
Boid Radius= 10
Boid Frame=
 0.51733	-0.68068	0.51869	-6.80684
-0.80581	-0.18336	0.56307	-1.83361
0.28817	0.70926	0.64336	7.09259
0.00000	0.00000	0.00000	1.00000

