Iteration Num of Simuation:0
m_SimulationDeltaT of action plan:0
boidNo = 0
boid Wall No = 1
position = = (-8.1, 2.4, 5.4)
Boid Radius= 10
Boid Frame=
 0.30964	-0.80846	0.50052	-8.08456
-0.60204	0.24075	0.76130	2.40751
0.73598	0.53706	0.41218	5.37064
0.00000	0.00000	0.00000	1.00000

boidNo = 1
boid Wall No = 0
position = = (3.1, -8.6, -4.0)
Boid Radius= 10
Boid Frame=
 -0.46414	0.31321	-0.82854	3.13207
-0.50612	-0.86143	-0.04211	-8.61432
0.72692	-0.39980	-0.55835	-3.99795
0.00000	0.00000	0.00000	1.00000

boidNo = 2
boid Wall No = 1
position = = (-7.4, 6.0, 3.1)
Boid Radius= 10
Boid Frame=
 -0.37638	-0.73928	0.55839	-7.39281
-0.74932	0.59736	0.28580	5.97359
0.54485	0.31085	0.77879	3.10847
0.00000	0.00000	0.00000	1.00000

boidNo = 3
boid Wall No = 0
position = = (7.5, -0.4, 6.6)
Boid Radius= 10
Boid Frame=
 0.51801	0.75184	0.40791	7.51845
-0.58577	-0.03571	0.80969	-0.35706
-0.62333	0.65837	-0.42191	6.58373
0.00000	0.00000	0.00000	1.00000

boidNo = 4
boid Wall No = 0
position = = (-0.2, -0.8, -10.0)
Boid Radius= 10
Boid Frame=
 -0.75978	-0.01918	-0.64990	-0.19184
-0.64673	-0.08063	0.75845	-0.80635
0.06695	-0.99656	-0.04886	-9.96559
0.00000	0.00000	0.00000	1.00000

boidNo = 5
boid Wall No = 1
position = = (-9.7, 2.0, -1.3)
Boid Radius= 9.999999
Boid Frame=
 -0.22169	-0.97216	-0.07588	-9.72161
-0.94558	0.19531	0.26024	1.95313
0.23817	-0.12944	0.96256	-1.29441
0.00000	0.00000	0.00000	1.00000

boidNo = 6
boid Wall No = 0
position = = (0.2, -9.9, 1.0)
Boid Radius= 10
Boid Frame=
 0.99422	0.01765	0.10592	0.17654
0.00692	-0.99487	0.10088	-9.94875
-0.10716	0.09956	0.98924	0.99561
0.00000	0.00000	0.00000	1.00000

boidNo = 7
boid Wall No = 0
position = = (-9.1, -4.2, 0.0)
Boid Radius= 10
Boid Frame=
 0.22486	-0.90730	-0.35531	-9.07299
-0.47673	-0.42047	0.77197	-4.20466
0.84980	0.00420	0.52708	0.04196
0.00000	0.00000	0.00000	1.00000

boidNo = 8
boid Wall No = 1
position = = (-6.5, 6.2, 4.3)
Boid Radius= 10
Boid Frame=
 0.22016	-0.65459	0.72322	-6.54592
-0.39199	0.61954	0.68008	6.19542
0.89324	0.43322	0.12020	4.33216
0.00000	0.00000	0.00000	1.00000

boidNo = 9
boid Wall No = 0
position = = (9.4, -2.7, -2.0)
Boid Radius= 10
Boid Frame=
 -0.32685	0.94322	0.05927	9.43218
-0.63308	-0.26508	0.72728	-2.65077
-0.70170	-0.20019	-0.68377	-2.00187
0.00000	0.00000	0.00000	1.00000

boidNo = 10
boid Wall No = 1
position = = (-7.7, 2.1, 6.0)
Boid Radius= 10
Boid Frame=
 0.38023	-0.77032	0.51189	-7.70322
-0.60186	0.21417	0.76935	2.14166
0.70228	0.60061	0.38219	6.00614
0.00000	0.00000	0.00000	1.00000

boidNo = 11
boid Wall No = 0
position = = (-4.4, -5.6, -7.0)
Boid Radius= 10
Boid Frame=
 -0.65701	-0.44143	-0.61112	-4.41429
-0.32881	-0.56168	0.75921	-5.61675
0.67839	-0.69976	-0.22388	-6.99758
0.00000	0.00000	0.00000	1.00000

boidNo = 12
boid Wall No = 0
position = = (0.0, -10.0, -0.2)
Boid Radius= 10
Boid Frame=
 -0.94864	-0.00170	-0.31637	-0.01699
-0.00390	-0.99985	0.01707	-9.99847
0.31635	-0.01743	-0.94848	-0.17431
0.00000	0.00000	0.00000	1.00000

boidNo = 13
boid Wall No = 0
position = = (6.4, -3.6, 6.8)
Boid Radius= 10
Boid Frame=
 0.20283	0.64199	0.73940	6.41989
-0.77426	-0.35713	0.52247	-3.57126
-0.59948	0.67846	-0.42463	6.78462
0.00000	0.00000	0.00000	1.00000

boidNo = 14
boid Wall No = 0
position = = (-2.5, -7.1, -6.6)
Boid Radius= 10
Boid Frame=
 -0.82718	-0.24717	-0.50466	-2.47168
-0.19922	-0.71076	0.67464	-7.10759
0.52544	-0.65858	-0.53868	-6.58582
0.00000	0.00000	0.00000	1.00000

boidNo = 15
boid Wall No = 1
position = = (-1.0, 10.0, 0.1)
Boid Radius= 10
Boid Frame=
 -0.02046	-0.09835	0.99494	-0.98352
-0.01553	0.99506	0.09804	9.95061
0.99967	0.01345	0.02189	0.13448
0.00000	0.00000	0.00000	1.00000

boidNo = 16
boid Wall No = 0
position = = (2.9, -9.1, 2.9)
Boid Radius= 10
Boid Frame=
 0.76710	0.28699	0.57375	2.86992
0.03810	-0.91316	0.40583	-9.13156
-0.64039	0.28945	0.71142	2.89453
0.00000	0.00000	0.00000	1.00000

boidNo = 17
boid Wall No = 1
position = = (-1.9, 6.9, -7.0)
Boid Radius= 10
Boid Frame=
 -0.90579	-0.18812	-0.37968	-1.88121
-0.39718	0.68914	0.60608	6.89141
-0.14764	-0.69978	0.69893	-6.99782
0.00000	0.00000	0.00000	1.00000

boidNo = 18
boid Wall No = 0
position = = (-0.9, -6.1, 7.9)
Boid Radius= 10
Boid Frame=
 0.93871	-0.09369	0.33173	-0.93694
-0.31799	-0.60685	0.72843	-6.06848
-0.13306	0.78928	0.59945	7.89276
0.00000	0.00000	0.00000	1.00000

boidNo = 19
boid Wall No = 0
position = = (-0.9, -9.9, 0.5)
Boid Radius= 10
Boid Frame=
 0.56993	-0.09157	-0.81658	-0.91572
-0.01346	-0.99468	0.10215	-9.94678
0.82158	0.04722	0.56813	0.47222
0.00000	0.00000	0.00000	1.00000

