Iteration Num of Simuation:0
m_SimulationDeltaT of action plan:0
boidNo = 0
boid Wall No = 1
position = = (-5.8, 7.9, -1.9)
Boid Radius= 10
Boid Frame=
 -0.68253	-0.58025	0.44438	-5.80245
-0.34210	0.79094	0.50733	7.90940
0.64585	-0.19424	0.73834	-1.94240
0.00000	0.00000	0.00000	1.00000

boidNo = 1
boid Wall No = 0
position = = (-2.6, -2.6, -9.3)
Boid Radius= 10
Boid Frame=
 0.23271	-0.25820	-0.93765	-2.58196
-0.95047	-0.26462	-0.16303	-2.64622
0.20603	-0.92914	0.30699	-9.29145
0.00000	0.00000	0.00000	1.00000

boidNo = 2
boid Wall No = 0
position = = (7.9, -6.1, -0.4)
Boid Radius= 10
Boid Frame=
 -0.28456	0.79470	0.53617	7.94700
-0.30693	-0.60538	0.73438	-6.05376
-0.90819	-0.04441	-0.41619	-0.44405
0.00000	0.00000	0.00000	1.00000

boidNo = 3
boid Wall No = 1
position = = (-8.6, 0.6, -5.0)
Boid Radius= 10
Boid Frame=
 -0.35950	-0.86435	-0.35165	-8.64351
-0.76365	0.05594	0.64320	0.55941
0.53628	-0.49977	0.68018	-4.99768
0.00000	0.00000	0.00000	1.00000

boidNo = 4
boid Wall No = 0
position = = (-0.4, -7.6, 6.4)
Boid Radius= 10
Boid Frame=
 0.84960	-0.04362	0.52563	-0.43616
-0.36697	-0.76469	0.52970	-7.64688
-0.37884	0.64292	0.66568	6.42922
0.00000	0.00000	0.00000	1.00000

boidNo = 5
boid Wall No = 0
position = = (2.3, -8.7, -4.4)
Boid Radius= 10
Boid Frame=
 0.12395	0.22662	-0.96606	2.26623
-0.42236	-0.86893	-0.25803	-8.68925
0.89791	-0.44001	0.01198	-4.40012
0.00000	0.00000	0.00000	1.00000

boidNo = 6
boid Wall No = 0
position = = (-6.4, -4.1, -6.5)
Boid Radius= 10
Boid Frame=
 -0.33192	-0.63601	-0.69664	-6.36013
-0.61427	-0.41474	0.67132	-4.14739
0.71589	-0.65075	0.25302	-6.50753
0.00000	0.00000	0.00000	1.00000

boidNo = 7
boid Wall No = 0
position = = (-6.0, -7.9, -0.9)
Boid Radius= 10
Boid Frame=
 0.76797	-0.60469	-0.21113	-6.04694
-0.60876	-0.79159	0.05288	-7.91591
0.19910	-0.08791	0.97603	-0.87914
0.00000	0.00000	0.00000	1.00000

boidNo = 8
boid Wall No = 0
position = = (3.6, -9.0, 2.4)
Boid Radius= 10
Boid Frame=
 0.83992	0.36455	0.40204	3.64554
0.20417	-0.89863	0.38830	-8.98630
-0.50284	0.24406	0.82921	2.44057
0.00000	0.00000	0.00000	1.00000

boidNo = 9
boid Wall No = 1
position = = (-4.6, 5.5, 7.0)
Boid Radius= 10
Boid Frame=
 0.53682	-0.45618	0.70974	-4.56180
-0.45717	0.54974	0.69913	5.49744
0.70910	0.69977	-0.08656	6.99772
0.00000	0.00000	0.00000	1.00000

boidNo = 10
boid Wall No = 1
position = = (5.5, 3.7, -7.5)
Boid Radius= 10
Boid Frame=
 -0.52079	0.55402	-0.64950	5.54016
-0.54654	0.36808	0.75220	3.68083
-0.65580	-0.74671	-0.11110	-7.46713
0.00000	0.00000	0.00000	1.00000

boidNo = 11
boid Wall No = 1
position = = (0.5, 6.7, -7.4)
Boid Radius= 10
Boid Frame=
 -0.83273	0.05396	-0.55105	0.53957
-0.37891	0.67016	0.63821	6.70161
-0.40373	-0.74025	0.53762	-7.40252
0.00000	0.00000	0.00000	1.00000

boidNo = 12
boid Wall No = 1
position = = (4.3, 8.5, 3.0)
Boid Radius= 10
Boid Frame=
 0.90296	0.42627	-0.05444	4.26271
-0.38125	0.85308	0.35623	8.53082
-0.19829	0.30090	-0.93281	3.00905
0.00000	0.00000	0.00000	1.00000

boidNo = 13
boid Wall No = 0
position = = (1.8, -9.8, 0.7)
Boid Radius= 10
Boid Frame=
 0.51851	0.17886	0.83616	1.78856
0.03765	-0.98171	0.18665	-9.81706
-0.85424	0.06530	0.51576	0.65300
0.00000	0.00000	0.00000	1.00000

boidNo = 14
boid Wall No = 1
position = = (4.7, 8.8, 0.1)
Boid Radius= 10
Boid Frame=
 0.11676	0.46848	-0.87573	4.68478
-0.05249	0.88344	0.46560	8.83435
-0.99177	0.00840	-0.12774	0.08400
0.00000	0.00000	0.00000	1.00000

boidNo = 15
boid Wall No = 1
position = = (-3.1, 8.6, -4.0)
Boid Radius= 9.999999
Boid Frame=
 -0.87613	-0.31421	0.36561	-3.14207
-0.09898	0.85950	0.50146	8.59501
0.47181	-0.40315	0.78413	-4.03153
0.00000	0.00000	0.00000	1.00000

boidNo = 16
boid Wall No = 1
position = = (-2.1, 9.8, -0.2)
Boid Radius= 10
Boid Frame=
 -0.31310	-0.21091	0.92600	-2.10907
-0.04940	0.97733	0.20589	9.77327
0.94843	-0.01872	0.31642	-0.18719
0.00000	0.00000	0.00000	1.00000

boidNo = 17
boid Wall No = 0
position = = (-0.4, -10.0, 0.5)
Boid Radius= 10
Boid Frame=
 0.83238	-0.04463	-0.55240	-0.44627
-0.00824	-0.99764	0.06817	-9.97639
0.55414	0.05219	0.83079	0.52193
0.00000	0.00000	0.00000	1.00000

boidNo = 18
boid Wall No = 0
position = = (-1.0, -6.8, 7.2)
Boid Radius= 10
Boid Frame=
 0.97738	-0.10434	0.18398	-1.04343
-0.20486	-0.68342	0.70069	-6.83422
-0.05263	0.72253	0.68934	7.22528
0.00000	0.00000	0.00000	1.00000

boidNo = 19
boid Wall No = 0
position = = (-1.9, -9.2, -3.3)
Boid Radius= 10
Boid Frame=
 -0.80019	-0.18710	-0.56982	-1.87105
-0.05209	-0.92482	0.37683	-9.24817
0.59748	-0.33122	-0.73028	-3.31218
0.00000	0.00000	0.00000	1.00000

