Iteration Num of Simuation:0
m_SimulationDeltaT of action plan:0
boidNo = 0
boid Wall No = 0
position = = (-1.6, -3.5, -9.2)
Boid Radius= 10
Boid Frame=
 -0.69633	-0.15631	-0.70049	-1.56310
-0.62373	-0.35107	0.69837	-3.51065
0.35508	-0.92321	-0.14696	-9.23212
0.00000	0.00000	0.00000	1.00000

boidNo = 1
boid Wall No = 0
position = = (-0.2, -7.5, 6.6)
Boid Radius= 10
Boid Frame=
 0.93570	-0.02387	0.35199	-0.23874
-0.24870	-0.75226	0.61012	-7.52264
-0.25022	0.65843	0.70983	6.58429
0.00000	0.00000	0.00000	1.00000

boidNo = 2
boid Wall No = 1
position = = (0.9, 9.9, -1.2)
Boid Radius= 10
Boid Frame=
 -0.82338	0.08989	-0.56033	0.89886
0.00846	0.98921	0.14626	9.89211
-0.56743	-0.11568	0.81525	-1.15684
0.00000	0.00000	0.00000	1.00000

boidNo = 3
boid Wall No = 1
position = = (-9.4, 2.0, 2.6)
Boid Radius= 10
Boid Frame=
 0.02353	-0.94262	0.33305	-9.42616
-0.74901	0.20402	0.63037	2.04024
0.66214	0.26429	0.70122	2.64290
0.00000	0.00000	0.00000	1.00000

boidNo = 4
boid Wall No = 1
position = = (1.5, 8.8, 4.6)
Boid Radius= 9.999999
Boid Frame=
 0.98586	0.15431	-0.06527	1.54313
-0.10594	0.87591	0.47069	8.75913
-0.12980	0.45713	-0.87988	4.57126
0.00000	0.00000	0.00000	1.00000

boidNo = 5
boid Wall No = 1
position = = (-0.4, 9.7, 2.3)
Boid Radius= 10
Boid Frame=
 0.99749	-0.04110	-0.05773	-0.41097
0.05308	0.97302	0.22452	9.73023
-0.04695	0.22702	-0.97276	2.27018
0.00000	0.00000	0.00000	1.00000

boidNo = 6
boid Wall No = 0
position = = (-4.7, -6.9, 5.5)
Boid Radius= 10
Boid Frame=
 0.85162	-0.46583	-0.24029	-4.65831
-0.18019	-0.69069	0.70034	-6.90687
0.49221	0.55313	0.67214	5.53130
0.00000	0.00000	0.00000	1.00000

boidNo = 7
boid Wall No = 0
position = = (3.3, -0.3, 9.4)
Boid Radius= 10
Boid Frame=
 0.51390	0.33107	0.79139	3.31067
-0.83360	-0.02507	0.55180	-0.25074
-0.20253	0.94327	-0.26309	9.43274
0.00000	0.00000	0.00000	1.00000

boidNo = 8
boid Wall No = 1
position = = (-1.7, 6.7, 7.2)
Boid Radius= 10
Boid Frame=
 0.68078	-0.16897	0.71273	-1.68972
-0.45151	0.66938	0.58997	6.69382
0.57678	0.72345	-0.37941	7.23448
0.00000	0.00000	0.00000	1.00000

boidNo = 9
boid Wall No = 0
position = = (4.1, -9.1, 0.9)
Boid Radius= 10
Boid Frame=
 0.43280	0.40948	0.80313	4.09477
0.10412	-0.90763	0.40665	-9.07632
-0.89546	0.09237	0.43546	0.92373
0.00000	0.00000	0.00000	1.00000

boidNo = 10
boid Wall No = 0
position = = (-0.1, -9.7, -2.2)
Boid Radius= 10
Boid Frame=
 -0.99997	-0.00538	-0.00622	-0.05383
0.00385	-0.97442	0.22469	-9.74422
0.00727	-0.22466	-0.97441	-2.24662
0.00000	0.00000	0.00000	1.00000

boidNo = 11
boid Wall No = 1
position = = (0.8, 9.6, -2.5)
Boid Radius= 10
Boid Frame=
 -0.98926	0.07932	-0.12276	0.79319
0.04525	0.96488	0.25878	9.64877
-0.13897	-0.25044	0.95810	-2.50443
0.00000	0.00000	0.00000	1.00000

boidNo = 12
boid Wall No = 0
position = = (6.8, -7.2, -1.0)
Boid Radius= 10
Boid Frame=
 -0.28126	0.68245	0.67465	6.82449
-0.13194	-0.72386	0.67722	-7.23857
-0.95052	-0.10146	-0.29363	-1.01461
0.00000	0.00000	0.00000	1.00000

boidNo = 13
boid Wall No = 1
position = = (0.2, 8.4, -5.4)
Boid Radius= 10
Boid Frame=
 -0.95190	0.02167	-0.30563	0.21674
-0.14904	0.83878	0.52367	8.38782
-0.26771	-0.54404	0.79521	-5.44035
0.00000	0.00000	0.00000	1.00000

boidNo = 14
boid Wall No = 1
position = = (0.5, 5.0, -8.6)
Boid Radius= 10
Boid Frame=
 -0.78934	0.04721	-0.61214	0.47207
-0.51076	0.50277	0.69739	5.02767
-0.34069	-0.86313	0.37274	-8.63132
0.00000	0.00000	0.00000	1.00000

boidNo = 15
boid Wall No = 1
position = = (-3.2, 7.4, -5.9)
Boid Radius= 10
Boid Frame=
 -0.93391	-0.32282	-0.15362	-3.22824
-0.35043	0.74153	0.57212	7.41533
0.07078	-0.58814	0.80565	-5.88144
0.00000	0.00000	0.00000	1.00000

boidNo = 16
boid Wall No = 0
position = = (2.6, -9.6, -0.9)
Boid Radius= 10
Boid Frame=
 -0.49698	0.26128	0.82749	2.61275
-0.05487	-0.96115	0.27052	-9.61149
-0.86603	-0.08904	-0.49201	-0.89037
0.00000	0.00000	0.00000	1.00000

boidNo = 17
boid Wall No = 0
position = = (-0.8, -9.9, 0.9)
Boid Radius= 10
Boid Frame=
 0.86971	-0.07590	-0.48770	-0.75905
-0.02253	-0.99318	0.11440	-9.93179
0.49306	0.08850	0.86548	0.88505
0.00000	0.00000	0.00000	1.00000

boidNo = 18
boid Wall No = 1
position = = (2.3, 6.0, 7.6)
Boid Radius= 10
Boid Frame=
 0.86974	0.22965	0.43683	2.29647
-0.47928	0.60412	0.63666	6.04117
0.11769	0.76309	-0.63549	7.63089
0.00000	0.00000	0.00000	1.00000

boidNo = 19
boid Wall No = 1
position = = (-1.5, 7.3, 6.7)
Boid Radius= 10
Boid Frame=
 0.77869	-0.14588	0.61022	-1.45877
-0.32993	0.73205	0.59603	7.32049
0.53365	0.66545	-0.52191	6.65451
0.00000	0.00000	0.00000	1.00000

