Iteration Num of Simuation:0
m_SimulationDeltaT of action plan:0
boidNo = 0
boid Wall No = 1
position = = (7.1, 1.0, -6.9)
Boid Radius= 10
Boid Frame=
 -0.46141	0.71421	-0.52630	7.14214
-0.67495	0.10242	0.73072	1.02423
-0.57580	-0.69239	-0.43480	-6.92392
0.00000	0.00000	0.00000	1.00000

boidNo = 1
boid Wall No = 1
position = = (5.3, 5.9, 6.1)
Boid Radius= 10
Boid Frame=
 0.84538	0.53233	0.04424	5.32329
-0.40657	0.58752	0.69966	5.87521
-0.34646	0.60946	-0.71311	6.09463
0.00000	0.00000	0.00000	1.00000

boidNo = 2
boid Wall No = 1
position = = (0.2, 8.8, -4.8)
Boid Radius= 9.999999
Boid Frame=
 -0.98755	0.01731	-0.15635	0.17312
-0.05962	0.87859	0.47384	8.78590
-0.14557	-0.47726	0.86662	-4.77263
0.00000	0.00000	0.00000	1.00000

boidNo = 3
boid Wall No = 1
position = = (3.5, 8.2, -4.5)
Boid Radius= 10
Boid Frame=
 -0.45710	0.34891	-0.81812	3.48911
-0.27196	0.82096	0.50207	8.20956
-0.84682	-0.45199	0.28037	-4.51987
0.00000	0.00000	0.00000	1.00000

boidNo = 4
boid Wall No = 0
position = = (-2.8, -4.1, 8.7)
Boid Radius= 10
Boid Frame=
 0.80307	-0.28059	0.52569	-2.80593
-0.59547	-0.41095	0.69032	-4.10948
-0.02233	0.86740	0.49710	8.67404
0.00000	0.00000	0.00000	1.00000

boidNo = 5
boid Wall No = 1
position = = (5.6, 7.4, 3.8)
Boid Radius= 10
Boid Frame=
 0.82694	0.55823	-0.06743	5.58229
-0.45538	0.73523	0.50206	7.35231
-0.32985	0.38447	-0.86220	3.84468
0.00000	0.00000	0.00000	1.00000

boidNo = 6
boid Wall No = 1
position = = (1.1, 9.6, -2.6)
Boid Radius= 10
Boid Frame=
 -0.19813	0.10722	-0.97429	1.07224
-0.23742	0.95915	0.15384	9.59149
-0.95099	-0.26179	0.16458	-2.61794
0.00000	0.00000	0.00000	1.00000

boidNo = 7
boid Wall No = 0
position = = (3.4, -8.5, -4.0)
Boid Radius= 9.999999
Boid Frame=
 -0.71664	0.34500	0.60613	3.45000
0.03531	-0.85002	0.52557	-8.50020
-0.69655	-0.39805	-0.59698	-3.98047
0.00000	0.00000	0.00000	1.00000

boidNo = 8
boid Wall No = 0
position = = (-0.3, -9.9, -1.5)
Boid Radius= 10
Boid Frame=
 -0.94667	-0.02813	-0.32097	-0.28125
-0.02259	-0.98794	0.15320	-9.87938
0.32141	-0.15228	-0.93462	-1.52278
0.00000	0.00000	0.00000	1.00000

boidNo = 9
boid Wall No = 0
position = = (4.0, -2.2, -8.9)
Boid Radius= 10
Boid Frame=
 -0.80680	0.39560	-0.43883	3.95600
-0.54767	-0.22215	0.80666	-2.22150
-0.22163	-0.89115	-0.39589	-8.91151
0.00000	0.00000	0.00000	1.00000

boidNo = 10
boid Wall No = 1
position = = (0.7, 6.6, 7.5)
Boid Radius= 10
Boid Frame=
 0.85059	0.06824	0.52139	0.68244
-0.43234	0.65515	0.61956	6.55151
0.29931	0.75241	-0.58677	7.52409
0.00000	0.00000	0.00000	1.00000

boidNo = 11
boid Wall No = 1
position = = (-0.1, 9.9, 1.3)
Boid Radius= 10
Boid Frame=
 0.67676	-0.00841	0.73616	-0.08413
-0.09226	0.99108	0.09614	9.91083
0.73040	0.13298	-0.66995	1.32982
0.00000	0.00000	0.00000	1.00000

boidNo = 12
boid Wall No = 1
position = = (-0.8, 10.0, 0.2)
Boid Radius= 10
Boid Frame=
 0.74335	-0.08354	0.66367	-0.83540
0.04742	0.99626	0.07229	9.96256
0.66723	0.02227	-0.74452	0.22271
0.00000	0.00000	0.00000	1.00000

boidNo = 13
boid Wall No = 1
position = = (-0.2, 8.3, 5.6)
Boid Radius= 10
Boid Frame=
 0.88780	-0.02229	0.45969	-0.22287
-0.24245	0.82635	0.50829	8.26351
0.39120	0.56271	-0.72823	5.62714
0.00000	0.00000	0.00000	1.00000

boidNo = 14
boid Wall No = 0
position = = (-1.5, -8.1, -5.7)
Boid Radius= 10
Boid Frame=
 -0.94028	-0.15361	-0.30377	-1.53613
-0.05806	-0.80694	0.58777	-8.06941
0.33542	-0.57031	-0.74983	-5.70306
0.00000	0.00000	0.00000	1.00000

boidNo = 15
boid Wall No = 0
position = = (-0.1, -9.5, -3.1)
Boid Radius= 9.999999
Boid Frame=
 -0.99438	-0.01284	-0.10510	-0.12842
-0.02021	-0.95135	0.30744	-9.51352
0.10394	-0.30784	-0.94574	-3.07837
0.00000	0.00000	0.00000	1.00000

boidNo = 16
boid Wall No = 0
position = = (0.1, -10.0, -0.3)
Boid Radius= 10
Boid Frame=
 -0.84309	0.01180	0.53765	0.11805
0.00698	-0.99943	0.03289	-9.99435
-0.53773	-0.03149	-0.84253	-0.31487
0.00000	0.00000	0.00000	1.00000

boidNo = 17
boid Wall No = 0
position = = (-4.3, -4.8, -7.6)
Boid Radius= 10
Boid Frame=
 -0.46781	-0.43396	-0.76996	-4.33959
-0.60102	-0.48254	0.63713	-4.82540
0.64802	-0.76081	0.03508	-7.60812
0.00000	0.00000	0.00000	1.00000

boidNo = 18
boid Wall No = 0
position = = (-5.3, -3.3, 7.8)
Boid Radius= 10
Boid Frame=
 0.69872	-0.53318	0.47697	-5.33184
-0.69192	-0.33429	0.63991	-3.34294
0.18174	0.77715	0.60250	7.77150
0.00000	0.00000	0.00000	1.00000

boidNo = 19
boid Wall No = 0
position = = (-5.7, -7.8, -2.6)
Boid Radius= 10
Boid Frame=
 -0.34523	-0.56846	-0.74677	-5.68463
-0.06151	-0.78028	0.62240	-7.80277
0.93650	-0.26080	-0.23441	-2.60802
0.00000	0.00000	0.00000	1.00000

