Iteration Num of Simuation:0
m_SimulationDeltaT of action plan:0
boidNo = 0
boid Wall No = 0
position = = (-5.5, -8.4, -0.6)
Boid Radius= 10
Boid Frame=
 -0.02991	-0.54565	-0.83748	-5.45648
-0.05720	-0.83555	0.54643	-8.35549
0.99791	-0.06424	0.00622	-0.64244
0.00000	0.00000	0.00000	1.00000

boidNo = 1
boid Wall No = 0
position = = (-2.5, -8.9, -3.8)
Boid Radius= 10
Boid Frame=
 -0.77147	-0.24886	-0.58558	-2.48858
-0.05231	-0.89242	0.44817	-8.92417
0.63411	-0.37638	-0.67545	-3.76380
0.00000	0.00000	0.00000	1.00000

boidNo = 2
boid Wall No = 0
position = = (-6.1, -3.6, -7.1)
Boid Radius= 10
Boid Frame=
 -0.53235	-0.60867	-0.58832	-6.08673
-0.47696	-0.35851	0.80248	-3.58505
0.69937	-0.70781	0.09946	-7.07807
0.00000	0.00000	0.00000	1.00000

boidNo = 3
boid Wall No = 0
position = = (1.9, -9.5, 2.4)
Boid Radius= 10
Boid Frame=
 0.60074	0.19109	0.77627	1.91085
-0.07611	-0.95293	0.29347	-9.52933
-0.79581	0.23538	0.55792	2.35381
0.00000	0.00000	0.00000	1.00000

boidNo = 4
boid Wall No = 0
position = = (-1.8, -9.8, 0.0)
Boid Radius= 10
Boid Frame=
 -0.05504	-0.17754	-0.98257	-1.77538
0.00689	-0.98411	0.17743	-9.84109
0.99846	-0.00299	-0.05539	-0.02994
0.00000	0.00000	0.00000	1.00000

boidNo = 5
boid Wall No = 1
position = = (6.1, 3.0, -7.3)
Boid Radius= 10
Boid Frame=
 -0.49209	0.61371	-0.61742	6.13714
-0.57448	0.30396	0.75999	3.03956
-0.65409	-0.72867	-0.20299	-7.28675
0.00000	0.00000	0.00000	1.00000

boidNo = 6
boid Wall No = 0
position = = (1.2, -8.1, 5.8)
Boid Radius= 10
Boid Frame=
 0.97629	0.12087	0.17955	1.20874
-0.00935	-0.80521	0.59292	-8.05208
-0.21625	0.58054	0.78499	5.80542
0.00000	0.00000	0.00000	1.00000

boidNo = 7
boid Wall No = 0
position = = (-0.6, -9.2, 3.9)
Boid Radius= 10
Boid Frame=
 0.88320	-0.06052	-0.46507	-0.60517
0.13229	-0.91922	0.37084	-9.19225
0.44995	0.38906	0.80385	3.89055
0.00000	0.00000	0.00000	1.00000

boidNo = 8
boid Wall No = 0
position = = (-3.6, -8.9, -2.8)
Boid Radius= 10
Boid Frame=
 -0.63721	-0.35966	-0.68162	-3.59661
0.01531	-0.89016	0.45538	-8.90164
0.77054	-0.27974	-0.57273	-2.79737
0.00000	0.00000	0.00000	1.00000

boidNo = 9
boid Wall No = 0
position = = (1.0, -9.9, 0.3)
Boid Radius= 10
Boid Frame=
 0.29045	0.10496	0.95112	1.04964
0.00234	-0.99404	0.10899	-9.94041
-0.95689	0.02942	0.28896	0.29424
0.00000	0.00000	0.00000	1.00000

boidNo = 10
boid Wall No = 1
position = = (-4.2, 9.1, -0.3)
Boid Radius= 10
Boid Frame=
 -0.10007	-0.42144	0.90132	-4.21438
-0.01839	0.90649	0.42182	9.06495
0.99481	-0.02564	0.09847	-0.25640
0.00000	0.00000	0.00000	1.00000

boidNo = 11
boid Wall No = 0
position = = (4.3, -4.9, -7.6)
Boid Radius= 10
Boid Frame=
 -0.85502	0.42995	-0.28996	4.29952
-0.48972	-0.48546	0.72423	-4.85459
-0.17062	-0.76123	-0.62563	-7.61230
0.00000	0.00000	0.00000	1.00000

boidNo = 12
boid Wall No = 0
position = = (-2.0, -9.8, -0.4)
Boid Radius= 10
Boid Frame=
 -0.05115	-0.20020	-0.97842	-2.00198
-0.03143	-0.97889	0.20194	-9.78894
0.99820	-0.04108	-0.04378	-0.41082
0.00000	0.00000	0.00000	1.00000

boidNo = 13
boid Wall No = 0
position = = (-6.9, -2.8, -6.7)
Boid Radius= 10
Boid Frame=
 -0.48056	-0.68876	-0.54283	-6.88763
-0.51425	-0.28006	0.81062	-2.80065
0.71035	-0.66871	0.21961	-6.68707
0.00000	0.00000	0.00000	1.00000

boidNo = 14
boid Wall No = 0
position = = (8.4, -5.2, 1.5)
Boid Radius= 9.999999
Boid Frame=
 -0.09637	0.84360	0.52826	8.43595
-0.41626	-0.51625	0.74847	-5.16249
-0.90412	0.14776	-0.40091	1.47763
0.00000	0.00000	0.00000	1.00000

boidNo = 15
boid Wall No = 1
position = = (-2.6, 9.5, -1.6)
Boid Radius= 10
Boid Frame=
 -0.65108	-0.25672	0.71428	-2.56717
-0.04501	0.95247	0.30130	9.52468
0.75768	-0.16402	0.63168	-1.64018
0.00000	0.00000	0.00000	1.00000

boidNo = 16
boid Wall No = 1
position = = (-4.4, 7.3, 5.2)
Boid Radius= 10
Boid Frame=
 0.43533	-0.43925	0.78584	-4.39252
-0.32917	0.73479	0.59307	7.34792
0.83793	0.51685	-0.17529	5.16855
0.00000	0.00000	0.00000	1.00000

boidNo = 17
boid Wall No = 0
position = = (9.9, -1.5, 0.5)
Boid Radius= 10
Boid Frame=
 -0.13733	0.98694	0.08425	9.86936
-0.95698	-0.15415	0.24583	-1.54147
-0.25560	0.04687	-0.96565	0.46866
0.00000	0.00000	0.00000	1.00000

boidNo = 18
boid Wall No = 0
position = = (-7.5, -1.1, 6.5)
Boid Radius= 9.999999
Boid Frame=
 0.50000	-0.75059	0.43199	-7.50592
-0.74229	-0.11449	0.66022	-1.14492
0.44610	0.65077	0.61440	6.50771
0.00000	0.00000	0.00000	1.00000

boidNo = 19
boid Wall No = 0
position = = (-2.0, -9.3, -3.1)
Boid Radius= 10
Boid Frame=
 -0.89146	-0.19577	-0.40863	-1.95768
0.03495	-0.92886	0.36877	-9.28864
0.45175	-0.31446	-0.83488	-3.14462
0.00000	0.00000	0.00000	1.00000

