Iteration Num of Simuation:0
m_SimulationDeltaT of action plan:0
boidNo = 0
boid Wall No = 1
position = = (-2.8, 3.0, 9.1)
Boid Radius= 9.999999
Boid Frame=
 0.51256	-0.27927	0.81197	-2.79268
-0.75588	0.30185	0.58097	3.01852
0.40734	0.91153	0.05638	9.11534
0.00000	0.00000	0.00000	1.00000

boidNo = 1
boid Wall No = 0
position = = (4.1, -9.1, -0.8)
Boid Radius= 10
Boid Frame=
 0.27463	0.40893	0.87026	4.08931
0.20105	-0.90948	0.36391	-9.09476
-0.94030	-0.07502	0.33198	-0.75022
0.00000	0.00000	0.00000	1.00000

boidNo = 2
boid Wall No = 0
position = = (-3.0, -9.3, 2.1)
Boid Radius= 10
Boid Frame=
 -0.09044	-0.29791	-0.95030	-2.97914
0.25109	-0.93020	0.26772	-9.30204
0.96373	0.21440	-0.15894	2.14400
0.00000	0.00000	0.00000	1.00000

boidNo = 3
boid Wall No = 0
position = = (-2.1, -5.0, -8.4)
Boid Radius= 10
Boid Frame=
 -0.80968	-0.21421	-0.54638	-2.14213
-0.39155	-0.49632	0.77482	-4.96325
0.43716	-0.84129	-0.31799	-8.41294
0.00000	0.00000	0.00000	1.00000

boidNo = 4
boid Wall No = 1
position = = (-3.1, 4.1, 8.6)
Boid Radius= 10
Boid Frame=
 0.68521	-0.30605	0.66093	-3.06048
-0.53339	0.40707	0.74148	4.07069
0.49597	0.86060	-0.11569	8.60598
0.00000	0.00000	0.00000	1.00000

boidNo = 5
boid Wall No = 1
position = = (2.9, 9.6, 0.4)
Boid Radius= 10
Boid Frame=
 0.15927	0.29283	-0.94280	2.92833
-0.00903	0.95539	0.29522	9.55388
-0.98719	0.03851	-0.15481	0.38509
0.00000	0.00000	0.00000	1.00000

boidNo = 6
boid Wall No = 0
position = = (1.9, -6.7, -7.1)
Boid Radius= 10
Boid Frame=
 0.04487	0.19206	-0.98036	1.92062
-0.72034	-0.67372	-0.16496	-6.73724
0.69217	-0.71359	-0.10812	-7.13589
0.00000	0.00000	0.00000	1.00000

boidNo = 7
boid Wall No = 0
position = = (6.8, -7.3, 0.7)
Boid Radius= 10
Boid Frame=
 -0.05937	0.68165	0.72927	6.81650
-0.14964	-0.72838	0.66864	-7.28377
-0.98696	0.06943	-0.14525	0.69431
0.00000	0.00000	0.00000	1.00000

boidNo = 8
boid Wall No = 0
position = = (-9.8, -0.5, 2.0)
Boid Radius= 10
Boid Frame=
 0.00962	-0.97812	0.20780	-9.78124
-0.97709	-0.05337	-0.20601	-0.53372
-0.21259	0.20106	0.95623	2.01061
0.00000	0.00000	0.00000	1.00000

boidNo = 9
boid Wall No = 1
position = = (-1.5, 8.5, -5.1)
Boid Radius= 10
Boid Frame=
 -0.98818	-0.14696	-0.04371	-1.46955
-0.14870	0.84928	0.50657	8.49277
0.03732	-0.50708	0.86109	-5.07082
0.00000	0.00000	0.00000	1.00000

