Iteration Num of Simuation:0
m_SimulationDeltaT of action plan:0
boidNo = 0
boid Wall No = 0
position = = (3.4, -9.3, -1.6)
Boid Radius= 10
Boid Frame=
 0.07215	0.33996	0.93767	3.39957
0.19336	-0.92705	0.32123	-9.27051
-0.97847	-0.15813	0.13262	-1.58132
0.00000	0.00000	0.00000	1.00000

boidNo = 1
boid Wall No = 0
position = = (1.4, -5.9, -7.9)
Boid Radius= 10
Boid Frame=
 -0.93313	0.14362	-0.32961	1.43620
-0.34793	-0.59174	0.72718	-5.91741
0.09060	-0.79323	-0.60214	-7.93232
0.00000	0.00000	0.00000	1.00000

boidNo = 2
boid Wall No = 1
position = = (5.8, 8.1, -1.1)
Boid Radius= 10
Boid Frame=
 0.20882	0.57635	-0.79007	5.76351
-0.27883	0.80944	0.51678	8.09438
-0.93736	-0.11238	-0.32973	-1.12383
0.00000	0.00000	0.00000	1.00000

boidNo = 3
boid Wall No = 0
position = = (6.9, -7.2, -0.5)
Boid Radius= 10
Boid Frame=
 -0.23353	0.69240	0.68268	6.92401
-0.15668	-0.71971	0.67637	-7.19709
-0.95964	-0.05099	-0.27656	-0.50990
0.00000	0.00000	0.00000	1.00000

boidNo = 4
boid Wall No = 1
position = = (2.3, 5.2, 8.2)
Boid Radius= 10
Boid Frame=
 0.81123	0.22833	0.53831	2.28333
-0.56828	0.52468	0.63385	5.24679
0.13771	0.82011	-0.55539	8.20108
0.00000	0.00000	0.00000	1.00000

boidNo = 5
boid Wall No = 1
position = = (-5.9, 4.9, 6.5)
Boid Radius= 10
Boid Frame=
 0.37502	-0.58524	0.71892	-5.85242
-0.54687	0.48653	0.68134	4.86533
0.74853	0.64867	0.13759	6.48674
0.00000	0.00000	0.00000	1.00000

boidNo = 6
boid Wall No = 1
position = = (-1.0, 7.0, -7.1)
Boid Radius= 10
Boid Frame=
 -0.91807	-0.09899	-0.38386	-0.98986
-0.33875	0.69883	0.62999	6.98827
-0.20589	-0.70841	0.67511	-7.08409
0.00000	0.00000	0.00000	1.00000

boidNo = 7
boid Wall No = 1
position = = (0.3, 9.8, -2.2)
Boid Radius= 10
Boid Frame=
 -0.58144	0.02641	-0.81316	0.26410
-0.16200	0.97570	0.14753	9.75701
-0.79730	-0.21751	0.56303	-2.17509
0.00000	0.00000	0.00000	1.00000

boidNo = 8
boid Wall No = 0
position = = (-3.7, -1.8, 9.1)
Boid Radius= 10
Boid Frame=
 0.78794	-0.37425	0.48897	-3.74253
-0.57856	-0.17817	0.79594	-1.78170
0.21076	0.91005	0.35692	9.10050
0.00000	0.00000	0.00000	1.00000

boidNo = 9
boid Wall No = 1
position = = (-0.4, 9.9, -1.2)
Boid Radius= 10
Boid Frame=
 -0.86757	-0.03500	-0.49609	-0.35001
-0.08904	0.99233	0.08571	9.92333
-0.48928	-0.11853	0.86403	-1.18534
0.00000	0.00000	0.00000	1.00000

boidNo = 10
boid Wall No = 1
position = = (0.6, 9.9, 0.8)
Boid Radius= 10
Boid Frame=
 0.98492	0.06302	-0.16112	0.63025
-0.04892	0.99473	0.09006	9.94734
-0.16594	0.08082	-0.98282	0.80822
0.00000	0.00000	0.00000	1.00000

boidNo = 11
boid Wall No = 0
position = = (0.5, -7.2, -6.9)
Boid Radius= 10
Boid Frame=
 -0.95579	0.04868	-0.28999	0.48680
-0.23424	-0.72220	0.65081	-7.22204
0.17775	-0.68996	-0.70168	-6.89965
0.00000	0.00000	0.00000	1.00000

boidNo = 12
boid Wall No = 0
position = = (-4.8, -2.5, 8.4)
Boid Radius= 10
Boid Frame=
 0.70158	-0.47747	0.52897	-4.77473
-0.68563	-0.25002	0.68367	-2.50016
0.19418	0.84233	0.50277	8.42325
0.00000	0.00000	0.00000	1.00000

boidNo = 13
boid Wall No = 0
position = = (7.5, -5.8, 3.3)
Boid Radius= 10
Boid Frame=
 0.07767	0.74887	0.65815	7.48871
-0.41530	-0.57584	0.70423	-5.75837
-0.90636	0.32803	-0.26628	3.28031
0.00000	0.00000	0.00000	1.00000

boidNo = 14
boid Wall No = 0
position = = (-0.3, -10.0, -0.9)
Boid Radius= 10
Boid Frame=
 -0.94799	-0.03045	-0.31685	-0.30455
0.00027	-0.99549	0.09488	-9.95489
0.31831	-0.08986	-0.94372	-0.89859
0.00000	0.00000	0.00000	1.00000

boidNo = 15
boid Wall No = 1
position = = (7.2, 6.5, -2.5)
Boid Radius= 10
Boid Frame=
 -0.00639	0.71950	-0.69447	7.19497
-0.35242	0.64830	0.67491	6.48302
-0.93582	-0.24906	-0.24942	-2.49057
0.00000	0.00000	0.00000	1.00000

boidNo = 16
boid Wall No = 0
position = = (6.3, -4.8, 6.1)
Boid Radius= 10
Boid Frame=
 0.23475	0.63045	0.73988	6.30446
-0.63165	-0.47962	0.60909	-4.79615
-0.73886	0.61033	-0.28563	6.10334
0.00000	0.00000	0.00000	1.00000

boidNo = 17
boid Wall No = 1
position = = (-3.7, 1.3, 9.2)
Boid Radius= 10
Boid Frame=
 0.54954	-0.36925	0.74944	-3.69246
-0.76946	0.12578	0.62619	1.25780
0.32548	0.92078	0.21500	9.20780
0.00000	0.00000	0.00000	1.00000

boidNo = 18
boid Wall No = 0
position = = (4.2, -2.0, -8.9)
Boid Radius= 10
Boid Frame=
 -0.29906	0.41645	-0.85857	4.16448
-0.95164	-0.19649	0.23617	-1.96492
0.07035	-0.88767	-0.45507	-8.87672
0.00000	0.00000	0.00000	1.00000

boidNo = 19
boid Wall No = 1
position = = (-6.9, 6.9, -2.4)
Boid Radius= 10
Boid Frame=
 -0.66469	-0.68504	0.29818	-6.85035
-0.45945	0.68951	0.55990	6.89510
0.58914	-0.23516	0.77305	-2.35164
0.00000	0.00000	0.00000	1.00000

boidNo = 20
boid Wall No = 1
position = = (-3.8, 5.1, -7.7)
Boid Radius= 10
Boid Frame=
 -0.86700	-0.38185	-0.32016	-3.81852
-0.48701	0.51327	0.70666	5.13271
0.10551	-0.76860	0.63097	-7.68598
0.00000	0.00000	0.00000	1.00000

boidNo = 21
boid Wall No = 0
position = = (3.7, -9.2, 1.0)
Boid Radius= 10
Boid Frame=
 -0.45152	0.36912	0.81233	3.69116
-0.27634	-0.92351	0.26603	-9.23505
-0.84839	0.10436	-0.51898	1.04364
0.00000	0.00000	0.00000	1.00000

boidNo = 22
boid Wall No = 1
position = = (-7.5, 6.6, -1.1)
Boid Radius= 10
Boid Frame=
 -0.47209	-0.74574	0.47011	-7.45735
-0.40166	0.65667	0.63832	6.56672
0.78473	-0.11252	0.60954	-1.12521
0.00000	0.00000	0.00000	1.00000

boidNo = 23
boid Wall No = 0
position = = (7.9, -1.0, -6.1)
Boid Radius= 10
Boid Frame=
 -0.49374	0.78639	-0.37123	7.86390
-0.69227	-0.09708	0.71508	-0.97079
-0.52630	-0.61005	-0.59232	-6.10054
0.00000	0.00000	0.00000	1.00000

boidNo = 24
boid Wall No = 1
position = = (0.9, 9.0, -4.3)
Boid Radius= 9.999999
Boid Frame=
 -0.89929	0.09321	-0.42730	0.93205
-0.11012	0.89729	0.42748	8.97291
-0.42326	-0.43149	0.79666	-4.31487
0.00000	0.00000	0.00000	1.00000

boidNo = 25
boid Wall No = 1
position = = (1.3, 6.2, -7.7)
Boid Radius= 10
Boid Frame=
 -0.78130	0.13034	-0.61039	1.30338
-0.41419	0.62331	0.66327	6.23314
-0.46691	-0.77103	0.43301	-7.71033
0.00000	0.00000	0.00000	1.00000

boidNo = 26
boid Wall No = 1
position = = (-2.3, 9.1, 3.5)
Boid Radius= 9.999999
Boid Frame=
 0.81163	-0.23460	0.53499	-2.34603
-0.01646	0.90627	0.42239	9.06265
0.58394	0.35163	-0.73169	3.51632
0.00000	0.00000	0.00000	1.00000

boidNo = 27
boid Wall No = 1
position = = (1.9, 9.7, 1.5)
Boid Radius= 10
Boid Frame=
 0.93289	0.19410	-0.30337	1.94100
-0.13615	0.96990	0.20189	9.69899
-0.33343	0.14704	-0.93124	1.47040
0.00000	0.00000	0.00000	1.00000

boidNo = 28
boid Wall No = 1
position = = (1.2, 5.8, 8.1)
Boid Radius= 10
Boid Frame=
 0.62091	0.11611	0.77524	1.16113
-0.67755	0.57683	0.45627	5.76831
0.39420	0.80857	-0.43683	8.08569
0.00000	0.00000	0.00000	1.00000

boidNo = 29
boid Wall No = 0
position = = (0.5, -10.0, 0.4)
Boid Radius= 10
Boid Frame=
 0.57848	0.04633	0.81438	0.46325
-0.00408	-0.99821	0.05968	-9.98209
-0.81568	0.03785	0.57726	0.37852
0.00000	0.00000	0.00000	1.00000

