Iteration Num of Simuation:0
m_SimulationDeltaT of action plan:0
boidNo = 0
boid Wall No = 1
position = = (-1.1, 9.9, 0.1)
Boid Radius= 9.999999
Boid Frame=
 0.53962	-0.11182	0.83445	-1.11821
0.04864	0.99363	0.10170	9.93626
0.84050	0.01429	-0.54162	0.14290
0.00000	0.00000	0.00000	1.00000

boidNo = 1
boid Wall No = 0
position = = (-5.0, -1.1, -8.6)
Boid Radius= 10
Boid Frame=
 0.12173	-0.50351	-0.85537	-5.03512
-0.99129	-0.10531	-0.07908	-1.05311
0.05026	-0.85755	0.51195	-8.57546
0.00000	0.00000	0.00000	1.00000

boidNo = 2
boid Wall No = 0
position = = (-2.8, -8.6, -4.3)
Boid Radius= 10
Boid Frame=
 -0.87817	-0.28333	-0.38541	-2.83325
0.05401	-0.85929	0.50862	-8.59293
0.47529	-0.42584	-0.76991	-4.25842
0.00000	0.00000	0.00000	1.00000

boidNo = 3
boid Wall No = 0
position = = (0.4, -7.4, -6.7)
Boid Radius= 10
Boid Frame=
 -0.99111	0.03745	-0.12768	0.37451
-0.11331	-0.74054	0.66239	-7.40539
0.06974	-0.67097	-0.73820	-6.70969
0.00000	0.00000	0.00000	1.00000

boidNo = 4
boid Wall No = 1
position = = (-5.3, 8.4, -0.9)
Boid Radius= 10
Boid Frame=
 -0.35161	-0.52711	0.77365	-5.27107
-0.11671	0.84465	0.52244	8.44651
0.92884	-0.09340	0.35851	-0.93397
0.00000	0.00000	0.00000	1.00000

boidNo = 5
boid Wall No = 0
position = = (7.3, -6.7, -1.3)
Boid Radius= 10
Boid Frame=
 -0.50676	0.73076	0.45737	7.30760
-0.40336	-0.66987	0.62336	-6.69866
-0.76190	-0.13141	-0.63422	-1.31413
0.00000	0.00000	0.00000	1.00000

boidNo = 6
boid Wall No = 0
position = = (7.6, -6.2, 2.0)
Boid Radius= 10
Boid Frame=
 0.01386	0.75911	0.65081	7.59110
-0.29323	-0.61917	0.72845	-6.19174
-0.95594	0.20093	-0.21402	2.00935
0.00000	0.00000	0.00000	1.00000

boidNo = 7
boid Wall No = 0
position = = (0.1, -10.0, 0.7)
Boid Radius= 10
Boid Frame=
 0.93294	0.01103	0.35987	0.11030
-0.01544	-0.99738	0.07060	-9.97385
-0.35971	0.07143	0.93033	0.71426
0.00000	0.00000	0.00000	1.00000

boidNo = 8
boid Wall No = 0
position = = (0.4, -10.0, -0.4)
Boid Radius= 10
Boid Frame=
 -0.77074	0.03564	0.63615	0.35638
-0.00373	-0.99867	0.05143	-9.98670
-0.63713	-0.03727	-0.76985	-0.37269
0.00000	0.00000	0.00000	1.00000

boidNo = 9
boid Wall No = 1
position = = (-8.7, 0.7, -4.9)
Boid Radius= 10
Boid Frame=
 -0.41212	-0.87167	-0.26521	-8.71673
-0.63601	0.06680	0.76878	0.66795
0.65241	-0.48551	0.58192	-4.85514
0.00000	0.00000	0.00000	1.00000

boidNo = 10
boid Wall No = 1
position = = (-4.7, 8.6, -2.2)
Boid Radius= 10
Boid Frame=
 -0.78888	-0.46598	0.40068	-4.65975
-0.29102	0.85750	0.42427	8.57499
0.54128	-0.21809	0.81207	-2.18087
0.00000	0.00000	0.00000	1.00000

boidNo = 11
boid Wall No = 0
position = = (4.0, -5.2, -7.6)
Boid Radius= 10
Boid Frame=
 -0.88614	0.39608	-0.24060	3.96075
-0.43194	-0.51780	0.73845	-5.17804
-0.16790	-0.75829	-0.62993	-7.58290
0.00000	0.00000	0.00000	1.00000

boidNo = 12
boid Wall No = 1
position = = (6.4, 1.2, 7.6)
Boid Radius= 10
Boid Frame=
 0.61894	0.64019	0.45505	6.40188
-0.66708	0.12261	0.73483	1.22610
-0.41463	0.75837	-0.50294	7.58371
0.00000	0.00000	0.00000	1.00000

boidNo = 13
boid Wall No = 1
position = = (2.7, 9.4, -2.3)
Boid Radius= 10
Boid Frame=
 -0.47664	0.26812	-0.83722	2.68117
-0.07702	0.93596	0.34359	9.35956
-0.87572	-0.22825	0.42546	-2.28253
0.00000	0.00000	0.00000	1.00000

boidNo = 14
boid Wall No = 1
position = = (-6.1, 4.9, 6.2)
Boid Radius= 10
Boid Frame=
 0.18335	-0.61038	0.77060	-6.10380
-0.67408	0.49251	0.55050	4.92509
0.71554	0.62038	0.32115	6.20380
0.00000	0.00000	0.00000	1.00000

boidNo = 15
boid Wall No = 0
position = = (9.2, -3.9, 0.4)
Boid Radius= 10
Boid Frame=
 -0.32461	0.91892	0.22409	9.18917
-0.81465	-0.39201	0.42740	-3.92011
-0.48059	0.04382	-0.87585	0.43817
0.00000	0.00000	0.00000	1.00000

boidNo = 16
boid Wall No = 0
position = = (-2.7, -2.5, 9.3)
Boid Radius= 10
Boid Frame=
 0.83541	-0.26845	0.47960	-2.68453
-0.54082	-0.24601	0.80436	-2.46008
0.09795	0.93135	0.35070	9.31350
0.00000	0.00000	0.00000	1.00000

boidNo = 17
boid Wall No = 0
position = = (-5.9, -1.3, -8.0)
Boid Radius= 10
Boid Frame=
 -0.57015	-0.58933	-0.57238	-5.89335
-0.62948	-0.13432	0.76532	-1.34324
0.52791	-0.79664	0.29439	-7.96644
0.00000	0.00000	0.00000	1.00000

boidNo = 18
boid Wall No = 0
position = = (2.0, -8.9, 4.1)
Boid Radius= 10
Boid Frame=
 0.76658	0.20242	0.60941	2.02417
-0.11343	-0.89141	0.43877	-8.91412
-0.63205	0.40548	0.66038	4.05478
0.00000	0.00000	0.00000	1.00000

boidNo = 19
boid Wall No = 0
position = = (-1.4, -9.4, 3.2)
Boid Radius= 10
Boid Frame=
 0.95661	-0.13904	-0.25606	-1.39035
-0.04377	-0.93741	0.34546	-9.37410
0.28807	0.31927	0.90282	3.19267
0.00000	0.00000	0.00000	1.00000

