Iteration Num of Simuation:0
m_SimulationDeltaT of action plan:0
boidNo = 0
boid Wall No = 0
position = = (1.0, -9.2, 3.9)
Boid Radius= 10
Boid Frame=
 0.83118	0.09526	0.54778	0.95256
-0.14040	-0.91733	0.37256	-9.17326
-0.53798	0.38657	0.74909	3.86574
0.00000	0.00000	0.00000	1.00000

boidNo = 1
boid Wall No = 1
position = = (-1.0, 1.2, 9.9)
Boid Radius= 10
Boid Frame=
 0.76891	-0.10054	0.63140	-1.00538
-0.62057	0.12026	0.77487	1.20265
0.15384	0.98764	-0.03008	9.87638
0.00000	0.00000	0.00000	1.00000

boidNo = 2
boid Wall No = 0
position = = (-1.9, -9.1, 3.6)
Boid Radius= 10
Boid Frame=
 0.83704	-0.18976	-0.51317	-1.89763
0.04214	-0.91278	0.40627	-9.12782
0.54551	0.36169	0.75604	3.61691
0.00000	0.00000	0.00000	1.00000

boidNo = 3
boid Wall No = 1
position = = (0.6, 8.1, 5.9)
Boid Radius= 9.999999
Boid Frame=
 0.94256	0.06132	0.32835	0.61318
-0.24088	0.80579	0.54099	8.05794
0.23141	0.58901	-0.77428	5.89013
0.00000	0.00000	0.00000	1.00000

boidNo = 4
boid Wall No = 1
position = = (-4.1, 9.1, -0.6)
Boid Radius= 10
Boid Frame=
 -0.28342	-0.40937	0.86723	-4.09367
-0.06590	0.91049	0.40825	9.10489
0.95673	-0.05856	0.28503	-0.58556
0.00000	0.00000	0.00000	1.00000

boidNo = 5
boid Wall No = 1
position = = (-7.5, 3.6, 5.5)
Boid Radius= 10
Boid Frame=
 0.30208	-0.75441	0.58277	-7.54406
-0.55083	0.36081	0.75260	3.60806
0.77803	0.54835	0.30656	5.48354
0.00000	0.00000	0.00000	1.00000

boidNo = 6
boid Wall No = 0
position = = (-0.5, -10.0, -0.8)
Boid Radius= 10
Boid Frame=
 -0.81522	-0.04741	-0.57721	-0.47413
-0.00778	-0.99566	0.09277	-9.95657
0.57911	-0.08012	-0.81131	-0.80118
0.00000	0.00000	0.00000	1.00000

boidNo = 7
boid Wall No = 1
position = = (-3.2, 9.3, -1.8)
Boid Radius= 9.999999
Boid Frame=
 -0.86620	-0.31834	0.38517	-3.18344
-0.20973	0.93124	0.29800	9.31239
0.45355	-0.17735	0.87341	-1.77347
0.00000	0.00000	0.00000	1.00000

boidNo = 8
boid Wall No = 0
position = = (-1.7, -9.3, -3.3)
Boid Radius= 10
Boid Frame=
 -0.98449	-0.16765	-0.05177	-1.67645
0.14020	-0.92905	0.34235	-9.29055
0.10549	-0.32978	-0.93815	-3.29776
0.00000	0.00000	0.00000	1.00000

boidNo = 9
boid Wall No = 0
position = = (5.4, -2.4, -8.1)
Boid Radius= 10
Boid Frame=
 -0.76766	0.53851	-0.34743	5.38511
-0.53355	-0.23675	0.81196	-2.36749
-0.35499	-0.80868	-0.46907	-8.08676
0.00000	0.00000	0.00000	1.00000

boidNo = 10
boid Wall No = 1
position = = (6.3, 0.3, 7.8)
Boid Radius= 10
Boid Frame=
 0.54957	0.63127	0.54725	6.31266
-0.72201	0.02931	0.69126	0.29314
-0.42033	0.77501	-0.47189	7.75012
0.00000	0.00000	0.00000	1.00000

boidNo = 11
boid Wall No = 0
position = = (-3.1, -8.4, 4.4)
Boid Radius= 10
Boid Frame=
 0.76768	-0.31417	-0.55853	-3.14172
0.04997	-0.83958	0.54094	-8.39577
0.63888	0.44318	0.62883	4.43178
0.00000	0.00000	0.00000	1.00000

boidNo = 12
boid Wall No = 1
position = = (-0.2, 9.9, -1.2)
Boid Radius= 10
Boid Frame=
 -0.90337	-0.01738	-0.42852	-0.17375
-0.06602	0.99290	0.09892	9.92903
-0.42376	-0.11765	0.89810	-1.17650
0.00000	0.00000	0.00000	1.00000

boidNo = 13
boid Wall No = 0
position = = (-1.5, -0.2, -9.9)
Boid Radius= 10
Boid Frame=
 -0.60896	-0.15122	-0.77865	-1.51219
-0.78617	-0.01533	0.61782	-0.15333
0.10536	-0.98838	0.10955	-9.88382
0.00000	0.00000	0.00000	1.00000

boidNo = 14
boid Wall No = 1
position = = (-9.2, 0.3, -4.0)
Boid Radius= 10
Boid Frame=
 -0.26747	-0.91623	-0.29831	-9.16227
-0.78402	0.02696	0.62015	0.26961
0.56016	-0.39975	0.72555	-3.99751
0.00000	0.00000	0.00000	1.00000

boidNo = 15
boid Wall No = 0
position = = (-5.0, -3.6, 7.9)
Boid Radius= 10
Boid Frame=
 0.58943	-0.50050	0.63409	-5.00501
-0.80778	-0.35739	0.46879	-3.57390
0.00801	0.78852	0.61495	7.88525
0.00000	0.00000	0.00000	1.00000

boidNo = 16
boid Wall No = 0
position = = (6.0, -7.7, -2.2)
Boid Radius= 10
Boid Frame=
 -0.79411	0.59543	0.12190	5.95426
-0.52319	-0.77177	0.36145	-7.71769
-0.30930	-0.22325	-0.92439	-2.23251
0.00000	0.00000	0.00000	1.00000

boidNo = 17
boid Wall No = 1
position = = (4.7, 8.2, -3.2)
Boid Radius= 10
Boid Frame=
 -0.37879	0.46627	-0.79944	4.66271
-0.14214	0.82425	0.54809	8.24254
-0.91450	-0.32124	0.24595	-3.21241
0.00000	0.00000	0.00000	1.00000

boidNo = 18
boid Wall No = 0
position = = (-0.6, -0.5, 10.0)
Boid Radius= 10
Boid Frame=
 0.73185	-0.06198	0.67864	-0.61980
-0.68142	-0.05489	0.72983	-0.54889
0.00798	0.99657	0.08240	9.96567
0.00000	0.00000	0.00000	1.00000

boidNo = 19
boid Wall No = 0
position = = (-9.6, -0.9, 2.7)
Boid Radius= 10
Boid Frame=
 0.25159	-0.96013	0.12184	-9.60134
-0.68575	-0.08801	0.72250	-0.88008
0.68297	0.26532	0.68055	2.65323
0.00000	0.00000	0.00000	1.00000

