Iteration Num of Simuation:0
m_SimulationDeltaT of action plan:0
boidNo = 0
boid Wall No = 1
position = = (-2.1, 9.8, 0.0)
Boid Radius= 9.999999
Boid Frame=
 0.27165	-0.21043	0.93911	-2.10425
0.05884	0.97761	0.20203	9.77610
0.96060	-0.00038	-0.27794	-0.00376
0.00000	0.00000	0.00000	1.00000

boidNo = 1
boid Wall No = 0
position = = (1.6, -9.9, -0.2)
Boid Radius= 10
Boid Frame=
 -0.25779	0.15958	0.95293	1.59583
-0.01947	-0.98692	0.16001	-9.86924
-0.96600	-0.02269	-0.25753	-0.22694
0.00000	0.00000	0.00000	1.00000

boidNo = 2
boid Wall No = 1
position = = (2.3, 9.3, 2.9)
Boid Radius= 10
Boid Frame=
 0.79389	0.23131	-0.56235	2.31310
-0.00855	0.92898	0.37004	9.28978
-0.60800	0.28896	-0.73948	2.88958
0.00000	0.00000	0.00000	1.00000

boidNo = 3
boid Wall No = 1
position = = (-4.5, 8.9, -0.8)
Boid Radius= 10
Boid Frame=
 -0.33342	-0.45188	0.82742	-4.51884
-0.07997	0.88804	0.45276	8.88038
0.93938	-0.08479	0.33223	-0.84794
0.00000	0.00000	0.00000	1.00000

boidNo = 4
boid Wall No = 0
position = = (7.2, -1.1, -6.8)
Boid Radius= 10
Boid Frame=
 -0.59644	0.72438	-0.34573	7.24384
-0.59356	-0.10809	0.79750	-1.08090
-0.54032	-0.68087	-0.49443	-6.80870
0.00000	0.00000	0.00000	1.00000

boidNo = 5
boid Wall No = 0
position = = (-8.5, -5.0, 1.5)
Boid Radius= 10
Boid Frame=
 0.37205	-0.85289	-0.36627	-8.52890
-0.38677	-0.50116	0.77411	-5.01161
0.84379	0.14634	0.51633	1.46343
0.00000	0.00000	0.00000	1.00000

boidNo = 6
boid Wall No = 0
position = = (-5.0, -1.5, -8.5)
Boid Radius= 10
Boid Frame=
 -0.27851	-0.50322	-0.81805	-5.03218
-0.90285	-0.15331	0.40169	-1.53305
0.32755	-0.85045	0.41164	-8.50452
0.00000	0.00000	0.00000	1.00000

boidNo = 7
boid Wall No = 0
position = = (-9.4, -2.2, 2.5)
Boid Radius= 10
Boid Frame=
 0.33025	-0.94338	-0.03122	-9.43378
-0.54096	-0.21627	0.81276	-2.16274
0.77350	0.25152	0.58176	2.51523
0.00000	0.00000	0.00000	1.00000

boidNo = 8
boid Wall No = 0
position = = (-6.4, -0.7, 7.7)
Boid Radius= 10
Boid Frame=
 0.49942	-0.63976	0.58420	-6.39756
-0.79303	-0.06607	0.60559	-0.66074
0.34883	0.76573	0.54034	7.65733
0.00000	0.00000	0.00000	1.00000

boidNo = 9
boid Wall No = 1
position = = (-5.1, 4.3, -7.4)
Boid Radius= 10
Boid Frame=
 -0.80312	-0.51485	-0.29987	-5.14854
-0.54581	0.43392	0.71680	4.33917
0.23893	-0.73935	0.62950	-7.39352
0.00000	0.00000	0.00000	1.00000

boidNo = 10
boid Wall No = 1
position = = (1.1, 9.9, -1.0)
Boid Radius= 10
Boid Frame=
 0.13855	0.11163	-0.98404	1.11626
-0.11183	0.98904	0.09645	9.89036
-0.98402	-0.09668	-0.14951	-0.96680
0.00000	0.00000	0.00000	1.00000

boidNo = 11
boid Wall No = 0
position = = (4.3, -6.1, -6.7)
Boid Radius= 9.999999
Boid Frame=
 -0.90233	0.42949	-0.03663	4.29488
-0.31782	-0.60549	0.72964	-6.05490
-0.29119	-0.67002	-0.68285	-6.70016
0.00000	0.00000	0.00000	1.00000

boidNo = 12
boid Wall No = 1
position = = (-1.0, 9.1, 4.0)
Boid Radius= 9.999999
Boid Frame=
 0.96529	-0.10050	0.24107	-1.00504
-0.00684	0.91296	0.40800	9.12958
0.26109	0.39548	-0.88058	3.95483
0.00000	0.00000	0.00000	1.00000

boidNo = 13
boid Wall No = 1
position = = (9.1, 0.1, 4.1)
Boid Radius= 9.999999
Boid Frame=
 0.30063	0.91291	0.27608	9.12906
-0.68633	0.00608	0.72726	0.06079
-0.66224	0.40813	-0.62838	4.08125
0.00000	0.00000	0.00000	1.00000

boidNo = 14
boid Wall No = 1
position = = (-0.5, 8.7, 4.9)
Boid Radius= 10
Boid Frame=
 0.82754	-0.05254	0.55894	-0.52536
-0.23445	0.87229	0.42911	8.72294
0.51010	0.48615	-0.70954	4.86152
0.00000	0.00000	0.00000	1.00000

boidNo = 15
boid Wall No = 1
position = = (-1.2, 9.8, 1.7)
Boid Radius= 10
Boid Frame=
 0.06887	-0.11580	0.99088	-1.15796
-0.16030	0.97905	0.12556	9.79051
0.98466	0.16748	-0.04887	1.67481
0.00000	0.00000	0.00000	1.00000

boidNo = 16
boid Wall No = 0
position = = (1.1, -1.5, 9.8)
Boid Radius= 10
Boid Frame=
 0.69814	0.10894	0.70762	1.08937
-0.69291	-0.14594	0.70610	-1.45941
-0.18019	0.98328	0.02640	9.83277
0.00000	0.00000	0.00000	1.00000

boidNo = 17
boid Wall No = 0
position = = (7.7, -6.2, 1.7)
Boid Radius= 10
Boid Frame=
 -0.02392	0.76759	0.64049	7.67591
-0.29759	-0.61710	0.72844	-6.17101
-0.95439	0.17318	-0.24319	1.73177
0.00000	0.00000	0.00000	1.00000

boidNo = 18
boid Wall No = 1
position = = (0.6, 10.0, -0.1)
Boid Radius= 10
Boid Frame=
 -0.53269	0.05806	-0.84432	0.58059
0.02419	0.99828	0.05338	9.98281
-0.84597	-0.00801	0.53318	-0.08014
0.00000	0.00000	0.00000	1.00000

boidNo = 19
boid Wall No = 1
position = = (-1.5, 9.7, 2.1)
Boid Radius= 10
Boid Frame=
 -0.01431	-0.15092	0.98844	-1.50924
-0.21720	0.96541	0.14426	9.65409
0.97602	0.21262	0.04660	2.12622
0.00000	0.00000	0.00000	1.00000

