Iteration Num of Simuation:0
m_SimulationDeltaT of action plan:0
boidNo = 0
boid Wall No = 1
position = = (-0.7, 9.5, -2.9)
Boid Radius= 9.999999
Boid Frame=
 -0.93116	-0.06666	0.35847	-0.66658
0.04575	0.95402	0.29624	9.54017
0.36174	-0.29225	0.88529	-2.92248
0.00000	0.00000	0.00000	1.00000

boidNo = 1
boid Wall No = 1
position = = (2.3, 9.2, -3.3)
Boid Radius= 10
Boid Frame=
 -0.46436	0.23263	-0.85455	2.32628
-0.18940	0.91648	0.35241	9.16481
-0.86516	-0.32549	0.38151	-3.25493
0.00000	0.00000	0.00000	1.00000

boidNo = 2
boid Wall No = 1
position = = (0.7, 9.8, 1.8)
Boid Radius= 9.999999
Boid Frame=
 0.99685	0.06747	0.04181	0.67465
-0.07392	0.98096	0.17956	9.80965
0.02890	0.18209	-0.98286	1.82088
0.00000	0.00000	0.00000	1.00000

boidNo = 3
boid Wall No = 1
position = = (-0.7, 9.9, 1.0)
Boid Radius= 10
Boid Frame=
 0.29305	-0.07104	0.95345	-0.71043
-0.07655	0.99229	0.09746	9.92291
0.95303	0.10154	-0.28535	1.01544
0.00000	0.00000	0.00000	1.00000

boidNo = 4
boid Wall No = 1
position = = (-1.7, 9.5, 2.5)
Boid Radius= 10
Boid Frame=
 0.24974	-0.17161	0.95299	-1.71615
-0.20535	0.95240	0.22532	9.52397
0.94629	0.25197	-0.20260	2.51971
0.00000	0.00000	0.00000	1.00000

boidNo = 5
boid Wall No = 1
position = = (-6.6, 6.2, -4.4)
Boid Radius= 10
Boid Frame=
 -0.74790	-0.65697	0.09507	-6.56968
-0.45892	0.61520	0.64103	6.15204
0.47962	-0.43579	0.76161	-4.35794
0.00000	0.00000	0.00000	1.00000

boidNo = 6
boid Wall No = 1
position = = (5.8, 7.0, 4.3)
Boid Radius= 10
Boid Frame=
 0.78411	0.57798	-0.22607	5.77984
-0.32971	0.69656	0.63726	6.96555
-0.52580	0.42514	-0.73674	4.25141
0.00000	0.00000	0.00000	1.00000

boidNo = 7
boid Wall No = 1
position = = (-1.1, 9.8, 1.5)
Boid Radius= 10
Boid Frame=
 0.90836	-0.11176	0.40299	-1.11756
0.04037	0.98256	0.18149	9.82564
0.41624	0.14859	-0.89703	1.48587
0.00000	0.00000	0.00000	1.00000

boidNo = 8
boid Wall No = 1
position = = (1.1, 9.9, 1.2)
Boid Radius= 9.999999
Boid Frame=
 0.57345	0.11066	-0.81173	1.10660
0.03528	0.98658	0.15942	9.86581
-0.81848	0.12005	-0.56185	1.20054
0.00000	0.00000	0.00000	1.00000

boidNo = 9
boid Wall No = 1
position = = (-0.4, 7.5, 6.6)
Boid Radius= 10
Boid Frame=
 0.76286	-0.04428	0.64505	-0.44276
-0.40204	0.74884	0.52687	7.48844
0.50637	0.66127	-0.55346	6.61265
0.00000	0.00000	0.00000	1.00000

boidNo = 10
boid Wall No = 1
position = = (3.2, 9.1, 2.8)
Boid Radius= 10
Boid Frame=
 0.79948	0.31855	-0.50928	3.18547
-0.09877	0.90598	0.41163	9.05983
-0.59252	0.27879	-0.75577	2.78788
0.00000	0.00000	0.00000	1.00000

boidNo = 11
boid Wall No = 0
position = = (2.1, -6.4, -7.4)
Boid Radius= 10
Boid Frame=
 -0.45053	0.20966	-0.86779	2.09657
-0.73669	-0.63637	0.22872	-6.36374
0.50429	-0.74234	-0.44116	-7.42342
0.00000	0.00000	0.00000	1.00000

boidNo = 12
boid Wall No = 1
position = = (7.0, 0.8, 7.1)
Boid Radius= 10
Boid Frame=
 0.58943	0.69990	0.40339	6.99898
-0.62642	0.08071	0.77530	0.80705
-0.51007	0.70967	-0.48600	7.09669
0.00000	0.00000	0.00000	1.00000

boidNo = 13
boid Wall No = 0
position = = (6.1, -6.0, -5.1)
Boid Radius= 9.999999
Boid Frame=
 -0.76304	0.61409	0.20165	6.14092
-0.28814	-0.60244	0.74434	-6.02444
-0.57857	-0.50986	-0.63663	-5.09855
0.00000	0.00000	0.00000	1.00000

boidNo = 14
boid Wall No = 0
position = = (2.0, -9.6, -2.0)
Boid Radius= 10
Boid Frame=
 0.43625	0.19895	0.87756	1.98946
0.26788	-0.95975	0.08441	-9.59748
-0.85903	-0.19825	0.47199	-1.98251
0.00000	0.00000	0.00000	1.00000

boidNo = 15
boid Wall No = 1
position = = (-3.7, 9.1, -2.1)
Boid Radius= 10
Boid Frame=
 -0.81922	-0.36842	0.43949	-3.68417
-0.20900	0.90545	0.36943	9.05449
0.53404	-0.21079	0.81876	-2.10789
0.00000	0.00000	0.00000	1.00000

boidNo = 16
boid Wall No = 1
position = = (-1.1, 1.4, -9.9)
Boid Radius= 10
Boid Frame=
 -0.73795	-0.10628	-0.66643	-1.06281
-0.67473	0.13501	0.72561	1.35005
-0.01285	-0.98513	0.17134	-9.85128
0.00000	0.00000	0.00000	1.00000

boidNo = 17
boid Wall No = 1
position = = (-5.2, 3.0, 8.0)
Boid Radius= 10
Boid Frame=
 0.54168	-0.52148	0.65927	-5.21481
-0.60584	0.30149	0.73625	3.01486
0.58270	0.79823	0.15262	7.98225
0.00000	0.00000	0.00000	1.00000

boidNo = 18
boid Wall No = 0
position = = (1.0, -9.9, 1.0)
Boid Radius= 9.999999
Boid Frame=
 0.68250	0.10090	0.72389	1.00897
-0.00562	-0.98967	0.14324	-9.89672
-0.73086	0.10183	0.67488	1.01829
0.00000	0.00000	0.00000	1.00000

boidNo = 19
boid Wall No = 0
position = = (-2.0, -9.2, 3.3)
Boid Radius= 10
Boid Frame=
 0.59657	-0.20438	-0.77610	-2.04383
0.14739	-0.92268	0.35628	-9.22682
0.78891	0.32693	0.52032	3.26934
0.00000	0.00000	0.00000	1.00000

