Iteration Num of Simuation:0
m_SimulationDeltaT of action plan:0
boidNo = 0
boid Wall No = 1
position = = (-5.4, 8.3, -1.0)
Boid Radius= 10
Boid Frame=
 -0.40681	-0.54399	0.73388	-5.43985
-0.15361	0.83266	0.53205	8.32661
0.90050	-0.10371	0.42230	-1.03712
0.00000	0.00000	0.00000	1.00000

boidNo = 1
boid Wall No = 1
position = = (-8.5, 5.3, -0.1)
Boid Radius= 10
Boid Frame=
 -0.48810	-0.84893	0.20267	-8.48932
-0.77717	0.52842	0.34172	5.28421
0.39719	-0.00928	0.91769	-0.09285
0.00000	0.00000	0.00000	1.00000

boidNo = 2
boid Wall No = 0
position = = (-4.4, -8.4, 3.2)
Boid Radius= 10
Boid Frame=
 0.61979	-0.44308	-0.64772	-4.43079
-0.02911	-0.83778	0.54523	-8.37779
0.78423	0.31907	0.53215	3.19074
0.00000	0.00000	0.00000	1.00000

boidNo = 3
boid Wall No = 1
position = = (6.0, 1.4, -7.9)
Boid Radius= 9.999999
Boid Frame=
 -0.52615	0.59856	-0.60407	5.98559
-0.67645	0.13589	0.72384	1.35889
-0.51535	-0.78947	-0.33340	-7.89469
0.00000	0.00000	0.00000	1.00000

boidNo = 4
boid Wall No = 1
position = = (5.3, 3.3, 7.8)
Boid Radius= 10
Boid Frame=
 0.70201	0.53096	0.47462	5.30957
-0.68812	0.33403	0.64414	3.34026
-0.18348	0.77879	-0.59985	7.78788
0.00000	0.00000	0.00000	1.00000

boidNo = 5
boid Wall No = 1
position = = (2.4, 2.4, -9.4)
Boid Radius= 10
Boid Frame=
 -0.48243	0.24037	-0.84231	2.40366
-0.81209	0.23766	0.53294	2.37660
-0.32828	-0.94114	-0.08055	-9.41139
0.00000	0.00000	0.00000	1.00000

boidNo = 6
boid Wall No = 0
position = = (6.5, -1.2, 7.5)
Boid Radius= 10
Boid Frame=
 0.19983	0.65271	0.73078	6.52712
-0.92716	-0.11527	0.35649	-1.15271
-0.31692	0.74879	-0.58213	7.48786
0.00000	0.00000	0.00000	1.00000

boidNo = 7
boid Wall No = 0
position = = (-6.3, -3.4, -7.0)
Boid Radius= 10
Boid Frame=
 -0.45914	-0.62964	-0.62669	-6.29644
-0.56542	-0.33699	0.75282	-3.36988
0.68520	-0.69999	0.20129	-6.99992
0.00000	0.00000	0.00000	1.00000

boidNo = 8
boid Wall No = 0
position = = (-9.6, -0.4, -2.7)
Boid Radius= 10
Boid Frame=
 -0.06069	-0.96056	-0.27136	-9.60562
-0.93342	-0.04170	0.35636	-0.41696
0.35362	-0.27492	0.89408	-2.74921
0.00000	0.00000	0.00000	1.00000

boidNo = 9
boid Wall No = 0
position = = (8.8, -4.7, 1.2)
Boid Radius= 10
Boid Frame=
 -0.24378	0.87655	0.41502	8.76547
-0.64775	-0.46564	0.60299	-4.65643
-0.72180	0.12183	-0.68130	1.21832
0.00000	0.00000	0.00000	1.00000

boidNo = 10
boid Wall No = 1
position = = (-4.2, 3.1, -8.5)
Boid Radius= 10
Boid Frame=
 -0.69883	-0.41882	-0.57985	-4.18822
-0.70989	0.30664	0.63406	3.06641
0.08775	-0.85473	0.51161	-8.54728
0.00000	0.00000	0.00000	1.00000

boidNo = 11
boid Wall No = 0
position = = (-0.2, -9.5, -3.2)
Boid Radius= 10
Boid Frame=
 -0.93443	-0.02161	0.35550	-0.21607
0.13197	-0.94811	0.28927	-9.48107
-0.33080	-0.31722	-0.88879	-3.17215
0.00000	0.00000	0.00000	1.00000

boidNo = 12
boid Wall No = 1
position = = (4.3, 8.9, -1.4)
Boid Radius= 10
Boid Frame=
 -0.22458	0.42791	-0.87547	4.27915
-0.04501	0.89291	0.44798	8.92908
-0.97342	-0.14002	0.18127	-1.40016
0.00000	0.00000	0.00000	1.00000

boidNo = 13
boid Wall No = 0
position = = (9.0, -4.2, 0.8)
Boid Radius= 10
Boid Frame=
 -0.24852	0.90267	0.35130	9.02675
-0.65625	-0.42367	0.62437	-4.23671
-0.71244	0.07537	-0.69767	0.75371
0.00000	0.00000	0.00000	1.00000

boidNo = 14
boid Wall No = 0
position = = (-8.4, -1.8, 5.1)
Boid Radius= 10
Boid Frame=
 0.45850	-0.83951	0.29156	-8.39509
-0.73693	-0.17579	0.65271	-1.75786
0.49671	0.51413	0.69925	5.14125
0.00000	0.00000	0.00000	1.00000

boidNo = 15
boid Wall No = 0
position = = (-2.7, -9.6, -0.4)
Boid Radius= 10
Boid Frame=
 -0.16240	-0.26715	-0.94987	-2.67147
0.00218	-0.96275	0.27039	-9.62747
0.98672	-0.04184	-0.15693	-0.41840
0.00000	0.00000	0.00000	1.00000

boidNo = 16
boid Wall No = 1
position = = (7.4, 6.4, 2.2)
Boid Radius= 10
Boid Frame=
 0.56549	0.74145	-0.36122	7.41446
-0.41789	0.63517	0.64956	6.35172
-0.71105	0.21637	-0.66902	2.16366
0.00000	0.00000	0.00000	1.00000

boidNo = 17
boid Wall No = 1
position = = (-3.6, 9.0, 2.5)
Boid Radius= 9.999999
Boid Frame=
 0.48124	-0.35835	0.79999	-3.58352
-0.05602	0.89818	0.43604	8.98184
0.87480	0.25466	-0.41217	2.54655
0.00000	0.00000	0.00000	1.00000

boidNo = 18
boid Wall No = 1
position = = (2.1, 8.3, 5.1)
Boid Radius= 10
Boid Frame=
 0.97363	0.20739	0.09505	2.07392
-0.22673	0.83350	0.50386	8.33499
-0.02527	0.51212	-0.85854	5.12121
0.00000	0.00000	0.00000	1.00000

boidNo = 19
boid Wall No = 0
position = = (3.4, -9.1, -2.5)
Boid Radius= 10
Boid Frame=
 -0.22676	0.34356	0.91134	3.43560
0.17763	-0.90544	0.38553	-9.05436
-0.95762	-0.24930	-0.14430	-2.49303
0.00000	0.00000	0.00000	1.00000

