Iteration Num of Simuation:0
m_SimulationDeltaT of action plan:0
boidNo = 0
boid Wall No = 1
position = = (3.9, 4.7, 7.9)
Boid Radius= 10
Boid Frame=
 0.57693	0.38559	0.72005	3.85589
-0.79441	0.46984	0.38491	4.69842
0.18989	0.79408	-0.57738	7.94084
0.00000	0.00000	0.00000	1.00000

boidNo = 1
boid Wall No = 1
position = = (-0.4, 8.9, -4.5)
Boid Radius= 10
Boid Frame=
 -0.72471	-0.04352	-0.68768	-0.43525
-0.34028	0.89042	0.30225	8.90425
-0.59917	-0.45304	0.66011	-4.53045
0.00000	0.00000	0.00000	1.00000

boidNo = 2
boid Wall No = 1
position = = (1.4, 6.4, 7.6)
Boid Radius= 10
Boid Frame=
 0.92042	0.13815	0.36570	1.38154
-0.36485	0.63948	0.67672	6.39479
0.14036	0.75629	-0.63900	7.56294
0.00000	0.00000	0.00000	1.00000

boidNo = 3
boid Wall No = 0
position = = (7.8, -3.5, 5.1)
Boid Radius= 10
Boid Frame=
 -0.06272	0.78269	0.61924	7.82691
-0.86362	-0.35355	0.35940	-3.53548
-0.50023	0.51225	-0.69812	5.12249
0.00000	0.00000	0.00000	1.00000

boidNo = 4
boid Wall No = 1
position = = (8.4, 0.5, -5.4)
Boid Radius= 10
Boid Frame=
 -0.35604	0.84297	-0.40328	8.42968
-0.69320	0.05115	0.71893	0.51154
-0.62666	-0.53553	-0.56613	-5.35526
0.00000	0.00000	0.00000	1.00000

boidNo = 5
boid Wall No = 0
position = = (6.5, -3.4, 6.8)
Boid Radius= 10
Boid Frame=
 0.17776	0.65481	0.73460	6.54806
-0.79882	-0.33994	0.49632	-3.39939
-0.57471	0.67503	-0.46264	6.75034
0.00000	0.00000	0.00000	1.00000

boidNo = 6
boid Wall No = 0
position = = (-1.3, -9.5, 2.7)
Boid Radius= 10
Boid Frame=
 0.88705	-0.13155	-0.44254	-1.31554
0.00657	-0.95485	0.29702	-9.54850
0.46163	0.26637	0.84613	2.66373
0.00000	0.00000	0.00000	1.00000

boidNo = 7
boid Wall No = 0
position = = (-8.7, -4.8, -1.4)
Boid Radius= 10
Boid Frame=
 0.07877	-0.86880	-0.48886	-8.68797
-0.41123	-0.47504	0.77796	-4.75037
0.90812	-0.13975	0.39470	-1.39754
0.00000	0.00000	0.00000	1.00000

boidNo = 8
boid Wall No = 1
position = = (-3.2, 9.3, 1.8)
Boid Radius= 10
Boid Frame=
 0.28816	-0.32233	0.90170	-3.22335
-0.08791	0.92876	0.36010	9.28761
0.95354	0.18304	-0.23930	1.83037
0.00000	0.00000	0.00000	1.00000

boidNo = 9
boid Wall No = 1
position = = (-5.2, 6.3, -5.8)
Boid Radius= 10
Boid Frame=
 -0.85682	-0.51555	0.00778	-5.15550
-0.37361	0.63117	0.67974	6.31173
0.35535	-0.57951	0.73342	-5.79507
0.00000	0.00000	0.00000	1.00000

boidNo = 10
boid Wall No = 0
position = = (-1.7, -9.8, -0.6)
Boid Radius= 10
Boid Frame=
 -0.37792	-0.17103	-0.90990	-1.71025
0.00899	-0.98342	0.18111	-9.83422
0.92579	-0.06027	-0.37319	-0.60265
0.00000	0.00000	0.00000	1.00000

boidNo = 11
boid Wall No = 1
position = = (-1.1, 9.8, -1.9)
Boid Radius= 9.999999
Boid Frame=
 -0.68502	-0.11046	0.72010	-1.10456
0.06222	0.97596	0.20889	9.75957
0.72586	-0.18790	0.66168	-1.87900
0.00000	0.00000	0.00000	1.00000

boidNo = 12
boid Wall No = 0
position = = (-0.1, -7.2, -6.9)
Boid Radius= 10
Boid Frame=
 -0.57378	-0.00961	-0.81895	-0.09614
-0.56429	-0.72008	0.40381	-7.20075
0.59359	-0.69383	-0.40774	-6.93830
0.00000	0.00000	0.00000	1.00000

boidNo = 13
boid Wall No = 1
position = = (-0.5, 9.8, -1.9)
Boid Radius= 10
Boid Frame=
 -0.80388	-0.05038	0.59265	-0.50382
0.07056	0.98129	0.17914	9.81291
0.59059	-0.18582	0.78529	-1.85824
0.00000	0.00000	0.00000	1.00000

boidNo = 14
boid Wall No = 1
position = = (0.1, 9.4, -3.3)
Boid Radius= 10
Boid Frame=
 -0.99927	0.00930	-0.03713	0.09300
-0.00340	0.94463	0.32812	9.44631
-0.03813	-0.32800	0.94391	-3.28003
0.00000	0.00000	0.00000	1.00000

boidNo = 15
boid Wall No = 1
position = = (7.5, 0.3, -6.7)
Boid Radius= 10
Boid Frame=
 -0.45729	0.74567	-0.48463	7.45666
-0.70177	0.03217	0.71168	0.32173
-0.54626	-0.66554	-0.50857	-6.65543
0.00000	0.00000	0.00000	1.00000

boidNo = 16
boid Wall No = 0
position = = (0.1, -10.0, -0.2)
Boid Radius= 10
Boid Frame=
 -0.97018	0.00626	0.24232	0.06262
-0.00239	-0.99986	0.01628	-9.99865
-0.24238	-0.01522	-0.97006	-0.15221
0.00000	0.00000	0.00000	1.00000

boidNo = 17
boid Wall No = 1
position = = (2.9, 1.8, 9.4)
Boid Radius= 10
Boid Frame=
 0.73841	0.29261	0.60756	2.92610
-0.66617	0.17654	0.72461	1.76539
-0.10477	0.93979	-0.32528	9.39794
0.00000	0.00000	0.00000	1.00000

boidNo = 18
boid Wall No = 1
position = = (3.4, 6.1, 7.2)
Boid Radius= 10
Boid Frame=
 0.90576	0.33644	0.25768	3.36441
-0.41799	0.60906	0.67404	6.09063
-0.06983	0.71823	-0.69230	7.18227
0.00000	0.00000	0.00000	1.00000

boidNo = 19
boid Wall No = 1
position = = (3.5, 8.3, 4.3)
Boid Radius= 10
Boid Frame=
 0.93556	0.34655	-0.06807	3.46547
-0.27386	0.83357	0.47975	8.33567
-0.22299	0.43020	-0.87476	4.30198
0.00000	0.00000	0.00000	1.00000

