Iteration Num of Simuation:0
m_SimulationDeltaT of action plan:0
boidNo = 0
boid Wall No = 0
position = = (0.4, -9.7, 2.4)
Boid Radius= 10
Boid Frame=
 0.99671	0.03639	0.07242	0.36394
0.01787	-0.97020	0.24165	-9.70199
-0.07906	0.23956	0.96766	2.39563
0.00000	0.00000	0.00000	1.00000

boidNo = 1
boid Wall No = 0
position = = (1.3, -8.7, 4.8)
Boid Radius= 10
Boid Frame=
 0.98047	0.12745	0.14976	1.27454
0.03674	-0.86686	0.49720	-8.66860
-0.19319	0.48199	0.85462	4.81985
0.00000	0.00000	0.00000	1.00000

boidNo = 2
boid Wall No = 1
position = = (4.1, 5.8, 7.0)
Boid Radius= 9.999999
Boid Frame=
 0.88578	0.40780	0.22158	4.07797
-0.43909	0.58175	0.68466	5.81748
-0.15030	0.70375	-0.69436	7.03755
0.00000	0.00000	0.00000	1.00000

boidNo = 3
boid Wall No = 1
position = = (-1.3, 4.9, 8.6)
Boid Radius= 10
Boid Frame=
 0.71804	-0.13144	0.68348	-1.31436
-0.55258	0.48942	0.67463	4.89419
0.42318	0.86209	-0.27879	8.62087
0.00000	0.00000	0.00000	1.00000

boidNo = 4
boid Wall No = 0
position = = (-0.3, -10.0, -0.7)
Boid Radius= 10
Boid Frame=
 -0.88497	-0.02625	-0.46490	-0.26245
-0.01108	-0.99694	0.07737	-9.96941
0.46551	-0.07362	-0.88198	-0.73625
0.00000	0.00000	0.00000	1.00000

boidNo = 5
boid Wall No = 0
position = = (-1.5, -9.9, 0.1)
Boid Radius= 10
Boid Frame=
 0.12318	-0.14661	-0.98150	-1.46606
-0.00588	-0.98912	0.14701	-9.89118
0.99237	0.01234	0.12270	0.12342
0.00000	0.00000	0.00000	1.00000

boidNo = 6
boid Wall No = 0
position = = (4.8, -8.7, 1.3)
Boid Radius= 10
Boid Frame=
 0.51302	0.48158	0.71056	4.81580
0.16057	-0.86702	0.47169	-8.67020
-0.84322	0.12789	0.52213	1.27891
0.00000	0.00000	0.00000	1.00000

boidNo = 7
boid Wall No = 0
position = = (2.0, -7.3, 6.6)
Boid Radius= 10
Boid Frame=
 0.88682	0.19819	0.41746	1.98187
-0.15171	-0.72845	0.66810	-7.28445
-0.43650	0.65581	0.61593	6.55812
0.00000	0.00000	0.00000	1.00000

boidNo = 8
boid Wall No = 0
position = = (-5.7, -4.0, 7.1)
Boid Radius= 10
Boid Frame=
 0.79710	-0.57247	0.19211	-5.72471
-0.47853	-0.40481	0.77919	-4.04811
0.36829	0.71303	0.59662	7.13026
0.00000	0.00000	0.00000	1.00000

boidNo = 9
boid Wall No = 0
position = = (-0.4, -3.0, -9.5)
Boid Radius= 10
Boid Frame=
 -0.67583	-0.04157	-0.73588	-0.41570
-0.69394	-0.30057	0.65429	-3.00573
0.24839	-0.95285	-0.17429	-9.52852
0.00000	0.00000	0.00000	1.00000

boidNo = 10
boid Wall No = 1
position = = (-2.8, 9.0, -3.2)
Boid Radius= 10
Boid Frame=
 -0.92724	-0.28228	0.24607	-2.82278
-0.16996	0.90276	0.39515	9.02756
0.33369	-0.32458	0.88504	-3.24578
0.00000	0.00000	0.00000	1.00000

boidNo = 11
boid Wall No = 0
position = = (1.3, -9.9, 0.5)
Boid Radius= 10
Boid Frame=
 0.45995	0.12865	0.87857	1.28648
0.01212	-0.99027	0.13866	-9.90266
-0.88786	0.05312	0.45704	0.53123
0.00000	0.00000	0.00000	1.00000

boidNo = 12
boid Wall No = 1
position = = (3.1, 3.6, 8.8)
Boid Radius= 9.999999
Boid Frame=
 0.82425	0.30678	0.47591	3.06785
-0.56321	0.35754	0.74496	3.57540
-0.05838	0.88207	-0.46749	8.82070
0.00000	0.00000	0.00000	1.00000

boidNo = 13
boid Wall No = 1
position = = (-7.2, 6.2, 3.3)
Boid Radius= 10
Boid Frame=
 -0.06544	-0.71638	0.69463	-7.16385
-0.52408	0.61706	0.58701	6.17058
0.84915	0.32563	0.41582	3.25626
0.00000	0.00000	0.00000	1.00000

boidNo = 14
boid Wall No = 0
position = = (-1.4, -9.9, -0.3)
Boid Radius= 10
Boid Frame=
 -0.19372	-0.13686	-0.97146	-1.36859
-0.00087	-0.99020	0.13967	-9.90198
0.98106	-0.02790	-0.19170	-0.27899
0.00000	0.00000	0.00000	1.00000

boidNo = 15
boid Wall No = 1
position = = (0.2, 9.9, -1.0)
Boid Radius= 10
Boid Frame=
 -0.98756	0.01686	0.15634	0.16864
0.03231	0.99478	0.09681	9.94778
0.15389	-0.10066	0.98295	-1.00659
0.00000	0.00000	0.00000	1.00000

boidNo = 16
boid Wall No = 1
position = = (-8.1, 5.8, 0.6)
Boid Radius= 10
Boid Frame=
 -0.29590	-0.81163	0.50368	-8.11633
-0.49384	0.58134	0.64665	5.81341
0.81766	0.05740	0.57284	0.57398
0.00000	0.00000	0.00000	1.00000

boidNo = 17
boid Wall No = 0
position = = (-6.7, -4.0, 6.2)
Boid Radius= 10
Boid Frame=
 0.68726	-0.67023	0.28010	-6.70231
-0.65259	-0.40032	0.64333	-4.00320
0.31905	0.62493	0.71251	6.24927
0.00000	0.00000	0.00000	1.00000

boidNo = 18
boid Wall No = 1
position = = (-0.9, 9.2, -3.8)
Boid Radius= 9.999999
Boid Frame=
 -0.98155	-0.09264	0.16726	-0.92637
-0.02086	0.92144	0.38795	9.21444
0.19006	-0.37731	0.90638	-3.77305
0.00000	0.00000	0.00000	1.00000

boidNo = 19
boid Wall No = 0
position = = (-4.4, -7.8, -4.5)
Boid Radius= 10
Boid Frame=
 0.74383	-0.43693	-0.50579	-4.36926
-0.59527	-0.77718	-0.20405	-7.77184
0.30393	-0.45286	0.83818	-4.52859
0.00000	0.00000	0.00000	1.00000

