Iteration Num of Simuation:0
m_SimulationDeltaT of action plan:0
boidNo = 0
boid Wall No = 1
position = = (2.1, 10.8, 4.8)
Boid Radius= 12
Boid Frame=
 0.93660	0.17730	-0.30225	2.12758
-0.02982	0.89974	0.43540	10.79694
-0.34914	0.39878	-0.84798	4.78535
0.00000	0.00000	0.00000	1.00000

boidNo = 1
boid Wall No = 1
position = = (0.9, 11.6, -2.9)
Boid Radius= 12
Boid Frame=
 -0.96451	0.07220	-0.25400	0.86634
0.00546	0.96714	0.25418	11.60570
-0.26400	-0.24377	0.93321	-2.92528
0.00000	0.00000	0.00000	1.00000

boidNo = 2
boid Wall No = 1
position = = (10.4, 6.0, -0.1)
Boid Radius= 12
Boid Frame=
 0.37402	0.86528	-0.33376	10.38341
-0.65343	0.50125	0.56725	6.01496
-0.65813	-0.00592	-0.75288	-0.07108
0.00000	0.00000	0.00000	1.00000

boidNo = 3
boid Wall No = 1
position = = (2.2, 11.8, 0.6)
Boid Radius= 12
Boid Frame=
 0.86576	0.18531	-0.46489	2.22368
-0.13865	0.98137	0.13297	11.77649
-0.48087	0.05066	-0.87532	0.60797
0.00000	0.00000	0.00000	1.00000

boidNo = 4
boid Wall No = 1
position = = (8.3, 1.2, 8.6)
Boid Radius= 12
Boid Frame=
 0.46304	0.69171	0.55419	8.30057
-0.82225	0.10179	0.55996	1.22147
-0.33092	0.71496	-0.61589	8.57954
0.00000	0.00000	0.00000	1.00000

boidNo = 5
boid Wall No = 0
position = = (-4.1, -11.3, 0.3)
Boid Radius= 12
Boid Frame=
 -0.63832	-0.34571	-0.68777	-4.14847
0.25656	-0.93794	0.23334	-11.25527
0.72576	0.02751	-0.68740	0.33015
0.00000	0.00000	0.00000	1.00000

boidNo = 6
boid Wall No = 0
position = = (-10.4, -5.2, 2.8)
Boid Radius= 12
Boid Frame=
 0.38930	-0.86986	0.30296	-10.43834
-0.89375	-0.43629	-0.10421	-5.23546
-0.22282	0.23020	0.94729	2.76242
0.00000	0.00000	0.00000	1.00000

boidNo = 7
boid Wall No = 1
position = = (2.2, 7.9, 8.8)
Boid Radius= 12
Boid Frame=
 0.90314	0.18580	0.38705	2.22960
-0.40741	0.65531	0.63607	7.86375
0.13546	0.73215	-0.66754	8.78580
0.00000	0.00000	0.00000	1.00000

boidNo = 8
boid Wall No = 0
position = = (4.1, -11.0, 2.3)
Boid Radius= 12
Boid Frame=
 0.81630	0.33969	0.46719	4.07626
0.18661	-0.92052	0.34325	-11.04624
-0.54665	0.19301	0.81481	2.31617
0.00000	0.00000	0.00000	1.00000

boidNo = 9
boid Wall No = 0
position = = (8.9, -7.4, -3.2)
Boid Radius= 12
Boid Frame=
 -0.53933	0.73923	0.40332	8.87076
-0.30460	-0.61777	0.72497	-7.41321
-0.78508	-0.26815	-0.55835	-3.21774
0.00000	0.00000	0.00000	1.00000

boidNo = 10
boid Wall No = 1
position = = (2.3, 11.7, 1.4)
Boid Radius= 12
Boid Frame=
 0.30156	0.19191	-0.93394	2.30288
0.05310	0.97463	0.21742	11.69560
-0.95197	0.11516	-0.28372	1.38188
0.00000	0.00000	0.00000	1.00000

boidNo = 11
boid Wall No = 1
position = = (-2.0, 1.0, 11.8)
Boid Radius= 12
Boid Frame=
 0.67195	-0.16923	0.72100	-2.03072
-0.71849	0.08716	0.69006	1.04592
0.17962	0.98172	0.06302	11.78059
0.00000	0.00000	0.00000	1.00000

boidNo = 12
boid Wall No = 1
position = = (11.4, 3.5, 1.5)
Boid Radius= 12
Boid Frame=
 0.28440	0.94916	-0.13492	11.38997
-0.61868	0.28921	0.73048	3.47054
-0.73236	0.12428	-0.66948	1.49131
0.00000	0.00000	0.00000	1.00000

boidNo = 13
boid Wall No = 0
position = = (0.7, -1.4, 11.9)
Boid Radius= 12
Boid Frame=
 0.78329	0.05975	0.61878	0.71699
-0.61053	-0.11354	0.78381	-1.36245
-0.11709	0.99174	0.05245	11.90083
0.00000	0.00000	0.00000	1.00000

boidNo = 14
boid Wall No = 1
position = = (-2.4, 5.3, -10.5)
Boid Radius= 12
Boid Frame=
 -0.85773	-0.20370	-0.47202	-2.44446
-0.51085	0.44084	0.73803	5.29012
-0.05775	-0.87416	0.48219	-10.48996
0.00000	0.00000	0.00000	1.00000

boidNo = 15
boid Wall No = 0
position = = (-9.9, -6.7, 0.3)
Boid Radius= 12
Boid Frame=
 0.25544	-0.82884	-0.49776	-9.94613
-0.33966	-0.55896	0.75644	-6.70750
0.90520	0.02415	0.42431	0.28985
0.00000	0.00000	0.00000	1.00000

boidNo = 16
boid Wall No = 0
position = = (-0.1, -11.6, -3.2)
Boid Radius= 12
Boid Frame=
 0.29416	-0.00650	0.95573	-0.07796
0.25420	-0.96343	-0.08479	-11.56115
-0.92133	-0.26789	0.28175	-3.21462
0.00000	0.00000	0.00000	1.00000

boidNo = 17
boid Wall No = 0
position = = (2.3, -11.1, -4.0)
Boid Radius= 12
Boid Frame=
 -0.37789	0.19285	0.90554	2.31416
0.24536	-0.92224	0.29879	-11.06686
-0.89275	-0.33509	-0.30119	-4.02110
0.00000	0.00000	0.00000	1.00000

boidNo = 18
boid Wall No = 1
position = = (5.1, 6.2, 8.9)
Boid Radius= 12
Boid Frame=
 0.86816	0.42864	0.25011	5.14373
-0.46239	0.51561	0.72135	6.18732
-0.18024	0.74190	-0.64583	8.90276
0.00000	0.00000	0.00000	1.00000

boidNo = 19
boid Wall No = 0
position = = (-7.7, -8.6, -3.4)
Boid Radius= 12
Boid Frame=
 -0.24818	-0.64271	-0.72479	-7.71256
-0.15374	-0.71259	0.68453	-8.55104
0.95644	-0.28132	-0.07804	-3.37582
0.00000	0.00000	0.00000	1.00000

boidNo = 20
boid Wall No = 0
position = = (-7.3, -3.4, -8.9)
Boid Radius= 12
Boid Frame=
 -0.46499	-0.60604	-0.64537	-7.27244
-0.63384	-0.28105	0.72060	-3.37256
0.61809	-0.74413	0.25345	-8.92959
0.00000	0.00000	0.00000	1.00000

boidNo = 21
boid Wall No = 1
position = = (1.5, 11.9, -0.2)
Boid Radius= 12
Boid Frame=
 0.45176	0.12540	-0.88328	1.50478
-0.07094	0.99199	0.10455	11.90384
-0.88931	-0.01543	-0.45704	-0.18510
0.00000	0.00000	0.00000	1.00000

boidNo = 22
boid Wall No = 1
position = = (5.0, 0.2, 10.9)
Boid Radius= 12
Boid Frame=
 0.44339	0.41847	0.79265	5.02162
-0.87609	0.01549	0.48189	0.18591
-0.18938	0.90810	-0.37349	10.89719
0.00000	0.00000	0.00000	1.00000

boidNo = 23
boid Wall No = 1
position = = (11.6, 3.2, 0.3)
Boid Radius= 12
Boid Frame=
 0.19289	0.96255	-0.19049	11.55064
-0.61827	0.26997	0.73815	3.23968
-0.76193	0.02461	-0.64719	0.29531
0.00000	0.00000	0.00000	1.00000

boidNo = 24
boid Wall No = 0
position = = (1.6, -0.3, 11.9)
Boid Radius= 12
Boid Frame=
 0.78848	0.13390	0.60030	1.60684
-0.60241	-0.02881	0.79767	-0.34571
-0.12411	0.99058	-0.05795	11.88691
0.00000	0.00000	0.00000	1.00000

boidNo = 25
boid Wall No = 0
position = = (1.8, -2.5, -11.6)
Boid Radius= 12
Boid Frame=
 -0.84252	0.15135	-0.51696	1.81624
-0.53843	-0.20831	0.81652	-2.49969
-0.01590	-0.96628	-0.25700	-11.59538
0.00000	0.00000	0.00000	1.00000

boidNo = 26
boid Wall No = 1
position = = (0.3, 9.2, 7.8)
Boid Radius= 12
Boid Frame=
 0.71150	0.02280	0.70232	0.27364
-0.46641	0.76289	0.44773	9.15467
0.52558	0.64613	-0.55343	7.75353
0.00000	0.00000	0.00000	1.00000

boidNo = 27
boid Wall No = 0
position = = (-7.5, -3.2, -8.8)
Boid Radius= 12
Boid Frame=
 -0.48450	-0.62771	-0.60930	-7.53249
-0.60380	-0.26403	0.75214	-3.16841
0.63300	-0.73230	0.25109	-8.78765
0.00000	0.00000	0.00000	1.00000

boidNo = 28
boid Wall No = 1
position = = (3.9, 10.4, 4.6)
Boid Radius= 12
Boid Frame=
 0.88998	0.32300	-0.32188	3.87601
-0.14161	0.86675	0.47822	10.40098
-0.43346	0.38002	-0.81713	4.56029
0.00000	0.00000	0.00000	1.00000

boidNo = 29
boid Wall No = 0
position = = (1.1, -11.7, 2.3)
Boid Radius= 12
Boid Frame=
 0.95519	0.09283	0.28106	1.11392
0.03200	-0.97637	0.21370	-11.71649
-0.29426	0.19513	0.93559	2.34157
0.00000	0.00000	0.00000	1.00000

