Iteration Num of Simuation:0
m_SimulationDeltaT of action plan:0
boidNo = 0
boid Wall No = 1
position = = (6.8, 0.9, 7.2)
Boid Radius= 10
Boid Frame=
 0.59285	0.68295	0.42673	6.82955
-0.65077	0.09415	0.75342	0.94147
-0.47438	0.72437	-0.50026	7.24368
0.00000	0.00000	0.00000	1.00000

boidNo = 1
boid Wall No = 0
position = = (4.9, -6.4, 5.8)
Boid Radius= 10
Boid Frame=
 0.05410	0.49439	0.86755	4.94393
-0.64871	-0.64310	0.40694	-6.43096
-0.75911	0.58481	-0.28593	5.84811
0.00000	0.00000	0.00000	1.00000

boidNo = 2
boid Wall No = 0
position = = (5.4, -1.3, -8.3)
Boid Radius= 10
Boid Frame=
 -0.73173	0.54096	-0.41465	5.40964
-0.55814	-0.12637	0.82007	-1.26371
-0.39123	-0.83150	-0.39440	-8.31498
0.00000	0.00000	0.00000	1.00000

boidNo = 3
boid Wall No = 0
position = = (8.3, -3.5, 4.3)
Boid Radius= 10
Boid Frame=
 0.15107	0.83065	0.53591	8.30647
-0.60135	-0.35306	0.71675	-3.53062
-0.78457	0.43055	-0.44617	4.30549
0.00000	0.00000	0.00000	1.00000

boidNo = 4
boid Wall No = 0
position = = (-2.9, -9.0, 3.2)
Boid Radius= 10
Boid Frame=
 0.44868	-0.28883	-0.84573	-2.88825
0.16842	-0.90205	0.39741	-9.02053
0.87768	0.32075	0.35609	3.20749
0.00000	0.00000	0.00000	1.00000

boidNo = 5
boid Wall No = 1
position = = (-1.7, 9.5, 2.6)
Boid Radius= 10
Boid Frame=
 0.79942	-0.16892	0.57654	-1.68918
-0.02217	0.95071	0.30929	9.50709
0.60037	0.26004	-0.75627	2.60038
0.00000	0.00000	0.00000	1.00000

boidNo = 6
boid Wall No = 0
position = = (5.5, -8.1, 1.9)
Boid Radius= 10
Boid Frame=
 0.22433	0.55267	0.80264	5.52670
-0.07814	-0.81078	0.58011	-8.10779
-0.97138	0.19285	0.13869	1.92855
0.00000	0.00000	0.00000	1.00000

boidNo = 7
boid Wall No = 1
position = = (4.2, 8.6, 2.8)
Boid Radius= 9.999999
Boid Frame=
 0.67247	0.42143	-0.60843	4.21432
-0.08894	0.86211	0.49885	8.62115
-0.73476	0.28134	-0.61723	2.81342
0.00000	0.00000	0.00000	1.00000

boidNo = 8
boid Wall No = 1
position = = (7.8, 5.5, -3.0)
Boid Radius= 10
Boid Frame=
 -0.03349	0.78182	-0.62261	7.81817
-0.44432	0.54637	0.70997	5.46365
-0.89524	-0.30041	-0.32908	-3.00413
0.00000	0.00000	0.00000	1.00000

boidNo = 9
boid Wall No = 1
position = = (1.8, 7.4, 6.4)
Boid Radius= 10
Boid Frame=
 0.59187	0.18250	0.78510	1.82496
-0.60540	0.74371	0.28353	7.43705
0.53214	0.64312	-0.55066	6.43116
0.00000	0.00000	0.00000	1.00000

boidNo = 10
boid Wall No = 0
position = = (-4.0, -8.2, 4.1)
Boid Radius= 10
Boid Frame=
 0.74281	-0.39735	-0.53883	-3.97348
-0.02196	-0.81886	0.57357	-8.18862
0.66914	0.41422	0.61699	4.14222
0.00000	0.00000	0.00000	1.00000

boidNo = 11
boid Wall No = 1
position = = (-8.2, 2.3, -5.3)
Boid Radius= 10
Boid Frame=
 -0.50645	-0.81824	-0.27203	-8.18237
-0.72393	0.23209	0.64966	2.32092
0.46844	-0.52595	0.70989	-5.25949
0.00000	0.00000	0.00000	1.00000

boidNo = 12
boid Wall No = 0
position = = (-3.2, -2.0, 9.2)
Boid Radius= 10
Boid Frame=
 0.74199	-0.32330	0.58730	-3.23303
-0.66023	-0.20030	0.72386	-2.00303
0.11639	0.92485	0.36208	9.24854
0.00000	0.00000	0.00000	1.00000

boidNo = 13
boid Wall No = 0
position = = (-0.3, -8.6, 5.2)
Boid Radius= 10
Boid Frame=
 0.95425	-0.03064	-0.29745	-0.30639
0.12870	-0.85580	0.50104	-8.55803
0.26991	0.51639	0.81270	5.16395
0.00000	0.00000	0.00000	1.00000

boidNo = 14
boid Wall No = 0
position = = (-2.2, -1.3, -9.7)
Boid Radius= 10
Boid Frame=
 -0.76738	-0.22493	-0.60045	-2.24927
-0.58829	-0.12548	0.79885	-1.25478
0.25503	-0.96626	0.03603	-9.66262
0.00000	0.00000	0.00000	1.00000

boidNo = 15
boid Wall No = 0
position = = (0.7, -9.9, -1.0)
Boid Radius= 10
Boid Frame=
 -0.78954	0.06897	0.60981	0.68973
0.00928	-0.99221	0.12424	-9.92208
-0.61363	-0.10376	-0.78275	-1.03757
0.00000	0.00000	0.00000	1.00000

boidNo = 16
boid Wall No = 0
position = = (2.1, -8.0, -5.7)
Boid Radius= 9.999999
Boid Frame=
 -0.95475	0.20683	0.21372	2.06830
-0.03699	-0.79560	0.60469	-7.95600
-0.29511	-0.56942	-0.76725	-5.69423
0.00000	0.00000	0.00000	1.00000

boidNo = 17
boid Wall No = 1
position = = (-0.1, 10.0, -0.9)
Boid Radius= 10
Boid Frame=
 -0.85440	-0.01206	0.51947	-0.12057
0.03819	0.99557	0.08593	9.95569
0.51820	-0.09326	0.85016	-0.93260
0.00000	0.00000	0.00000	1.00000

boidNo = 18
boid Wall No = 0
position = = (8.5, -1.7, 5.0)
Boid Radius= 10
Boid Frame=
 0.33485	0.84882	0.40912	8.48819
-0.56440	-0.16700	0.80843	-1.67000
-0.75453	0.50161	-0.42316	5.01615
0.00000	0.00000	0.00000	1.00000

boidNo = 19
boid Wall No = 0
position = = (6.7, -4.5, 5.8)
Boid Radius= 10
Boid Frame=
 0.36069	0.67494	0.64371	6.74940
-0.48898	-0.45087	0.74674	-4.50869
-0.79423	0.58410	-0.16741	5.84100
0.00000	0.00000	0.00000	1.00000

