Iteration Num of Simuation:0
m_SimulationDeltaT of action plan:0
boidNo = 0
boid Wall No = 0
position = = (4.5, -1.0, 8.9)
Boid Radius= 10
Boid Frame=
 0.70426	0.45088	0.54838	4.50882
-0.56957	-0.10225	0.81556	-1.02253
-0.42379	0.88671	-0.18480	8.86707
0.00000	0.00000	0.00000	1.00000

boidNo = 1
boid Wall No = 1
position = = (9.4, 2.6, 2.2)
Boid Radius= 10
Boid Frame=
 0.33735	0.94066	-0.03691	9.40655
-0.64507	0.25955	0.71869	2.59548
-0.68562	0.21864	-0.69435	2.18639
0.00000	0.00000	0.00000	1.00000

boidNo = 2
boid Wall No = 0
position = = (8.8, -1.0, -4.6)
Boid Radius= 10
Boid Frame=
 -0.43196	0.88056	-0.19502	8.80557
-0.56520	-0.09579	0.81937	-0.95787
-0.70282	-0.46416	-0.53907	-4.64160
0.00000	0.00000	0.00000	1.00000

boidNo = 3
boid Wall No = 0
position = = (8.6, -4.7, -2.1)
Boid Radius= 10
Boid Frame=
 -0.42769	0.85724	0.28674	8.57240
-0.42636	-0.47102	0.77224	-4.71023
-0.79706	-0.20803	-0.56694	-2.08030
0.00000	0.00000	0.00000	1.00000

boidNo = 4
boid Wall No = 0
position = = (8.6, -1.9, 4.7)
Boid Radius= 9.999999
Boid Frame=
 0.26292	0.86410	0.42918	8.64105
-0.62667	-0.18528	0.75694	-1.85277
-0.73359	0.46797	-0.49279	4.67970
0.00000	0.00000	0.00000	1.00000

boidNo = 5
boid Wall No = 0
position = = (5.0, -5.0, 7.1)
Boid Radius= 10
Boid Frame=
 0.55923	0.49714	0.66341	4.97141
-0.44394	-0.49625	0.74609	-4.96248
-0.70013	0.71175	0.05682	7.11751
0.00000	0.00000	0.00000	1.00000

boidNo = 6
boid Wall No = 1
position = = (8.0, 3.0, -5.2)
Boid Radius= 10
Boid Frame=
 -0.21893	0.80162	-0.55631	8.01619
-0.65355	0.30288	0.69364	3.02884
-0.72453	-0.51543	-0.45759	-5.15430
0.00000	0.00000	0.00000	1.00000

boidNo = 7
boid Wall No = 0
position = = (-9.4, -1.5, -3.0)
Boid Radius= 10
Boid Frame=
 -0.03255	-0.94164	-0.33504	-9.41643
-0.84664	-0.15218	0.50995	-1.52177
0.53118	-0.30025	0.79228	-3.00251
0.00000	0.00000	0.00000	1.00000

boidNo = 8
boid Wall No = 0
position = = (7.2, -5.9, -3.6)
Boid Radius= 10
Boid Frame=
 -0.63083	0.72262	0.28263	7.22618
-0.34869	-0.58941	0.72871	-5.89408
-0.69316	-0.36114	-0.62379	-3.61141
0.00000	0.00000	0.00000	1.00000

boidNo = 9
boid Wall No = 1
position = = (-2.3, 9.7, 0.8)
Boid Radius= 10
Boid Frame=
 0.46997	-0.23019	0.85214	-2.30185
0.04155	0.97010	0.23913	9.70098
0.88171	0.07698	-0.46548	0.76978
0.00000	0.00000	0.00000	1.00000

boidNo = 10
boid Wall No = 1
position = = (3.3, 8.0, -5.0)
Boid Radius= 9.999999
Boid Frame=
 -0.58517	0.32891	-0.74122	3.28908
-0.24706	0.79829	0.54927	7.98286
-0.77236	-0.50454	0.38587	-5.04538
0.00000	0.00000	0.00000	1.00000

boidNo = 11
boid Wall No = 0
position = = (2.3, -9.7, 0.5)
Boid Radius= 9.999999
Boid Frame=
 0.51272	0.22855	0.82758	2.28545
0.07247	-0.97200	0.22353	-9.71999
-0.85549	0.05464	0.51493	0.54638
0.00000	0.00000	0.00000	1.00000

boidNo = 12
boid Wall No = 1
position = = (1.7, 7.6, 6.2)
Boid Radius= 10
Boid Frame=
 0.94437	0.16574	0.28406	1.65743
-0.30523	0.76329	0.56940	7.63294
0.12245	0.62443	-0.77142	6.24429
0.00000	0.00000	0.00000	1.00000

boidNo = 13
boid Wall No = 1
position = = (-3.7, 6.4, 6.7)
Boid Radius= 10
Boid Frame=
 0.43245	-0.37400	0.82044	-3.74002
-0.52356	0.63665	0.56618	6.36650
0.73408	0.67439	-0.07950	6.74388
0.00000	0.00000	0.00000	1.00000

boidNo = 14
boid Wall No = 1
position = = (5.5, 6.1, -5.7)
Boid Radius= 10
Boid Frame=
 -0.41152	0.55475	-0.72312	5.54749
-0.39710	0.60501	0.69012	6.05014
-0.82034	-0.57115	0.02869	-5.71150
0.00000	0.00000	0.00000	1.00000

boidNo = 15
boid Wall No = 1
position = = (-3.1, 9.3, -2.1)
Boid Radius= 10
Boid Frame=
 -0.66165	-0.30689	0.68413	-3.06891
-0.04949	0.92829	0.36855	9.28288
0.74818	-0.21000	0.62939	-2.09997
0.00000	0.00000	0.00000	1.00000

boidNo = 16
boid Wall No = 1
position = = (-0.6, 9.4, -3.5)
Boid Radius= 10
Boid Frame=
 -0.67438	-0.05548	-0.73630	-0.55477
-0.29316	0.93533	0.19804	9.35327
-0.67769	-0.34941	0.64703	-3.49407
0.00000	0.00000	0.00000	1.00000

boidNo = 17
boid Wall No = 1
position = = (4.4, 8.2, 3.7)
Boid Radius= 10
Boid Frame=
 0.82490	0.44013	-0.35471	4.40135
-0.20278	0.81614	0.54111	8.16139
-0.52765	0.37443	-0.76249	3.74432
0.00000	0.00000	0.00000	1.00000

boidNo = 18
boid Wall No = 0
position = = (-7.8, -6.0, -1.8)
Boid Radius= 10
Boid Frame=
 0.28917	-0.78073	-0.55394	-7.80727
-0.60119	-0.59842	0.52958	-5.98422
0.74495	-0.17988	0.64241	-1.79882
0.00000	0.00000	0.00000	1.00000

boidNo = 19
boid Wall No = 0
position = = (4.7, -8.3, -2.9)
Boid Radius= 10
Boid Frame=
 -0.76091	0.47017	0.44717	4.70168
-0.21499	-0.83292	0.50993	-8.32916
-0.61221	-0.29188	-0.73485	-2.91880
0.00000	0.00000	0.00000	1.00000

