Iteration Num of Simuation:0
m_SimulationDeltaT of action plan:0
boidNo = 0
boid Wall No = 0
position = = (2.2, -6.5, -9.8)
Boid Radius= 12
Boid Frame=
 -0.87964	0.18292	-0.43907	2.19501
-0.46287	-0.54167	0.70167	-6.50007
0.10948	-0.82045	-0.56114	-9.84536
0.00000	0.00000	0.00000	1.00000

boidNo = 1
boid Wall No = 0
position = = (-10.0, -5.9, -3.0)
Boid Radius= 12
Boid Frame=
 -0.03173	-0.83475	-0.54972	-10.01697
-0.41256	-0.49002	0.76791	-5.88020
0.91038	-0.25116	0.32883	-3.01391
0.00000	0.00000	0.00000	1.00000

boidNo = 2
boid Wall No = 1
position = = (0.9, 11.9, -0.8)
Boid Radius= 12
Boid Frame=
 -0.94501	0.07519	-0.31827	0.90224
0.04882	0.99474	0.09003	11.93690
-0.32337	-0.06954	0.94371	-0.83449
0.00000	0.00000	0.00000	1.00000

boidNo = 3
boid Wall No = 0
position = = (-9.8, -4.0, -5.6)
Boid Radius= 12
Boid Frame=
 -0.25150	-0.81906	-0.51565	-9.82869
-0.52482	-0.33224	0.78370	-3.98686
0.81321	-0.46772	0.34630	-5.61264
0.00000	0.00000	0.00000	1.00000

boidNo = 4
boid Wall No = 1
position = = (2.4, 11.7, 1.4)
Boid Radius= 12
Boid Frame=
 0.87615	0.19827	-0.43937	2.37922
-0.12071	0.97269	0.19823	11.67233
-0.46667	0.12065	-0.87616	1.44777
0.00000	0.00000	0.00000	1.00000

boidNo = 5
boid Wall No = 0
position = = (4.4, -9.7, 5.6)
Boid Radius= 12
Boid Frame=
 0.73902	0.36552	0.56590	4.38625
-0.05258	-0.80616	0.58936	-9.67387
-0.67163	0.46530	0.57655	5.58365
0.00000	0.00000	0.00000	1.00000

boidNo = 6
boid Wall No = 0
position = = (-1.4, -11.3, 3.8)
Boid Radius= 12
Boid Frame=
 0.86591	-0.11519	-0.48676	-1.38226
0.06094	-0.94158	0.33122	-11.29899
0.49648	0.31647	0.80830	3.79764
0.00000	0.00000	0.00000	1.00000

boidNo = 7
boid Wall No = 1
position = = (-3.0, 4.0, -10.9)
Boid Radius= 12
Boid Frame=
 -0.79802	-0.24797	-0.54925	-2.97564
-0.60261	0.33635	0.72369	4.03624
-0.00529	-0.90850	0.41785	-10.90203
0.00000	0.00000	0.00000	1.00000

boidNo = 8
boid Wall No = 1
position = = (6.1, 6.2, 8.3)
Boid Radius= 12
Boid Frame=
 0.79911	0.50443	0.32707	6.05321
-0.58196	0.51252	0.63138	6.15029
-0.15086	0.69489	-0.70312	8.33863
0.00000	0.00000	0.00000	1.00000

boidNo = 9
boid Wall No = 0
position = = (-2.3, -11.7, -0.8)
Boid Radius= 12
Boid Frame=
 -0.39045	-0.19500	-0.89974	-2.33995
0.01135	-0.97826	0.20709	-11.73908
0.92056	-0.07064	-0.38417	-0.84773
0.00000	0.00000	0.00000	1.00000

boidNo = 10
boid Wall No = 1
position = = (-2.2, 11.8, 0.6)
Boid Radius= 12
Boid Frame=
 0.00565	-0.18738	0.98227	-2.24855
-0.05004	0.98100	0.18742	11.77204
0.99873	0.05021	0.00383	0.60257
0.00000	0.00000	0.00000	1.00000

boidNo = 11
boid Wall No = 0
position = = (-3.1, -10.7, -4.5)
Boid Radius= 12
Boid Frame=
 -0.83697	-0.25471	-0.48436	-3.05653
0.00684	-0.88988	0.45615	-10.67853
0.54721	-0.37847	-0.74654	-4.54165
0.00000	0.00000	0.00000	1.00000

boidNo = 12
boid Wall No = 0
position = = (-3.9, -11.2, -1.4)
Boid Radius= 12
Boid Frame=
 -0.27962	-0.32705	-0.90269	-3.92459
-0.02581	-0.93729	0.34758	-11.24753
0.95976	-0.12049	-0.25364	-1.44592
0.00000	0.00000	0.00000	1.00000

boidNo = 13
boid Wall No = 0
position = = (11.7, -2.3, 1.6)
Boid Radius= 12
Boid Frame=
 0.00319	0.97214	0.23436	11.66573
-0.54694	-0.19451	0.81427	-2.33409
-0.83717	0.13078	-0.53108	1.56933
0.00000	0.00000	0.00000	1.00000

boidNo = 14
boid Wall No = 1
position = = (-10.3, 5.4, 3.1)
Boid Radius= 12
Boid Frame=
 -0.13149	-0.85448	0.50258	-10.25371
-0.67410	0.44879	0.58666	5.38547
0.72684	0.26165	0.63502	3.13978
0.00000	0.00000	0.00000	1.00000

boidNo = 15
boid Wall No = 1
position = = (-0.8, 11.9, -1.2)
Boid Radius= 12
Boid Frame=
 -0.94043	-0.06724	-0.33328	-0.80690
-0.09777	0.99233	0.07569	11.90792
-0.32563	-0.10376	0.93979	-1.24516
0.00000	0.00000	0.00000	1.00000

boidNo = 16
boid Wall No = 1
position = = (-0.1, 1.6, 11.9)
Boid Radius= 12
Boid Frame=
 0.70106	-0.00781	0.71306	-0.09371
-0.70606	0.13254	0.69564	1.59050
0.09994	0.99115	-0.08741	11.89376
0.00000	0.00000	0.00000	1.00000

boidNo = 17
boid Wall No = 0
position = = (6.6, -3.0, -9.5)
Boid Radius= 12
Boid Frame=
 -0.57471	0.55209	-0.60407	6.62506
-0.80575	-0.25269	0.53565	-3.03226
-0.14308	-0.79457	-0.59007	-9.53488
0.00000	0.00000	0.00000	1.00000

boidNo = 18
boid Wall No = 0
position = = (9.4, -5.0, -5.5)
Boid Radius= 12
Boid Frame=
 -0.61785	0.78607	-0.01912	9.43278
-0.54801	-0.41304	0.72738	-4.95645
-0.56387	-0.45989	-0.68596	-5.51871
0.00000	0.00000	0.00000	1.00000

boidNo = 19
boid Wall No = 1
position = = (7.5, 8.2, 4.5)
Boid Radius= 12
Boid Frame=
 0.75129	0.62208	-0.22042	7.46498
-0.38831	0.68670	0.61453	8.24046
-0.53365	0.37610	-0.75747	4.51320
0.00000	0.00000	0.00000	1.00000

boidNo = 20
boid Wall No = 0
position = = (-5.2, -10.7, -1.3)
Boid Radius= 12
Boid Frame=
 -0.40117	-0.43490	-0.80618	-5.21882
0.08557	-0.89405	0.43972	-10.72857
0.91200	-0.10742	-0.39588	-1.28905
0.00000	0.00000	0.00000	1.00000

boidNo = 21
boid Wall No = 1
position = = (-4.7, 6.6, -8.8)
Boid Radius= 12
Boid Frame=
 -0.85171	-0.39505	-0.34428	-4.74055
-0.51967	0.55241	0.65175	6.62894
0.06729	-0.73402	0.67579	-8.80820
0.00000	0.00000	0.00000	1.00000

boidNo = 22
boid Wall No = 0
position = = (10.8, -4.9, 2.1)
Boid Radius= 12
Boid Frame=
 -0.03235	0.89681	0.44122	10.76176
-0.44649	-0.40792	0.79639	-4.89510
-0.89420	0.17124	-0.41361	2.05487
0.00000	0.00000	0.00000	1.00000

boidNo = 23
boid Wall No = 0
position = = (-0.7, -11.8, -2.2)
Boid Radius= 12
Boid Frame=
 -0.96716	-0.05956	-0.24711	-0.71473
0.01173	-0.98158	0.19067	-11.77901
0.25391	-0.18151	-0.95004	-2.17809
0.00000	0.00000	0.00000	1.00000

boidNo = 24
boid Wall No = 1
position = = (-7.6, 9.1, -1.8)
Boid Radius= 12
Boid Frame=
 -0.58318	-0.62932	0.51366	-7.55189
-0.33531	0.76243	0.55342	9.14914
0.73991	-0.15051	0.65565	-1.80613
0.00000	0.00000	0.00000	1.00000

boidNo = 25
boid Wall No = 0
position = = (10.8, -3.1, 4.3)
Boid Radius= 12
Boid Frame=
 -0.29514	0.89592	0.33199	10.75103
-0.95458	-0.26164	-0.14255	-3.13972
0.04085	0.35899	-0.93245	4.30785
0.00000	0.00000	0.00000	1.00000

boidNo = 26
boid Wall No = 0
position = = (0.1, -12.0, -0.1)
Boid Radius= 12
Boid Frame=
 -0.73486	0.00620	0.67819	0.07445
0.00134	-0.99994	0.01060	-11.99932
-0.67821	-0.00870	-0.73481	-0.10440
0.00000	0.00000	0.00000	1.00000

boidNo = 27
boid Wall No = 0
position = = (-1.7, -2.7, -11.6)
Boid Radius= 12
Boid Frame=
 -0.70036	-0.13879	-0.70017	-1.66543
-0.66622	-0.22502	0.71100	-2.70028
0.25623	-0.96442	-0.06514	-11.57302
0.00000	0.00000	0.00000	1.00000

boidNo = 28
boid Wall No = 1
position = = (8.9, 1.5, -7.9)
Boid Radius= 12
Boid Frame=
 -0.40798	0.73906	-0.53605	8.86869
-0.69771	0.12631	0.70516	1.51567
-0.58886	-0.66170	-0.46412	-7.94035
0.00000	0.00000	0.00000	1.00000

boidNo = 29
boid Wall No = 0
position = = (-3.1, -10.2, -5.6)
Boid Radius= 12
Boid Frame=
 -0.87980	-0.26028	-0.39775	-3.12330
0.01073	-0.84743	0.53080	-10.16914
0.47522	-0.46273	-0.74836	-5.55281
0.00000	0.00000	0.00000	1.00000

