Iteration Num of Simuation:0
m_SimulationDeltaT of action plan:0
boidNo = 0
boid Wall No = 0
position = = (3.3, -8.8, -3.6)
Boid Radius= 10
Boid Frame=
 -0.88676	0.32807	0.32561	3.28067
-0.15563	-0.87523	0.45799	-8.75229
-0.43523	-0.35545	-0.82718	-3.55452
0.00000	0.00000	0.00000	1.00000

boidNo = 1
boid Wall No = 1
position = = (-3.1, 7.4, -6.0)
Boid Radius= 10
Boid Frame=
 -0.69459	-0.31195	-0.64825	-3.11951
-0.60692	0.73790	0.29521	7.37903
-0.38625	-0.59849	0.70187	-5.98486
0.00000	0.00000	0.00000	1.00000

boidNo = 2
boid Wall No = 1
position = = (0.0, 9.0, 4.3)
Boid Radius= 10
Boid Frame=
 0.67151	-0.00249	0.74099	-0.02486
-0.31478	0.90432	0.28830	9.04321
0.67081	0.42685	-0.60648	4.26846
0.00000	0.00000	0.00000	1.00000

boidNo = 3
boid Wall No = 0
position = = (-0.8, -8.9, 4.5)
Boid Radius= 10
Boid Frame=
 0.91649	-0.08422	-0.39110	-0.84224
0.10718	-0.89016	0.44287	-8.90158
0.38544	0.44780	0.80679	4.47801
0.00000	0.00000	0.00000	1.00000

boidNo = 4
boid Wall No = 1
position = = (4.2, 7.0, -5.8)
Boid Radius= 10
Boid Frame=
 -0.53152	0.41732	-0.73711	4.17319
-0.32581	0.70254	0.63268	7.02538
-0.78188	-0.57644	0.23745	-5.76442
0.00000	0.00000	0.00000	1.00000

boidNo = 5
boid Wall No = 0
position = = (8.0, -5.5, 2.2)
Boid Radius= 10
Boid Frame=
 -0.00589	0.80315	0.59575	8.03147
-0.37243	-0.55466	0.74407	-5.54664
-0.92804	0.21749	-0.30239	2.17492
0.00000	0.00000	0.00000	1.00000

boidNo = 6
boid Wall No = 0
position = = (3.0, -0.1, -9.5)
Boid Radius= 10
Boid Frame=
 -0.09908	0.30004	-0.94877	3.00043
-0.99490	-0.01193	0.10013	-0.11930
-0.01872	-0.95385	-0.29970	-9.53851
0.00000	0.00000	0.00000	1.00000

boidNo = 7
boid Wall No = 0
position = = (3.7, -3.3, 8.7)
Boid Radius= 10
Boid Frame=
 0.43029	0.37039	0.82320	3.70387
-0.76794	-0.32913	0.54949	-3.29127
-0.47446	0.86861	-0.14281	8.68613
0.00000	0.00000	0.00000	1.00000

boidNo = 8
boid Wall No = 0
position = = (-4.8, -4.7, 7.5)
Boid Radius= 10
Boid Frame=
 0.84739	-0.47580	0.23568	-4.75799
-0.47006	-0.46581	0.74971	-4.65809
0.24693	0.74608	0.61838	7.46081
0.00000	0.00000	0.00000	1.00000

boidNo = 9
boid Wall No = 1
position = = (3.2, 9.5, -0.7)
Boid Radius= 10
Boid Frame=
 -0.24610	0.31541	-0.91649	3.15410
0.00659	0.94609	0.32383	9.46093
-0.96922	-0.07365	0.23491	-0.73652
0.00000	0.00000	0.00000	1.00000

boidNo = 10
boid Wall No = 0
position = = (5.2, -8.3, 1.7)
Boid Radius= 10
Boid Frame=
 0.05896	0.52397	0.84969	5.23970
-0.16519	-0.83432	0.52595	-8.34320
-0.98450	0.17137	-0.03736	1.71367
0.00000	0.00000	0.00000	1.00000

boidNo = 11
boid Wall No = 0
position = = (6.9, -3.0, 6.6)
Boid Radius= 10
Boid Frame=
 0.42028	0.68756	0.59213	6.87565
-0.57555	-0.30250	0.75976	-3.02500
-0.70150	0.66011	-0.26859	6.60113
0.00000	0.00000	0.00000	1.00000

boidNo = 12
boid Wall No = 1
position = = (0.0, 2.5, 9.7)
Boid Radius= 10
Boid Frame=
 0.71090	0.00431	0.70328	0.04305
-0.68158	0.25082	0.68742	2.50816
0.17344	0.96803	-0.18124	9.68025
0.00000	0.00000	0.00000	1.00000

boidNo = 13
boid Wall No = 1
position = = (0.4, 6.0, -8.0)
Boid Radius= 10
Boid Frame=
 -0.82494	0.03585	-0.56409	0.35847
-0.43138	0.60494	0.66930	6.04935
-0.36523	-0.79547	0.48357	-7.95467
0.00000	0.00000	0.00000	1.00000

boidNo = 14
boid Wall No = 1
position = = (-2.2, 9.7, -0.1)
Boid Radius= 10
Boid Frame=
 -0.68036	-0.22458	0.69762	-2.24578
-0.14816	0.97439	0.16918	9.74385
0.71774	-0.01175	0.69621	-0.11747
0.00000	0.00000	0.00000	1.00000

boidNo = 15
boid Wall No = 1
position = = (-0.4, 9.9, -1.5)
Boid Radius= 9.999999
Boid Frame=
 -0.79164	-0.04130	-0.60959	-0.41296
-0.12353	0.98793	0.09350	9.87925
-0.59837	-0.14932	0.78718	-1.49325
0.00000	0.00000	0.00000	1.00000

boidNo = 16
boid Wall No = 1
position = = (3.5, 9.2, 1.6)
Boid Radius= 9.999999
Boid Frame=
 0.93557	0.34745	0.06317	3.47452
-0.35310	0.92337	0.15071	9.23369
0.00596	0.16330	-0.98656	1.63301
0.00000	0.00000	0.00000	1.00000

boidNo = 17
boid Wall No = 1
position = = (6.4, 0.4, 7.7)
Boid Radius= 10
Boid Frame=
 0.59936	0.64070	0.47986	6.40701
-0.65069	0.04081	0.75824	0.40814
-0.46622	0.76671	-0.44136	7.66705
0.00000	0.00000	0.00000	1.00000

boidNo = 18
boid Wall No = 1
position = = (-3.4, 8.1, 4.7)
Boid Radius= 10
Boid Frame=
 -0.18864	-0.34202	0.92057	-3.42016
-0.54799	0.81454	0.19034	8.14544
0.81494	0.46856	0.34107	4.68556
0.00000	0.00000	0.00000	1.00000

boidNo = 19
boid Wall No = 0
position = = (-0.5, -10.0, -0.3)
Boid Radius= 10
Boid Frame=
 -0.44767	-0.04909	-0.89285	-0.49089
-0.00913	-0.99819	0.05946	-9.98189
0.89415	-0.03477	-0.44641	-0.34767
0.00000	0.00000	0.00000	1.00000

