Iteration Num of Simuation:0
m_SimulationDeltaT of action plan:0
boidNo = 0
boid Wall No = 0
position = = (7.8, -2.3, -5.7)
Boid Radius= 10
Boid Frame=
 -0.53555	0.78384	-0.31430	7.83837
-0.72417	-0.23478	0.64843	-2.34776
-0.43448	-0.57487	-0.69336	-5.74874
0.00000	0.00000	0.00000	1.00000

boidNo = 1
boid Wall No = 1
position = = (0.5, 10.0, 0.6)
Boid Radius= 10
Boid Frame=
 0.65426	0.04588	-0.75488	0.45883
0.01716	0.99700	0.07547	9.97001
-0.75608	0.06233	-0.65151	0.62326
0.00000	0.00000	0.00000	1.00000

boidNo = 2
boid Wall No = 0
position = = (0.7, -0.5, -10.0)
Boid Radius= 10
Boid Frame=
 0.17346	0.06899	-0.98242	0.68986
-0.98296	-0.04942	-0.17703	-0.49416
0.06076	-0.99639	-0.05924	-9.96393
0.00000	0.00000	0.00000	1.00000

boidNo = 3
boid Wall No = 1
position = = (-9.5, 1.5, 2.7)
Boid Radius= 10
Boid Frame=
 0.05932	-0.95112	0.30307	-9.51121
-0.77944	0.14555	0.60934	1.45546
0.62366	0.27237	0.73271	2.72370
0.00000	0.00000	0.00000	1.00000

boidNo = 4
boid Wall No = 1
position = = (5.7, 7.8, -2.6)
Boid Radius= 10
Boid Frame=
 -0.11563	0.56989	-0.81354	5.69892
-0.24271	0.77800	0.57949	7.78001
-0.96318	-0.26446	-0.04836	-2.64457
0.00000	0.00000	0.00000	1.00000

boidNo = 5
boid Wall No = 1
position = = (-1.3, 7.3, -6.7)
Boid Radius= 10
Boid Frame=
 -0.67440	-0.12614	-0.72751	-1.26144
-0.55905	0.73087	0.39151	7.30874
-0.48233	-0.67075	0.56342	-6.70754
0.00000	0.00000	0.00000	1.00000

boidNo = 6
boid Wall No = 1
position = = (5.9, 3.8, -7.1)
Boid Radius= 10
Boid Frame=
 -0.43703	0.58741	-0.68114	5.87414
-0.59222	0.38204	0.70945	3.82041
-0.67696	-0.71343	-0.18092	-7.13435
0.00000	0.00000	0.00000	1.00000

boidNo = 7
boid Wall No = 1
position = = (2.3, 9.7, -0.9)
Boid Radius= 10
Boid Frame=
 -0.20216	0.22676	-0.95274	2.26756
-0.04146	0.96997	0.23965	9.69973
-0.97847	-0.08795	0.18669	-0.87949
0.00000	0.00000	0.00000	1.00000

boidNo = 8
boid Wall No = 0
position = = (6.0, -6.7, 4.3)
Boid Radius= 10
Boid Frame=
 0.38037	0.59700	0.70634	5.96997
-0.23883	-0.67444	0.69864	-6.74436
-0.89347	0.43443	0.11396	4.34432
0.00000	0.00000	0.00000	1.00000

boidNo = 9
boid Wall No = 0
position = = (-2.6, -9.2, -2.8)
Boid Radius= 10
Boid Frame=
 -0.81529	-0.26038	-0.51721	-2.60385
0.05198	-0.92250	0.38248	-9.22500
0.57672	-0.28495	-0.76564	-2.84947
0.00000	0.00000	0.00000	1.00000

