Iteration Num of Simuation:0
m_SimulationDeltaT of action plan:0
boidNo = 0
boid Wall No = 1
position = = (-2.1, 4.7, 8.6)
Boid Radius= 10
Boid Frame=
 0.52107	-0.20723	0.82797	-2.07230
-0.68896	0.47049	0.55134	4.70488
0.50381	0.85773	-0.10238	8.57728
0.00000	0.00000	0.00000	1.00000

boidNo = 1
boid Wall No = 1
position = = (8.3, 5.3, -1.8)
Boid Radius= 9.999999
Boid Frame=
 0.31202	0.82727	-0.46720	8.27268
-0.69932	0.53285	0.47647	5.32846
-0.64311	-0.17805	-0.74479	-1.78055
0.00000	0.00000	0.00000	1.00000

boidNo = 2
boid Wall No = 1
position = = (5.8, 6.4, -5.0)
Boid Radius= 10
Boid Frame=
 0.16763	0.57958	-0.79749	5.79583
-0.69552	0.64283	0.32098	6.42825
-0.69868	-0.50086	-0.51087	-5.00859
0.00000	0.00000	0.00000	1.00000

boidNo = 3
boid Wall No = 0
position = = (1.5, -9.7, -1.9)
Boid Radius= 10
Boid Frame=
 -0.71175	0.15443	0.68525	1.54434
0.02691	-0.96882	0.24629	-9.68821
-0.70192	-0.19374	-0.68540	-1.93740
0.00000	0.00000	0.00000	1.00000

boidNo = 4
boid Wall No = 0
position = = (-0.4, -10.0, 0.5)
Boid Radius= 10
Boid Frame=
 0.73748	-0.04447	-0.67391	-0.44472
-0.00070	-0.99788	0.06509	-9.97879
0.67537	0.04753	0.73594	0.47528
0.00000	0.00000	0.00000	1.00000

boidNo = 5
boid Wall No = 0
position = = (-5.4, -7.8, -3.1)
Boid Radius= 10
Boid Frame=
 -0.08252	-0.54240	-0.83606	-5.42397
-0.32112	-0.77971	0.53753	-7.79705
0.94344	-0.31283	0.10984	-3.12835
0.00000	0.00000	0.00000	1.00000

boidNo = 6
boid Wall No = 1
position = = (-8.0, 3.6, 4.8)
Boid Radius= 10
Boid Frame=
 0.23120	-0.80036	0.55314	-8.00364
-0.55882	0.35616	0.74891	3.56158
0.79641	0.48225	0.36491	4.82254
0.00000	0.00000	0.00000	1.00000

boidNo = 7
boid Wall No = 0
position = = (2.1, -9.7, 0.8)
Boid Radius= 10
Boid Frame=
 0.19037	0.21441	0.95801	2.14410
-0.03965	-0.97338	0.22573	-9.73383
-0.98091	0.08096	0.17681	0.80957
0.00000	0.00000	0.00000	1.00000

boidNo = 8
boid Wall No = 1
position = = (-9.8, 0.1, -2.0)
Boid Radius= 9.999999
Boid Frame=
 -0.15835	-0.97945	-0.12490	-9.79451
-0.66811	0.01314	0.74395	0.13143
0.72702	-0.20125	0.65646	-2.01252
0.00000	0.00000	0.00000	1.00000

boidNo = 9
boid Wall No = 0
position = = (-6.3, -0.6, -7.8)
Boid Radius= 10
Boid Frame=
 -0.35611	-0.62787	-0.69207	-6.27874
-0.86589	-0.05672	0.49701	-0.56717
0.35131	-0.77625	0.52347	-7.76246
0.00000	0.00000	0.00000	1.00000

boidNo = 10
boid Wall No = 0
position = = (5.2, -8.5, 0.6)
Boid Radius= 10
Boid Frame=
 0.24173	0.52221	0.81784	5.22210
0.08461	-0.85097	0.51836	-8.50969
-0.96665	0.05610	0.24989	0.56103
0.00000	0.00000	0.00000	1.00000

boidNo = 11
boid Wall No = 1
position = = (-1.4, 0.9, -9.9)
Boid Radius= 10
Boid Frame=
 -0.54532	-0.14319	-0.82591	-1.43189
-0.83822	0.08833	0.53814	0.88327
0.00411	-0.98575	0.16819	-9.85746
0.00000	0.00000	0.00000	1.00000

boidNo = 12
boid Wall No = 0
position = = (2.1, -8.6, -4.6)
Boid Radius= 10
Boid Frame=
 -0.80838	0.21256	0.54894	2.12563
0.10961	-0.86186	0.49516	-8.61861
-0.57836	-0.46045	-0.67341	-4.60449
0.00000	0.00000	0.00000	1.00000

boidNo = 13
boid Wall No = 1
position = = (-3.2, 8.9, 3.4)
Boid Radius= 10
Boid Frame=
 0.64166	-0.32020	0.69695	-3.20203
-0.05834	0.88568	0.46062	8.85676
0.76477	0.33623	-0.54962	3.36226
0.00000	0.00000	0.00000	1.00000

boidNo = 14
boid Wall No = 1
position = = (-1.5, 9.8, 1.4)
Boid Radius= 10
Boid Frame=
 -0.10257	-0.14878	0.98354	-1.48782
-0.15653	0.97885	0.13175	9.78847
0.98233	0.14044	0.12368	1.40440
0.00000	0.00000	0.00000	1.00000

boidNo = 15
boid Wall No = 1
position = = (-0.7, 10.0, -0.7)
Boid Radius= 10
Boid Frame=
 -0.24332	-0.07100	0.96735	-0.70997
0.04735	0.99526	0.08495	9.95259
0.96879	-0.06647	0.23880	-0.66473
0.00000	0.00000	0.00000	1.00000

boidNo = 16
boid Wall No = 1
position = = (-1.9, 9.7, -1.6)
Boid Radius= 10
Boid Frame=
 -0.70730	-0.18965	0.68099	-1.89652
-0.02299	0.96900	0.24598	9.69001
0.70654	-0.15833	0.68974	-1.58330
0.00000	0.00000	0.00000	1.00000

boidNo = 17
boid Wall No = 0
position = = (-5.8, -5.6, -6.0)
Boid Radius= 10
Boid Frame=
 -0.50199	-0.57761	-0.64372	-5.77606
-0.33485	-0.55645	0.76042	-5.56446
0.79742	-0.59728	-0.08592	-5.97276
0.00000	0.00000	0.00000	1.00000

boidNo = 18
boid Wall No = 1
position = = (-8.0, 2.6, 5.5)
Boid Radius= 10
Boid Frame=
 0.24662	-0.79557	0.55339	-7.95572
-0.68367	0.26189	0.68118	2.61891
0.68686	0.54633	0.47932	5.46332
0.00000	0.00000	0.00000	1.00000

boidNo = 19
boid Wall No = 1
position = = (-2.4, 9.6, -1.2)
Boid Radius= 10
Boid Frame=
 -0.89769	-0.23585	0.37218	-2.35853
-0.16770	0.96399	0.20641	9.63989
0.40746	-0.12288	0.90492	-1.22875
0.00000	0.00000	0.00000	1.00000

