Iteration Num of Simuation:0
m_SimulationDeltaT of action plan:0
boidNo = 0
boid Wall No = 1
position = = (-7.0, 5.6, -4.3)
Boid Radius= 10
Boid Frame=
 -0.70308	-0.70255	0.10999	-7.02555
-0.45703	0.56492	0.68702	5.64921
0.54480	-0.43276	0.71827	-4.32760
0.00000	0.00000	0.00000	1.00000

boidNo = 1
boid Wall No = 0
position = = (4.9, -6.5, -5.8)
Boid Radius= 10
Boid Frame=
 -0.83260	0.48570	-0.26622	4.85704
-0.54804	-0.65283	0.52293	-6.52830
-0.08019	-0.58130	-0.80973	-5.81296
0.00000	0.00000	0.00000	1.00000

boidNo = 2
boid Wall No = 0
position = = (-1.5, -7.9, 5.9)
Boid Radius= 10
Boid Frame=
 0.73560	-0.15357	0.65978	-1.53572
-0.48961	-0.79363	0.36115	-7.93629
-0.46816	0.58870	0.65899	5.88701
0.00000	0.00000	0.00000	1.00000

boidNo = 3
boid Wall No = 0
position = = (-2.7, -6.0, 7.5)
Boid Radius= 10
Boid Frame=
 0.94079	-0.27446	0.19897	-2.74464
-0.32957	-0.60303	0.72645	-6.03031
0.07940	0.74901	0.65778	7.49014
0.00000	0.00000	0.00000	1.00000

boidNo = 4
boid Wall No = 0
position = = (-3.5, -9.3, 0.9)
Boid Radius= 10
Boid Frame=
 -0.42993	-0.34625	-0.83383	-3.46245
0.24350	-0.93379	0.26220	-9.33787
0.86941	0.09031	-0.48577	0.90307
0.00000	0.00000	0.00000	1.00000

boidNo = 5
boid Wall No = 1
position = = (9.3, 3.3, 1.8)
Boid Radius= 10
Boid Frame=
 0.35445	0.92764	-0.11772	9.27636
-0.61480	0.32605	0.71813	3.26050
-0.70455	0.18216	-0.68588	1.82165
0.00000	0.00000	0.00000	1.00000

boidNo = 6
boid Wall No = 0
position = = (-2.2, -7.9, 5.7)
Boid Radius= 9.999999
Boid Frame=
 0.94597	-0.21735	-0.24060	-2.17354
-0.02514	-0.78898	0.61391	-7.88975
0.32326	0.57470	0.75181	5.74696
0.00000	0.00000	0.00000	1.00000

boidNo = 7
boid Wall No = 1
position = = (2.6, 9.6, 0.4)
Boid Radius= 10
Boid Frame=
 0.56608	0.25898	-0.78261	2.58983
-0.11437	0.96486	0.23657	9.64861
-0.81638	0.04440	-0.57581	0.44405
0.00000	0.00000	0.00000	1.00000

boidNo = 8
boid Wall No = 1
position = = (0.1, 9.8, 1.8)
Boid Radius= 10
Boid Frame=
 0.93316	0.00601	0.35940	0.06013
-0.06872	0.98440	0.16195	9.84404
0.35283	0.17582	-0.91902	1.75818
0.00000	0.00000	0.00000	1.00000

boidNo = 9
boid Wall No = 1
position = = (10.0, 0.5, 0.0)
Boid Radius= 10
Boid Frame=
 0.03381	0.99893	-0.03160	9.98929
-0.73408	0.04628	0.67748	0.46277
-0.67822	-0.00029	-0.73486	-0.00290
0.00000	0.00000	0.00000	1.00000

boidNo = 10
boid Wall No = 0
position = = (8.7, -4.9, 0.9)
Boid Radius= 10
Boid Frame=
 -0.31230	0.86555	0.39153	8.65549
-0.66969	-0.49290	0.55548	-4.92903
-0.67378	0.08873	-0.73359	0.88727
0.00000	0.00000	0.00000	1.00000

boidNo = 11
boid Wall No = 0
position = = (6.5, -7.5, 1.0)
Boid Radius= 10
Boid Frame=
 0.05246	0.65411	0.75458	6.54108
-0.09120	-0.74932	0.65589	-7.49325
-0.99445	0.10322	-0.02034	1.03223
0.00000	0.00000	0.00000	1.00000

boidNo = 12
boid Wall No = 1
position = = (0.1, 9.1, -4.2)
Boid Radius= 10
Boid Frame=
 -0.98261	0.00586	-0.18557	0.05862
-0.07339	0.90583	0.41723	9.05832
-0.17054	-0.42360	0.88965	-4.23596
0.00000	0.00000	0.00000	1.00000

boidNo = 13
boid Wall No = 0
position = = (-8.4, -3.7, -4.0)
Boid Radius= 10
Boid Frame=
 0.07152	-0.83784	-0.54121	-8.37839
-0.80117	-0.37146	0.46919	-3.71463
0.59414	-0.40005	0.69782	-4.00051
0.00000	0.00000	0.00000	1.00000

boidNo = 14
boid Wall No = 0
position = = (-2.7, -2.7, 9.2)
Boid Radius= 10
Boid Frame=
 0.52474	-0.27240	0.80650	-2.72395
-0.84625	-0.26956	0.45956	-2.69562
-0.09222	0.92365	0.37197	9.23654
0.00000	0.00000	0.00000	1.00000

boidNo = 15
boid Wall No = 1
position = = (1.7, 9.6, 2.0)
Boid Radius= 10
Boid Frame=
 0.66069	0.17463	-0.73006	1.74633
0.03329	0.96479	0.26091	9.64789
-0.74992	0.19669	-0.63162	1.96687
0.00000	0.00000	0.00000	1.00000

boidNo = 16
boid Wall No = 0
position = = (-5.7, -5.6, -6.0)
Boid Radius= 10
Boid Frame=
 -0.44121	-0.56651	-0.69599	-5.66507
-0.41197	-0.56114	0.71791	-5.61142
0.79725	-0.60348	-0.01420	-6.03482
0.00000	0.00000	0.00000	1.00000

boidNo = 17
boid Wall No = 1
position = = (-5.1, 8.4, 1.7)
Boid Radius= 9.999999
Boid Frame=
 -0.23377	-0.51392	0.82537	-5.13916
-0.32527	0.84132	0.43172	8.41320
0.91627	0.16755	0.36384	1.67545
0.00000	0.00000	0.00000	1.00000

boidNo = 18
boid Wall No = 0
position = = (6.9, -7.2, -0.7)
Boid Radius= 10
Boid Frame=
 -0.25145	0.68912	0.67962	6.89123
-0.14478	-0.72106	0.67758	-7.21061
-0.95698	-0.07198	-0.28108	-0.71984
0.00000	0.00000	0.00000	1.00000

boidNo = 19
boid Wall No = 1
position = = (1.9, 4.4, 8.8)
Boid Radius= 10
Boid Frame=
 0.83991	0.18547	0.51005	1.85468
-0.53472	0.44365	0.71920	4.43645
0.09289	0.87680	-0.47179	8.76802
0.00000	0.00000	0.00000	1.00000

