Iteration Num of Simuation:0
m_SimulationDeltaT of action plan:0
boidNo = 0
boid Wall No = 1
position = = (1.2, 0.5, -9.9)
Boid Radius= 10
Boid Frame=
 -0.65264	0.11946	-0.74819	1.19464
-0.74841	0.05224	0.66118	0.52238
-0.11807	-0.99146	-0.05532	-9.91464
0.00000	0.00000	0.00000	1.00000

boidNo = 1
boid Wall No = 0
position = = (-6.7, -6.8, -3.1)
Boid Radius= 10
Boid Frame=
 -0.22685	-0.66998	-0.70687	-6.69976
-0.20678	-0.67612	0.70718	-6.76117
0.95173	-0.30659	-0.01484	-3.06592
0.00000	0.00000	0.00000	1.00000

boidNo = 2
boid Wall No = 1
position = = (-7.4, 6.1, 2.7)
Boid Radius= 9.999999
Boid Frame=
 0.01095	-0.74365	0.66848	-7.43652
-0.39303	0.61151	0.68672	6.11511
0.91946	0.27025	0.28558	2.70251
0.00000	0.00000	0.00000	1.00000

boidNo = 3
boid Wall No = 0
position = = (-5.0, -6.0, 6.3)
Boid Radius= 10
Boid Frame=
 0.86440	-0.50279	-0.00191	-5.02795
-0.34533	-0.59646	0.72456	-5.96457
0.36545	0.62565	0.68921	6.25649
0.00000	0.00000	0.00000	1.00000

boidNo = 4
boid Wall No = 1
position = = (-1.0, 1.3, -9.9)
Boid Radius= 10
Boid Frame=
 -0.74112	-0.10091	-0.66375	-1.00905
-0.67127	0.12869	0.72995	1.28687
-0.01176	-0.98654	0.16311	-9.86538
0.00000	0.00000	0.00000	1.00000

boidNo = 5
boid Wall No = 0
position = = (-0.1, -9.8, 1.8)
Boid Radius= 10
Boid Frame=
 0.99940	-0.00896	0.03334	-0.08965
-0.01473	-0.98413	0.17684	-9.84130
-0.03123	0.17722	0.98368	1.77223
0.00000	0.00000	0.00000	1.00000

boidNo = 6
boid Wall No = 0
position = = (-6.9, -6.2, 3.7)
Boid Radius= 10
Boid Frame=
 0.71762	-0.69247	-0.07417	-6.92473
-0.53982	-0.62037	0.56898	-6.20371
0.44002	0.36827	0.81900	3.68268
0.00000	0.00000	0.00000	1.00000

boidNo = 7
boid Wall No = 1
position = = (0.3, 1.0, -9.9)
Boid Radius= 10
Boid Frame=
 -0.55108	0.02889	-0.83395	0.28890
-0.82840	0.10115	0.55092	1.01146
-0.10027	-0.99445	0.03181	-9.94452
0.00000	0.00000	0.00000	1.00000

boidNo = 8
boid Wall No = 0
position = = (-6.2, -7.4, -2.8)
Boid Radius= 10
Boid Frame=
 -0.29642	-0.61511	-0.73060	-6.15115
-0.11183	-0.73736	0.66618	-7.37358
0.94849	-0.27917	-0.14978	-2.79172
0.00000	0.00000	0.00000	1.00000

boidNo = 9
boid Wall No = 0
position = = (-6.7, -7.4, -0.6)
Boid Radius= 10
Boid Frame=
 0.02237	-0.66831	-0.74354	-6.68314
-0.10578	-0.74114	0.66297	-7.41136
0.99414	-0.06383	0.08727	-0.63826
0.00000	0.00000	0.00000	1.00000

boidNo = 10
boid Wall No = 1
position = = (-2.6, 8.4, -4.8)
Boid Radius= 10
Boid Frame=
 -0.94841	-0.25938	0.18234	-2.59381
-0.12763	0.83877	0.52931	8.38774
0.29023	-0.47873	0.82860	-4.78728
0.00000	0.00000	0.00000	1.00000

boidNo = 11
boid Wall No = 0
position = = (1.3, -0.9, -9.9)
Boid Radius= 10
Boid Frame=
 0.18537	0.13403	-0.97348	1.34032
-0.97601	-0.09003	-0.19825	-0.90028
0.11421	-0.98688	-0.11413	-9.86879
0.00000	0.00000	0.00000	1.00000

boidNo = 12
boid Wall No = 0
position = = (7.6, -3.2, 5.7)
Boid Radius= 10
Boid Frame=
 0.11314	0.75823	0.64209	7.58233
-0.79549	-0.31808	0.51578	-3.18078
-0.59531	0.56913	-0.56718	5.69130
0.00000	0.00000	0.00000	1.00000

boidNo = 13
boid Wall No = 0
position = = (-0.7, -9.9, -1.5)
Boid Radius= 10
Boid Frame=
 -0.89246	-0.07459	-0.44492	-0.74588
-0.00106	-0.98589	0.16740	-9.85888
0.45113	-0.14987	-0.87979	-1.49871
0.00000	0.00000	0.00000	1.00000

boidNo = 14
boid Wall No = 1
position = = (-2.4, 8.8, -4.1)
Boid Radius= 9.999999
Boid Frame=
 -0.94185	-0.23787	0.23735	-2.37865
-0.10644	0.88116	0.46068	8.81161
0.31872	-0.40863	0.85524	-4.08627
0.00000	0.00000	0.00000	1.00000

boidNo = 15
boid Wall No = 1
position = = (-3.9, 9.0, 1.9)
Boid Radius= 9.999999
Boid Frame=
 0.27216	-0.38820	0.88047	-3.88199
-0.08371	0.90199	0.42356	9.01991
0.95860	0.18898	-0.21299	1.88980
0.00000	0.00000	0.00000	1.00000

boidNo = 16
boid Wall No = 0
position = = (1.6, -5.5, 8.2)
Boid Radius= 10
Boid Frame=
 0.36007	0.15528	0.91991	1.55277
-0.74416	-0.54689	0.38359	-5.46891
-0.56265	0.82268	0.08137	8.22678
0.00000	0.00000	0.00000	1.00000

boidNo = 17
boid Wall No = 0
position = = (-4.3, -8.7, 2.6)
Boid Radius= 9.999999
Boid Frame=
 0.61549	-0.42548	-0.66343	-4.25479
-0.06646	-0.86678	0.49424	-8.66783
0.78534	0.26010	0.56177	2.60105
0.00000	0.00000	0.00000	1.00000

boidNo = 18
boid Wall No = 1
position = = (1.8, 2.6, -9.5)
Boid Radius= 10
Boid Frame=
 -0.72446	0.17598	-0.66647	1.75979
-0.62025	0.25541	0.74166	2.55414
-0.30074	-0.95068	0.07589	-9.50681
0.00000	0.00000	0.00000	1.00000

boidNo = 19
boid Wall No = 1
position = = (3.7, 1.5, 9.1)
Boid Radius= 10
Boid Frame=
 0.72662	0.37376	0.57648	3.73759
-0.66126	0.15277	0.73443	1.52773
-0.18643	0.91486	-0.35816	9.14858
0.00000	0.00000	0.00000	1.00000

