Iteration Num of Simuation:0
m_SimulationDeltaT of action plan:0
boidNo = 0
boid Wall No = 1
position = = (3.4, 8.1, -4.8)
Boid Radius= 10
Boid Frame=
 -0.10988	0.34244	-0.93309	3.42441
-0.46937	0.80963	0.35240	8.09630
-0.87614	-0.47669	-0.07177	-4.76691
0.00000	0.00000	0.00000	1.00000

boidNo = 1
boid Wall No = 1
position = = (0.3, 3.0, -9.5)
Boid Radius= 10
Boid Frame=
 -0.74863	0.02594	-0.66248	0.25943
-0.62547	0.30374	0.71870	3.03735
-0.21986	-0.95240	0.21116	-9.52403
0.00000	0.00000	0.00000	1.00000

boidNo = 2
boid Wall No = 0
position = = (4.5, -8.9, 1.3)
Boid Radius= 10
Boid Frame=
 0.07770	0.44665	0.89133	4.46651
-0.10162	-0.88583	0.45275	-8.85826
-0.99178	0.12576	0.02344	1.25758
0.00000	0.00000	0.00000	1.00000

boidNo = 3
boid Wall No = 1
position = = (-6.0, 7.5, -2.8)
Boid Radius= 10
Boid Frame=
 -0.64211	-0.59735	0.48049	-5.97346
-0.24039	0.75205	0.61370	7.52052
0.72794	-0.27856	0.62650	-2.78562
0.00000	0.00000	0.00000	1.00000

boidNo = 4
boid Wall No = 1
position = = (-9.9, 0.3, 1.5)
Boid Radius= 10
Boid Frame=
 0.09200	-0.98865	0.11873	-9.88655
-0.65743	0.02924	0.75295	0.29244
0.74788	0.14733	0.64728	1.47332
0.00000	0.00000	0.00000	1.00000

boidNo = 5
boid Wall No = 1
position = = (-3.6, 5.6, -7.5)
Boid Radius= 10
Boid Frame=
 -0.86421	-0.36138	-0.35005	-3.61384
-0.50120	0.55757	0.66175	5.57569
0.04397	-0.74734	0.66298	-7.47341
0.00000	0.00000	0.00000	1.00000

boidNo = 6
boid Wall No = 1
position = = (4.5, 8.7, 2.2)
Boid Radius= 10
Boid Frame=
 0.69062	0.45006	-0.56612	4.50062
-0.18456	0.86653	0.46374	8.66533
-0.69927	0.21579	-0.68151	2.15789
0.00000	0.00000	0.00000	1.00000

boidNo = 7
boid Wall No = 0
position = = (-4.2, -7.3, 5.4)
Boid Radius= 10
Boid Frame=
 0.87737	-0.42009	-0.23183	-4.20087
-0.17490	-0.72993	0.66077	-7.29929
0.44680	0.53920	0.71389	5.39195
0.00000	0.00000	0.00000	1.00000

boidNo = 8
boid Wall No = 1
position = = (0.7, 6.3, 7.7)
Boid Radius= 10
Boid Frame=
 0.89811	0.07083	0.43403	0.70827
-0.37706	0.63193	0.67712	6.31928
0.22631	0.77178	-0.59425	7.71784
0.00000	0.00000	0.00000	1.00000

boidNo = 9
boid Wall No = 0
position = = (2.7, -5.6, -7.9)
Boid Radius= 10
Boid Frame=
 -0.75995	0.26720	-0.59252	2.67196
-0.62318	-0.55858	0.54739	-5.58583
0.18471	-0.78523	-0.59101	-7.85233
0.00000	0.00000	0.00000	1.00000

boidNo = 10
boid Wall No = 1
position = = (-3.2, 8.6, 3.9)
Boid Radius= 10
Boid Frame=
 -0.18457	-0.31641	0.93049	-3.16409
-0.46320	0.86302	0.20159	8.63024
0.86682	0.39380	0.30585	3.93796
0.00000	0.00000	0.00000	1.00000

boidNo = 11
boid Wall No = 0
position = = (0.6, -9.9, -1.6)
Boid Radius= 10
Boid Frame=
 -0.97202	0.05566	0.22820	0.55662
-0.01777	-0.98616	0.16484	-9.86161
-0.23422	-0.15617	-0.95956	-1.56168
0.00000	0.00000	0.00000	1.00000

boidNo = 12
boid Wall No = 0
position = = (0.1, -10.0, 0.9)
Boid Radius= 10
Boid Frame=
 0.99982	0.01444	-0.01240	0.14436
0.01554	-0.99545	0.09406	-9.95445
0.01099	0.09424	0.99549	0.94239
0.00000	0.00000	0.00000	1.00000

boidNo = 13
boid Wall No = 1
position = = (-8.3, 5.5, -1.0)
Boid Radius= 10
Boid Frame=
 -0.41100	-0.83167	0.37336	-8.31674
-0.48505	0.54626	0.68288	5.46265
0.77188	-0.09956	0.62792	-0.99564
0.00000	0.00000	0.00000	1.00000

boidNo = 14
boid Wall No = 1
position = = (4.1, 9.1, -1.0)
Boid Radius= 10
Boid Frame=
 -0.13558	0.41256	-0.90078	4.12563
-0.04234	0.90593	0.42130	9.05935
-0.98986	-0.09526	0.10536	-0.95257
0.00000	0.00000	0.00000	1.00000

boidNo = 15
boid Wall No = 1
position = = (0.6, 7.8, 6.2)
Boid Radius= 10
Boid Frame=
 0.68966	0.06418	0.72128	0.64184
-0.48315	0.78272	0.39232	7.82718
0.53938	0.61906	-0.57082	6.19058
0.00000	0.00000	0.00000	1.00000

boidNo = 16
boid Wall No = 1
position = = (-2.4, 2.9, -9.3)
Boid Radius= 10
Boid Frame=
 -0.79660	-0.23629	-0.55641	-2.36285
-0.60432	0.28859	0.74264	2.88594
0.01490	-0.92784	0.37269	-9.27838
0.00000	0.00000	0.00000	1.00000

boidNo = 17
boid Wall No = 1
position = = (9.3, 3.4, -1.2)
Boid Radius= 10
Boid Frame=
 0.19751	0.93254	-0.30226	9.32539
-0.75603	0.34118	0.55858	3.41178
-0.62403	-0.11819	-0.77241	-1.18192
0.00000	0.00000	0.00000	1.00000

boidNo = 18
boid Wall No = 1
position = = (-4.4, 2.9, -8.5)
Boid Radius= 10
Boid Frame=
 -0.78745	-0.43795	-0.43373	-4.37949
-0.57973	0.28721	0.76251	2.87213
0.20937	-0.85189	0.48006	-8.51886
0.00000	0.00000	0.00000	1.00000

boidNo = 19
boid Wall No = 1
position = = (8.3, 5.6, -0.6)
Boid Radius= 9.999999
Boid Frame=
 0.46330	0.82761	-0.31690	8.27607
-0.73533	0.55858	0.38377	5.58584
-0.49462	-0.05523	-0.86735	-0.55226
0.00000	0.00000	0.00000	1.00000

