Iteration Num of Simuation:0
m_SimulationDeltaT of action plan:0
boidNo = 0
boid Wall No = 0
position = = (4.3, -1.9, -8.8)
Boid Radius= 10
Boid Frame=
 -0.69541	0.43183	-0.57440	4.31829
-0.69246	-0.18897	0.69627	-1.88970
-0.19213	-0.88194	-0.43043	-8.81938
0.00000	0.00000	0.00000	1.00000

boidNo = 1
boid Wall No = 0
position = = (5.0, -6.6, 5.6)
Boid Radius= 10
Boid Frame=
 0.56971	0.50115	0.65137	5.01146
-0.23792	-0.65807	0.71438	-6.58067
-0.78666	0.56196	0.25568	5.61961
0.00000	0.00000	0.00000	1.00000

boidNo = 2
boid Wall No = 1
position = = (-7.7, 5.5, -3.0)
Boid Radius= 10
Boid Frame=
 -0.63116	-0.77494	-0.03320	-7.74940
-0.70350	0.55390	0.44529	5.53901
0.32669	-0.30440	0.89477	-3.04404
0.00000	0.00000	0.00000	1.00000

boidNo = 3
boid Wall No = 0
position = = (-0.2, -8.3, -5.6)
Boid Radius= 10
Boid Frame=
 -0.99737	-0.01540	0.07077	-0.15404
0.05207	-0.83163	0.55288	-8.31634
-0.05034	-0.55511	-0.83025	-5.55111
0.00000	0.00000	0.00000	1.00000

boidNo = 4
boid Wall No = 1
position = = (-3.3, 7.8, 5.3)
Boid Radius= 10
Boid Frame=
 0.67304	-0.32601	0.66387	-3.26014
-0.20101	0.78319	0.58839	7.83193
0.71177	0.52946	-0.46159	5.29456
0.00000	0.00000	0.00000	1.00000

boidNo = 5
boid Wall No = 0
position = = (-5.8, -1.2, 8.1)
Boid Radius= 10
Boid Frame=
 0.56898	-0.57897	0.58399	-5.78973
-0.76788	-0.11990	0.62928	-1.19896
0.29432	0.80648	0.51280	8.06484
0.00000	0.00000	0.00000	1.00000

boidNo = 6
boid Wall No = 0
position = = (-4.9, -7.3, -4.8)
Boid Radius= 10
Boid Frame=
 -0.53304	-0.48956	-0.69007	-4.89558
-0.18696	-0.72729	0.66038	-7.27287
0.82517	-0.48103	-0.29614	-4.81027
0.00000	0.00000	0.00000	1.00000

boidNo = 7
boid Wall No = 0
position = = (8.2, -5.7, 0.6)
Boid Radius= 10
Boid Frame=
 -0.17952	0.82289	0.53910	8.22890
-0.35232	-0.56543	0.74576	-5.65429
-0.91850	0.05605	-0.39142	0.56055
0.00000	0.00000	0.00000	1.00000

boidNo = 8
boid Wall No = 0
position = = (-3.0, -2.3, -9.3)
Boid Radius= 10
Boid Frame=
 -0.74438	-0.30320	-0.59495	-3.03197
-0.54993	-0.22705	0.80376	-2.27052
0.37878	-0.92548	-0.00228	-9.25483
0.00000	0.00000	0.00000	1.00000

boidNo = 9
boid Wall No = 1
position = = (-2.9, 4.2, 8.6)
Boid Radius= 9.999999
Boid Frame=
 0.59171	-0.28601	0.75371	-2.86008
-0.62868	0.42152	0.65351	4.21522
0.50461	0.86053	-0.06961	8.60534
0.00000	0.00000	0.00000	1.00000

boidNo = 10
boid Wall No = 1
position = = (-8.9, 1.5, -4.3)
Boid Radius= 10
Boid Frame=
 -0.37478	-0.89178	-0.25350	-8.91783
-0.77302	0.14962	0.61649	1.49623
0.51184	-0.42701	0.74544	-4.27008
0.00000	0.00000	0.00000	1.00000

boidNo = 11
boid Wall No = 0
position = = (-7.0, -0.2, -7.1)
Boid Radius= 10
Boid Frame=
 -0.50846	-0.70031	-0.50102	-7.00315
-0.68756	-0.02009	0.72585	-0.20088
0.51839	-0.71355	0.47129	-7.13551
0.00000	0.00000	0.00000	1.00000

boidNo = 12
boid Wall No = 1
position = = (-0.6, 4.5, 8.9)
Boid Radius= 10
Boid Frame=
 0.74023	-0.05991	0.66968	-0.59913
-0.57939	0.44852	0.68055	4.48515
0.34114	0.89176	-0.29729	8.91765
0.00000	0.00000	0.00000	1.00000

boidNo = 13
boid Wall No = 1
position = = (-1.9, 9.7, -1.4)
Boid Radius= 10
Boid Frame=
 -0.62567	-0.19268	0.75592	-1.92682
-0.00925	0.97078	0.23979	9.70780
0.78003	-0.14304	0.60917	-1.43037
0.00000	0.00000	0.00000	1.00000

boidNo = 14
boid Wall No = 0
position = = (-5.6, -8.2, -1.2)
Boid Radius= 10
Boid Frame=
 -0.19663	-0.55845	-0.80590	-5.58451
-0.00721	-0.82110	0.57074	-8.21097
0.98045	-0.11804	-0.15743	-1.18036
0.00000	0.00000	0.00000	1.00000

boidNo = 15
boid Wall No = 1
position = = (-3.7, 6.2, 6.9)
Boid Radius= 10
Boid Frame=
 0.59522	-0.37028	0.71317	-3.70280
-0.41130	0.62205	0.66625	6.22045
0.69032	0.68989	-0.21795	6.89893
0.00000	0.00000	0.00000	1.00000

boidNo = 16
boid Wall No = 0
position = = (8.2, -3.1, 4.7)
Boid Radius= 9.999999
Boid Frame=
 -0.33401	0.82355	0.45848	8.23551
-0.94186	-0.31043	-0.12855	-3.10432
-0.03646	0.47476	-0.87936	4.74759
0.00000	0.00000	0.00000	1.00000

boidNo = 17
boid Wall No = 0
position = = (0.3, -9.7, -2.4)
Boid Radius= 10
Boid Frame=
 -0.96714	0.02660	0.25287	0.26601
0.03479	-0.97132	0.23523	-9.71318
-0.25187	-0.23629	-0.93847	-2.36293
0.00000	0.00000	0.00000	1.00000

boidNo = 18
boid Wall No = 1
position = = (-3.5, 2.9, -8.9)
Boid Radius= 10
Boid Frame=
 -0.68637	-0.34997	-0.63751	-3.49973
-0.72633	0.28562	0.62519	2.85621
0.03671	-0.89215	0.45024	-8.92155
0.00000	0.00000	0.00000	1.00000

boidNo = 19
boid Wall No = 0
position = = (0.2, -9.8, 1.9)
Boid Radius= 10
Boid Frame=
 0.99083	0.01783	0.13390	0.17832
-0.00874	-0.98071	0.19529	-9.80706
-0.13480	0.19467	0.97156	1.94674
0.00000	0.00000	0.00000	1.00000

