Iteration Num of Simuation:0
m_SimulationDeltaT of action plan:0
boidNo = 0
boid Wall No = 1
position = = (0.4, 9.8, 1.8)
Boid Radius= 10
Boid Frame=
 0.87025	0.03622	0.49128	0.36223
-0.12200	0.98207	0.14370	9.82073
0.47726	0.18499	-0.85907	1.84989
0.00000	0.00000	0.00000	1.00000

boidNo = 1
boid Wall No = 1
position = = (6.1, 4.9, -6.2)
Boid Radius= 10
Boid Frame=
 -0.30709	0.60948	-0.73091	6.09477
-0.57621	0.49217	0.65250	4.92173
-0.75742	-0.62153	-0.20004	-6.21534
0.00000	0.00000	0.00000	1.00000

boidNo = 2
boid Wall No = 0
position = = (1.2, -9.4, 3.2)
Boid Radius= 10
Boid Frame=
 0.99241	0.12246	0.01152	1.22462
0.11211	-0.93906	0.32496	-9.39061
-0.05061	0.32120	0.94566	3.21197
0.00000	0.00000	0.00000	1.00000

boidNo = 3
boid Wall No = 1
position = = (-5.8, 7.8, -2.3)
Boid Radius= 10
Boid Frame=
 -0.59371	-0.57691	0.56097	-5.76912
-0.20581	0.78281	0.58724	7.82810
0.77792	-0.23320	0.58349	-2.33198
0.00000	0.00000	0.00000	1.00000

boidNo = 4
boid Wall No = 0
position = = (8.0, -4.6, -3.8)
Boid Radius= 10
Boid Frame=
 -0.58031	0.80499	0.12342	8.04989
-0.47290	-0.45646	0.75366	-4.56462
-0.66302	-0.37899	-0.64557	-3.78993
0.00000	0.00000	0.00000	1.00000

boidNo = 5
boid Wall No = 0
position = = (9.7, -0.2, 2.3)
Boid Radius= 10
Boid Frame=
 0.10839	0.97419	0.19802	9.74187
-0.84314	-0.01544	0.53747	-0.15441
-0.52665	0.22521	-0.81971	2.25213
0.00000	0.00000	0.00000	1.00000

boidNo = 6
boid Wall No = 0
position = = (0.3, -10.0, -0.3)
Boid Radius= 10
Boid Frame=
 -0.82224	0.03187	0.56825	0.31870
-0.00659	-0.99890	0.04649	-9.98897
-0.56910	-0.03448	-0.82154	-0.34480
0.00000	0.00000	0.00000	1.00000

boidNo = 7
boid Wall No = 0
position = = (9.9, -0.9, -0.9)
Boid Radius= 10
Boid Frame=
 -0.12633	0.99191	-0.01283	9.91906
-0.76464	-0.08913	0.63826	-0.89126
-0.63195	-0.09044	-0.76971	-0.90443
0.00000	0.00000	0.00000	1.00000

boidNo = 8
boid Wall No = 1
position = = (1.3, 4.8, -8.7)
Boid Radius= 10
Boid Frame=
 -0.78333	0.13257	-0.60730	1.32566
-0.48416	0.48261	0.72985	4.82612
-0.38984	-0.86574	0.31386	-8.65743
0.00000	0.00000	0.00000	1.00000

boidNo = 9
boid Wall No = 1
position = = (-1.0, 9.9, 1.4)
Boid Radius= 10
Boid Frame=
 0.97672	-0.09816	0.19076	-0.98157
0.06906	0.98571	0.15362	9.85714
0.20311	0.13687	-0.96954	1.36871
0.00000	0.00000	0.00000	1.00000

boidNo = 10
boid Wall No = 1
position = = (-9.9, 0.7, 1.1)
Boid Radius= 10
Boid Frame=
 0.02607	-0.99186	0.12465	-9.91859
-0.69936	0.07100	0.71123	0.70999
0.71429	0.10572	0.69182	1.05715
0.00000	0.00000	0.00000	1.00000

boidNo = 11
boid Wall No = 0
position = = (-3.4, -9.3, -1.5)
Boid Radius= 10
Boid Frame=
 -0.33980	-0.33728	-0.87794	-3.37278
-0.03053	-0.92904	0.36873	-9.29037
0.94000	-0.15210	-0.30539	-1.52098
0.00000	0.00000	0.00000	1.00000

boidNo = 12
boid Wall No = 1
position = = (9.6, 1.1, -2.6)
Boid Radius= 10
Boid Frame=
 -0.13545	0.95890	-0.24933	9.58899
-0.63325	0.10975	0.76613	1.09753
-0.76200	-0.26166	-0.59235	-2.61663
0.00000	0.00000	0.00000	1.00000

boidNo = 13
boid Wall No = 0
position = = (-9.4, -0.2, 3.5)
Boid Radius= 10
Boid Frame=
 0.26271	-0.93557	0.23601	-9.35566
-0.71428	-0.02413	0.69944	-0.24134
0.64868	0.35233	0.67460	3.52327
0.00000	0.00000	0.00000	1.00000

boidNo = 14
boid Wall No = 0
position = = (-0.4, -9.5, 3.0)
Boid Radius= 10
Boid Frame=
 0.99837	-0.03625	0.04404	-0.36250
-0.04792	-0.95187	0.30272	-9.51874
-0.03095	0.30434	0.95206	3.04337
0.00000	0.00000	0.00000	1.00000

boidNo = 15
boid Wall No = 0
position = = (-0.6, -9.7, -2.5)
Boid Radius= 10
Boid Frame=
 -0.99602	-0.05954	-0.06636	-0.59537
0.04091	-0.96656	0.25318	-9.66555
0.07921	-0.24945	-0.96514	-2.49453
0.00000	0.00000	0.00000	1.00000

boidNo = 16
boid Wall No = 1
position = = (-9.6, 2.7, -1.0)
Boid Radius= 10
Boid Frame=
 -0.24811	-0.95829	0.14185	-9.58289
-0.59207	0.26591	0.76075	2.65908
0.76674	-0.10476	0.63335	-1.04764
0.00000	0.00000	0.00000	1.00000

boidNo = 17
boid Wall No = 1
position = = (-8.3, 2.8, -4.9)
Boid Radius= 10
Boid Frame=
 -0.54737	-0.82542	-0.13809	-8.25421
-0.61132	0.28166	0.73956	2.81665
0.57155	-0.48923	0.65877	-4.89230
0.00000	0.00000	0.00000	1.00000

boidNo = 18
boid Wall No = 0
position = = (8.2, -4.6, 3.4)
Boid Radius= 10
Boid Frame=
 -0.48306	0.82362	0.29716	8.23621
-0.87556	-0.45698	-0.15673	-4.56975
-0.00671	0.33589	-0.94188	3.35891
0.00000	0.00000	0.00000	1.00000

boidNo = 19
boid Wall No = 0
position = = (-3.4, -0.5, 9.4)
Boid Radius= 10
Boid Frame=
 0.54127	-0.34324	0.76760	-3.43245
-0.82669	-0.05040	0.56040	-0.50397
0.15367	0.93789	0.31103	9.37893
0.00000	0.00000	0.00000	1.00000

