Iteration Num of Simuation:0
m_SimulationDeltaT of action plan:0
boidNo = 0
boid Wall No = 1
position = = (-5.9, 7.5, 3.0)
Boid Radius= 10
Boid Frame=
 -0.04005	-0.59436	0.80320	-5.94355
-0.39436	0.74800	0.53384	7.47996
0.91808	0.29537	0.26435	2.95371
0.00000	0.00000	0.00000	1.00000

boidNo = 1
boid Wall No = 1
position = = (10.0, 0.8, -0.1)
Boid Radius= 10
Boid Frame=
 0.05190	0.99704	-0.05668	9.97042
-0.78647	0.07579	0.61296	0.75786
-0.61544	-0.01277	-0.78808	-0.12768
0.00000	0.00000	0.00000	1.00000

boidNo = 2
boid Wall No = 0
position = = (4.3, -1.0, -9.0)
Boid Radius= 10
Boid Frame=
 -0.14415	0.42590	-0.89321	4.25897
-0.98849	-0.10385	0.11001	-1.03850
0.04591	-0.89879	-0.43596	-8.98792
0.00000	0.00000	0.00000	1.00000

boidNo = 3
boid Wall No = 0
position = = (-0.9, -10.0, -0.3)
Boid Radius= 10
Boid Frame=
 -0.13341	-0.08688	-0.98725	-0.86883
-0.02210	-0.99564	0.09061	-9.95641
0.99081	-0.03391	-0.13091	-0.33907
0.00000	0.00000	0.00000	1.00000

boidNo = 4
boid Wall No = 0
position = = (-7.3, -6.7, 1.1)
Boid Radius= 10
Boid Frame=
 0.52841	-0.73285	-0.42862	-7.32850
-0.46502	-0.67222	0.57608	-6.72225
0.71031	0.10509	0.69600	1.05094
0.00000	0.00000	0.00000	1.00000

boidNo = 5
boid Wall No = 0
position = = (-2.5, -9.6, 1.2)
Boid Radius= 10
Boid Frame=
 0.28834	-0.25098	-0.92405	-2.50977
0.04261	-0.96072	0.27423	-9.60719
0.95658	0.11844	0.26632	1.18445
0.00000	0.00000	0.00000	1.00000

boidNo = 6
boid Wall No = 0
position = = (0.7, -9.9, -0.8)
Boid Radius= 10
Boid Frame=
 -0.70641	0.07356	0.70397	0.73563
0.00257	-0.99431	0.10648	-9.94312
-0.70780	-0.07703	-0.70221	-0.77027
0.00000	0.00000	0.00000	1.00000

boidNo = 7
boid Wall No = 1
position = = (-2.3, 9.6, 1.6)
Boid Radius= 10
Boid Frame=
 0.71780	-0.22736	0.65808	-2.27359
0.05536	0.96083	0.27157	9.60826
0.69404	0.15850	-0.70227	1.58499
0.00000	0.00000	0.00000	1.00000

boidNo = 8
boid Wall No = 1
position = = (0.8, 10.0, 0.5)
Boid Radius= 10
Boid Frame=
 0.48570	0.08024	-0.87044	0.80239
0.00449	0.99554	0.09428	9.95536
-0.87411	0.04970	-0.48317	0.49699
0.00000	0.00000	0.00000	1.00000

boidNo = 9
boid Wall No = 0
position = = (-4.3, -9.0, -0.9)
Boid Radius= 10
Boid Frame=
 0.16709	-0.43310	-0.88572	-4.33100
-0.17299	-0.89729	0.40613	-8.97295
0.97065	-0.08536	0.22485	-0.85359
0.00000	0.00000	0.00000	1.00000

