Iteration Num of Simuation:0
m_SimulationDeltaT of action plan:0
boidNo = 0
boid Wall No = 0
position = = (-5.4, -0.2, -8.4)
Boid Radius= 10
Boid Frame=
 -0.35603	-0.54465	-0.75935	-5.44645
-0.89992	-0.01909	0.43563	-0.19087
0.25176	-0.83845	0.48334	-8.38449
0.00000	0.00000	0.00000	1.00000

boidNo = 1
boid Wall No = 0
position = = (-4.0, -7.0, -5.9)
Boid Radius= 10
Boid Frame=
 0.04419	-0.40299	-0.91413	-4.02995
-0.66156	-0.69745	0.27549	-6.97454
0.74859	-0.59258	0.29743	-5.92582
0.00000	0.00000	0.00000	1.00000

boidNo = 2
boid Wall No = 0
position = = (-0.1, -9.7, 2.5)
Boid Radius= 10
Boid Frame=
 0.99965	-0.00813	0.02500	-0.08132
-0.01408	-0.96871	0.24781	-9.68708
-0.02221	0.24807	0.96849	2.48072
0.00000	0.00000	0.00000	1.00000

boidNo = 3
boid Wall No = 1
position = = (-2.4, 9.7, -0.6)
Boid Radius= 10
Boid Frame=
 -0.63303	-0.24014	0.73594	-2.40142
-0.11225	0.96910	0.21967	9.69095
0.76595	-0.05645	0.64042	-0.56451
0.00000	0.00000	0.00000	1.00000

boidNo = 4
boid Wall No = 0
position = = (8.8, -4.8, -0.4)
Boid Radius= 10
Boid Frame=
 -0.32497	0.87644	0.35531	8.76441
-0.53346	-0.48010	0.69636	-4.80104
-0.78091	-0.03675	-0.62357	-0.36753
0.00000	0.00000	0.00000	1.00000

boidNo = 5
boid Wall No = 0
position = = (0.8, -4.1, -9.1)
Boid Radius= 10
Boid Frame=
 0.15301	0.07598	-0.98530	0.75980
-0.89373	-0.41482	-0.17078	-4.14821
0.42170	-0.90673	-0.00443	-9.06725
0.00000	0.00000	0.00000	1.00000

boidNo = 6
boid Wall No = 0
position = = (3.7, -8.0, 4.7)
Boid Radius= 10
Boid Frame=
 0.10927	0.36723	0.92369	3.67232
-0.46555	-0.80213	0.37397	-8.02126
-0.87825	0.47089	-0.08332	4.70888
0.00000	0.00000	0.00000	1.00000

boidNo = 7
boid Wall No = 1
position = = (2.3, 3.0, -9.3)
Boid Radius= 10
Boid Frame=
 -0.62087	0.22624	-0.75056	2.26237
-0.68911	0.29891	0.66014	2.98914
-0.37370	-0.92707	0.02969	-9.27075
0.00000	0.00000	0.00000	1.00000

boidNo = 8
boid Wall No = 0
position = = (-4.3, -7.4, 5.1)
Boid Radius= 10
Boid Frame=
 0.85551	-0.43234	-0.28494	-4.32344
-0.15677	-0.74074	0.65325	-7.40738
0.49349	0.51419	0.70148	5.14185
0.00000	0.00000	0.00000	1.00000

boidNo = 9
boid Wall No = 1
position = = (1.1, 1.2, -9.9)
Boid Radius= 10
Boid Frame=
 -0.67124	0.11133	-0.73283	1.11325
-0.72303	0.11944	0.68041	1.19441
-0.16328	-0.98658	-0.00032	-9.86580
0.00000	0.00000	0.00000	1.00000

boidNo = 10
boid Wall No = 0
position = = (2.2, -9.5, 2.1)
Boid Radius= 10
Boid Frame=
 0.77456	0.21508	0.59482	2.15081
0.03365	-0.95309	0.30081	-9.53090
-0.63161	0.21298	0.74546	2.12979
0.00000	0.00000	0.00000	1.00000

boidNo = 11
boid Wall No = 0
position = = (0.0, -1.7, -9.9)
Boid Radius= 10
Boid Frame=
 0.21219	-0.00169	-0.97723	-0.01687
-0.96316	-0.16942	-0.20885	-1.69415
0.16520	-0.98554	0.03757	-9.85543
0.00000	0.00000	0.00000	1.00000

boidNo = 12
boid Wall No = 0
position = = (4.4, -7.2, 5.3)
Boid Radius= 10
Boid Frame=
 0.65618	0.43936	0.61351	4.39357
-0.14654	-0.72335	0.67476	-7.23345
-0.74023	0.53267	0.41026	5.32670
0.00000	0.00000	0.00000	1.00000

boidNo = 13
boid Wall No = 1
position = = (1.7, 5.5, 8.2)
Boid Radius= 10
Boid Frame=
 0.86462	0.17052	0.47261	1.70520
-0.48231	0.54524	0.68563	5.45239
0.14077	0.82075	-0.55367	8.20754
0.00000	0.00000	0.00000	1.00000

boidNo = 14
boid Wall No = 0
position = = (-3.8, -9.1, -1.7)
Boid Radius= 10
Boid Frame=
 -0.57208	-0.37650	-0.72868	-3.76498
0.08644	-0.91115	0.40291	-9.11147
0.81563	-0.16751	-0.55379	-1.67512
0.00000	0.00000	0.00000	1.00000

boidNo = 15
boid Wall No = 0
position = = (-3.0, -1.5, -9.4)
Boid Radius= 10
Boid Frame=
 -0.48415	-0.30244	-0.82105	-3.02442
-0.82561	-0.15284	0.54314	-1.52840
0.28976	-0.94083	0.17570	-9.40834
0.00000	0.00000	0.00000	1.00000

boidNo = 16
boid Wall No = 0
position = = (-3.4, -0.3, 9.4)
Boid Radius= 10
Boid Frame=
 0.36915	-0.33960	0.86510	-3.39598
-0.92302	-0.02535	0.38392	-0.25345
0.10845	0.94023	0.32281	9.40229
0.00000	0.00000	0.00000	1.00000

boidNo = 17
boid Wall No = 0
position = = (2.2, -9.7, -1.0)
Boid Radius= 10
Boid Frame=
 -0.29907	0.21990	0.92855	2.19902
0.03515	-0.96988	0.24101	-9.69885
-0.95358	-0.10472	-0.28234	-1.04721
0.00000	0.00000	0.00000	1.00000

boidNo = 18
boid Wall No = 0
position = = (-7.0, -6.6, 2.8)
Boid Radius= 10
Boid Frame=
 0.70332	-0.69722	0.13863	-6.97225
-0.70490	-0.65880	0.26287	-6.58795
0.09195	0.28261	0.95482	2.82607
0.00000	0.00000	0.00000	1.00000

boidNo = 19
boid Wall No = 0
position = = (8.6, -4.4, -2.5)
Boid Radius= 10
Boid Frame=
 -0.44494	0.86172	0.24386	8.61719
-0.42542	-0.44299	0.78916	-4.42989
-0.78806	-0.24739	-0.56370	-2.47388
0.00000	0.00000	0.00000	1.00000

