Iteration Num of Simuation:0
m_SimulationDeltaT of action plan:0
boidNo = 0
boid Wall No = 0
position = = (-9.3, -1.7, 3.1)
Boid Radius= 10
Boid Frame=
 0.34523	-0.93434	0.08841	-9.34345
-0.65765	-0.17363	0.73304	-1.73633
0.66956	0.31121	0.67442	3.11210
0.00000	0.00000	0.00000	1.00000

boidNo = 1
boid Wall No = 1
position = = (7.7, 6.0, -2.2)
Boid Radius= 10
Boid Frame=
 0.12640	0.76731	-0.62869	7.67315
-0.48138	0.60159	0.63746	6.01593
-0.86735	-0.22207	-0.44541	-2.22067
0.00000	0.00000	0.00000	1.00000

boidNo = 2
boid Wall No = 1
position = = (5.6, 2.3, -8.0)
Boid Radius= 10
Boid Frame=
 -0.56667	0.55696	-0.60719	5.56964
-0.59877	0.22787	0.76782	2.27871
-0.56601	-0.79867	-0.20437	-7.98665
0.00000	0.00000	0.00000	1.00000

boidNo = 3
boid Wall No = 0
position = = (9.9, -1.0, 0.8)
Boid Radius= 10
Boid Frame=
 -0.01375	0.99230	0.12313	9.92295
-0.71189	-0.09619	0.69567	-0.96187
-0.70216	0.07809	-0.70773	0.78093
0.00000	0.00000	0.00000	1.00000

boidNo = 4
boid Wall No = 0
position = = (-0.2, -10.0, 0.9)
Boid Radius= 10
Boid Frame=
 0.98979	-0.01668	-0.14154	-0.16684
-0.00412	-0.99606	0.08857	-9.96061
0.14246	0.08708	0.98596	0.87082
0.00000	0.00000	0.00000	1.00000

boidNo = 5
boid Wall No = 1
position = = (0.1, 6.4, 7.7)
Boid Radius= 10
Boid Frame=
 0.88741	0.00801	0.46092	0.08012
-0.35843	0.64073	0.67896	6.40730
0.28988	0.76772	-0.57146	7.67725
0.00000	0.00000	0.00000	1.00000

boidNo = 6
boid Wall No = 0
position = = (1.3, -3.8, -9.2)
Boid Radius= 10
Boid Frame=
 -0.74737	0.12892	-0.65178	1.28916
-0.64459	-0.37852	0.66425	-3.78523
0.16108	-0.91657	-0.36599	-9.16570
0.00000	0.00000	0.00000	1.00000

boidNo = 7
boid Wall No = 1
position = = (-0.6, 9.9, 0.9)
Boid Radius= 10
Boid Frame=
 0.99682	-0.05792	0.05478	-0.57920
0.05242	0.99390	0.09701	9.93902
0.06006	0.09383	-0.99377	0.93831
0.00000	0.00000	0.00000	1.00000

boidNo = 8
boid Wall No = 1
position = = (-3.2, 9.0, 3.0)
Boid Radius= 9.999999
Boid Frame=
 0.35854	-0.32205	0.87620	-3.22053
-0.17911	0.89744	0.40315	8.97436
0.91617	0.30148	-0.26408	3.01480
0.00000	0.00000	0.00000	1.00000

boidNo = 9
boid Wall No = 0
position = = (8.4, -1.8, 5.1)
Boid Radius= 9.999999
Boid Frame=
 0.33470	0.84250	0.42209	8.42505
-0.56356	-0.18003	0.80622	-1.80025
-0.75523	0.50772	-0.41454	5.07717
0.00000	0.00000	0.00000	1.00000

boidNo = 10
boid Wall No = 0
position = = (-0.1, -10.0, 0.6)
Boid Radius= 10
Boid Frame=
 0.97973	-0.00870	-0.20015	-0.08703
0.00284	-0.99835	0.05730	-9.98353
0.20032	0.05671	0.97809	0.56710
0.00000	0.00000	0.00000	1.00000

boidNo = 11
boid Wall No = 1
position = = (1.9, 9.3, 3.0)
Boid Radius= 10
Boid Frame=
 0.94403	0.19282	-0.26763	1.92820
-0.09323	0.93424	0.34424	9.34242
-0.31641	0.30002	-0.89993	3.00023
0.00000	0.00000	0.00000	1.00000

boidNo = 12
boid Wall No = 0
position = = (1.2, -8.1, -5.8)
Boid Radius= 10
Boid Frame=
 -0.97478	0.12254	0.18653	1.22543
0.01091	-0.80861	0.58824	-8.08613
-0.22291	-0.57544	-0.78688	-5.75437
0.00000	0.00000	0.00000	1.00000

boidNo = 13
boid Wall No = 0
position = = (0.5, -7.9, -6.1)
Boid Radius= 10
Boid Frame=
 -0.96105	0.05297	-0.27125	0.52970
-0.20583	-0.79214	0.57459	-7.92137
0.18443	-0.60804	-0.77219	-6.08040
0.00000	0.00000	0.00000	1.00000

boidNo = 14
boid Wall No = 0
position = = (4.2, -8.0, 4.2)
Boid Radius= 10
Boid Frame=
 0.70512	0.42247	0.56949	4.22473
-0.00230	-0.80177	0.59763	-8.01769
-0.70908	0.42271	0.56437	4.22709
0.00000	0.00000	0.00000	1.00000

boidNo = 15
boid Wall No = 0
position = = (6.3, -6.8, 3.6)
Boid Radius= 10
Boid Frame=
 0.25814	0.63271	0.73010	6.32712
-0.25728	-0.68340	0.68321	-6.83400
-0.93122	0.36420	0.01363	3.64199
0.00000	0.00000	0.00000	1.00000

boidNo = 16
boid Wall No = 1
position = = (8.0, 1.6, -5.7)
Boid Radius= 10
Boid Frame=
 -0.36487	0.80390	-0.46969	8.03903
-0.63125	0.15722	0.75948	1.57220
-0.68439	-0.57360	-0.45010	-5.73604
0.00000	0.00000	0.00000	1.00000

boidNo = 17
boid Wall No = 0
position = = (2.4, -9.6, 1.1)
Boid Radius= 10
Boid Frame=
 0.55182	0.23975	0.79876	2.39748
0.04534	-0.96499	0.25832	-9.64995
-0.83273	0.10633	0.54337	1.06331
0.00000	0.00000	0.00000	1.00000

boidNo = 18
boid Wall No = 0
position = = (3.0, -6.9, 6.6)
Boid Radius= 10
Boid Frame=
 0.80381	0.30250	0.51224	3.02497
-0.19026	-0.68512	0.70315	-6.85118
-0.56364	0.66265	0.49315	6.62653
0.00000	0.00000	0.00000	1.00000

boidNo = 19
boid Wall No = 1
position = = (5.9, 1.1, -8.0)
Boid Radius= 10
Boid Frame=
 -0.55711	0.58797	-0.58645	5.87966
-0.66538	0.10651	0.73887	1.06505
-0.49689	-0.80184	-0.33188	-8.01844
0.00000	0.00000	0.00000	1.00000

