Iteration Num of Simuation:0
m_SimulationDeltaT of action plan:0
boidNo = 0
boid Wall No = 1
position = = (5.9, 7.4, 3.2)
Boid Radius= 10
Boid Frame=
 0.69552	0.58918	-0.41125	5.89176
-0.25980	0.73986	0.62057	7.39861
-0.66990	0.32477	-0.66765	3.24773
0.00000	0.00000	0.00000	1.00000

boidNo = 1
boid Wall No = 1
position = = (5.5, 7.5, 3.7)
Boid Radius= 10
Boid Frame=
 0.82711	0.55025	0.11454	5.50252
-0.55003	0.75052	0.36630	7.50525
-0.11559	0.36597	-0.92342	3.65973
0.00000	0.00000	0.00000	1.00000

boidNo = 2
boid Wall No = 0
position = = (-0.3, -10.0, 0.3)
Boid Radius= 10
Boid Frame=
 0.66172	-0.02878	-0.74920	-0.28775
0.00203	-0.99919	0.04017	-9.99191
0.74975	0.02810	0.66113	0.28101
0.00000	0.00000	0.00000	1.00000

boidNo = 3
boid Wall No = 1
position = = (-5.5, 7.5, -3.6)
Boid Radius= 10
Boid Frame=
 -0.74881	-0.55003	0.36979	-5.50028
-0.25104	0.75175	0.60980	7.51747
0.61340	-0.36379	0.70100	-3.63792
0.00000	0.00000	0.00000	1.00000

boidNo = 4
boid Wall No = 0
position = = (7.1, -3.0, 6.3)
Boid Radius= 10
Boid Frame=
 -0.06708	0.71249	0.69847	7.12492
-0.92854	-0.30077	0.21763	-3.00766
-0.36513	0.63395	-0.68175	6.33952
0.00000	0.00000	0.00000	1.00000

boidNo = 5
boid Wall No = 1
position = = (0.6, 9.8, -1.7)
Boid Radius= 9.999999
Boid Frame=
 -0.42057	0.05911	-0.90533	0.59108
-0.12610	0.98438	0.12285	9.84382
-0.89845	-0.16583	0.40655	-1.65826
0.00000	0.00000	0.00000	1.00000

boidNo = 6
boid Wall No = 0
position = = (-1.4, -9.7, -1.9)
Boid Radius= 10
Boid Frame=
 -0.73917	-0.14378	-0.65799	-1.43777
-0.02337	-0.97089	0.23840	-9.70887
0.67311	-0.19159	-0.71429	-1.91591
0.00000	0.00000	0.00000	1.00000

boidNo = 7
boid Wall No = 1
position = = (5.4, 1.9, -8.2)
Boid Radius= 10
Boid Frame=
 -0.58431	0.54425	-0.60198	5.44248
-0.61147	0.19244	0.76751	1.92441
-0.53356	-0.81655	-0.22035	-8.16554
0.00000	0.00000	0.00000	1.00000

boidNo = 8
boid Wall No = 1
position = = (-6.2, 7.7, 1.4)
Boid Radius= 10
Boid Frame=
 -0.05249	-0.62464	0.77915	-6.24640
-0.22616	0.76739	0.59997	7.67385
0.97267	0.14472	0.18155	1.44724
0.00000	0.00000	0.00000	1.00000

boidNo = 9
boid Wall No = 1
position = = (-4.6, 0.4, 8.9)
Boid Radius= 10
Boid Frame=
 0.67104	-0.45935	0.58197	-4.59354
-0.63779	0.04260	0.76903	0.42601
0.37805	0.88723	0.26439	8.87231
0.00000	0.00000	0.00000	1.00000

boidNo = 10
boid Wall No = 0
position = = (-3.0, -4.4, -8.5)
Boid Radius= 10
Boid Frame=
 -0.53699	-0.30390	-0.78695	-3.03896
-0.65615	-0.43585	0.61605	-4.35846
0.53020	-0.84716	-0.03465	-8.47163
0.00000	0.00000	0.00000	1.00000

boidNo = 11
boid Wall No = 0
position = = (3.2, -6.0, -7.3)
Boid Radius= 10
Boid Frame=
 -0.78150	0.31822	-0.53665	3.18221
-0.60361	-0.60322	0.52132	-6.03218
0.15782	-0.73134	-0.66350	-7.31344
0.00000	0.00000	0.00000	1.00000

boidNo = 12
boid Wall No = 1
position = = (-2.8, 9.0, 3.4)
Boid Radius= 10
Boid Frame=
 0.23538	-0.27881	0.93105	-2.78812
-0.28030	0.89779	0.33971	8.97791
0.93061	0.34093	-0.13318	3.40933
0.00000	0.00000	0.00000	1.00000

boidNo = 13
boid Wall No = 0
position = = (5.2, -1.8, 8.3)
Boid Radius= 10
Boid Frame=
 0.47495	0.52307	0.70768	5.23071
-0.75058	-0.17903	0.63607	-1.79031
-0.45941	0.83327	-0.30757	8.33274
0.00000	0.00000	0.00000	1.00000

boidNo = 14
boid Wall No = 1
position = = (1.3, 1.7, -9.8)
Boid Radius= 10
Boid Frame=
 -0.73592	0.13490	-0.66350	1.34895
-0.64232	0.17081	0.74716	1.70810
-0.21412	-0.97603	0.03906	-9.76026
0.00000	0.00000	0.00000	1.00000

boidNo = 15
boid Wall No = 0
position = = (-3.0, -7.0, 6.5)
Boid Radius= 10
Boid Frame=
 0.95112	-0.30022	-0.07243	-3.00218
-0.16825	-0.70039	0.69365	-7.00388
0.25897	0.64755	0.71666	6.47553
0.00000	0.00000	0.00000	1.00000

boidNo = 16
boid Wall No = 0
position = = (1.5, -7.8, 6.1)
Boid Radius= 10
Boid Frame=
 0.95939	0.14516	0.24188	1.45164
-0.04012	-0.77852	0.62633	-7.78522
-0.27923	0.61060	0.74108	6.10599
0.00000	0.00000	0.00000	1.00000

boidNo = 17
boid Wall No = 0
position = = (-1.0, -6.3, -7.7)
Boid Radius= 10
Boid Frame=
 -0.89431	-0.10333	-0.43534	-1.03334
-0.28105	-0.62735	0.72625	-6.27352
0.34816	-0.77185	-0.53201	-7.71850
0.00000	0.00000	0.00000	1.00000

boidNo = 18
boid Wall No = 1
position = = (6.0, 6.3, 5.0)
Boid Radius= 10
Boid Frame=
 0.77838	0.59805	0.19093	5.98051
-0.60277	0.62697	0.49354	6.26967
-0.17545	0.49925	-0.84851	4.99247
0.00000	0.00000	0.00000	1.00000

boidNo = 19
boid Wall No = 0
position = = (4.3, -8.6, 2.7)
Boid Radius= 10
Boid Frame=
 0.59606	0.42860	0.67898	4.28603
0.04815	-0.86318	0.50260	-8.63176
-0.80150	0.26689	0.53514	2.66885
0.00000	0.00000	0.00000	1.00000

