Iteration Num of Simuation:0
m_SimulationDeltaT of action plan:0
boidNo = 0
boid Wall No = 0
position = = (1.7, -9.7, -2.0)
Boid Radius= 10
Boid Frame=
 -0.65810	0.16691	0.73420	1.66906
0.04122	-0.96567	0.25647	-9.65673
-0.75180	-0.19904	-0.62863	-1.99044
0.00000	0.00000	0.00000	1.00000

boidNo = 1
boid Wall No = 0
position = = (1.4, -9.9, 0.3)
Boid Radius= 10
Boid Frame=
 0.11771	0.14207	0.98283	1.42068
-0.00899	-0.98952	0.14411	-9.89521
-0.99301	0.02580	0.11520	0.25799
0.00000	0.00000	0.00000	1.00000

boidNo = 2
boid Wall No = 0
position = = (-0.7, -5.8, 8.1)
Boid Radius= 9.999999
Boid Frame=
 0.93855	-0.07064	0.33784	-0.70642
-0.31464	-0.57747	0.75335	-5.77469
-0.14187	0.81335	0.56421	8.13351
0.00000	0.00000	0.00000	1.00000

boidNo = 3
boid Wall No = 0
position = = (-2.8, -8.1, -5.1)
Boid Radius= 10
Boid Frame=
 -0.89349	-0.27847	-0.35233	-2.78471
0.02232	-0.81110	0.58448	-8.11104
0.44853	-0.51436	-0.73093	-5.14358
0.00000	0.00000	0.00000	1.00000

boidNo = 4
boid Wall No = 1
position = = (-6.0, 7.9, 1.2)
Boid Radius= 10
Boid Frame=
 -0.18096	-0.59632	0.78209	-5.96316
-0.27711	0.79391	0.54122	7.93913
0.94365	0.11878	0.30891	1.18784
0.00000	0.00000	0.00000	1.00000

boidNo = 5
boid Wall No = 0
position = = (-2.6, -0.4, -9.6)
Boid Radius= 10
Boid Frame=
 -0.41964	-0.25876	-0.87003	-2.58760
-0.89471	-0.04362	0.44452	-0.43623
0.15298	-0.96496	0.21321	-9.64956
0.00000	0.00000	0.00000	1.00000

boidNo = 6
boid Wall No = 1
position = = (8.6, 4.3, -2.9)
Boid Radius= 10
Boid Frame=
 0.12400	0.85633	-0.50132	8.56333
-0.71205	0.42866	0.55610	4.28658
-0.69110	-0.28800	-0.66290	-2.88004
0.00000	0.00000	0.00000	1.00000

boidNo = 7
boid Wall No = 0
position = = (2.8, -9.5, 1.0)
Boid Radius= 9.999999
Boid Frame=
 0.31235	0.28198	0.90715	2.81982
-0.00901	-0.95401	0.29965	-9.54007
-0.94993	0.10177	0.29544	1.01771
0.00000	0.00000	0.00000	1.00000

boidNo = 8
boid Wall No = 0
position = = (9.7, -1.9, 1.3)
Boid Radius= 10
Boid Frame=
 -0.15916	0.97353	0.16402	9.73533
-0.96925	-0.18567	0.16152	-1.85668
-0.18770	0.13327	-0.97314	1.33268
0.00000	0.00000	0.00000	1.00000

boidNo = 9
boid Wall No = 0
position = = (7.5, -6.1, 2.4)
Boid Radius= 9.999999
Boid Frame=
 0.08169	0.75300	0.65293	7.53001
-0.27702	-0.61215	0.74063	-6.12149
-0.95738	0.24138	-0.15859	2.41376
0.00000	0.00000	0.00000	1.00000

boidNo = 10
boid Wall No = 0
position = = (-1.2, -9.5, -3.0)
Boid Radius= 10
Boid Frame=
 -0.92293	-0.12383	-0.36452	-1.23832
-0.00177	-0.94548	0.32567	-9.45483
0.38498	-0.30121	-0.87239	-3.01212
0.00000	0.00000	0.00000	1.00000

boidNo = 11
boid Wall No = 1
position = = (8.3, 4.5, -3.2)
Boid Radius= 10
Boid Frame=
 0.08027	0.83386	-0.54610	8.33863
-0.66680	0.45215	0.59240	4.52154
-0.74090	-0.31659	-0.59232	-3.16591
0.00000	0.00000	0.00000	1.00000

boidNo = 12
boid Wall No = 0
position = = (6.4, -7.4, 1.9)
Boid Radius= 10
Boid Frame=
 -0.63496	0.63928	0.43377	6.39278
-0.65295	-0.74417	0.14094	-7.44169
-0.41289	0.19374	-0.88993	1.93741
0.00000	0.00000	0.00000	1.00000

boidNo = 13
boid Wall No = 0
position = = (5.2, -8.5, -1.1)
Boid Radius= 10
Boid Frame=
 -0.07232	0.52002	0.85109	5.20020
0.08251	-0.84728	0.52470	-8.47278
-0.99396	-0.10817	-0.01837	-1.08165
0.00000	0.00000	0.00000	1.00000

boidNo = 14
boid Wall No = 0
position = = (3.9, -5.4, 7.4)
Boid Radius= 10
Boid Frame=
 0.70343	0.38818	0.59541	3.88179
-0.34708	-0.54343	0.76434	-5.43434
-0.62027	0.74431	0.24754	7.44310
0.00000	0.00000	0.00000	1.00000

boidNo = 15
boid Wall No = 0
position = = (-6.5, -6.4, 3.9)
Boid Radius= 10
Boid Frame=
 0.68891	-0.65497	-0.31051	-6.54969
-0.29526	-0.64480	0.70503	-6.44795
0.66198	0.39402	0.63759	3.94024
0.00000	0.00000	0.00000	1.00000

boidNo = 16
boid Wall No = 0
position = = (5.0, -7.8, -3.7)
Boid Radius= 10
Boid Frame=
 -0.73796	0.49775	0.45569	4.97753
-0.15811	-0.78399	0.60031	-7.83987
-0.65606	-0.37095	-0.65725	-3.70955
0.00000	0.00000	0.00000	1.00000

boidNo = 17
boid Wall No = 0
position = = (1.3, -9.4, -3.2)
Boid Radius= 10
Boid Frame=
 -0.91466	0.12657	0.38389	1.26574
0.01570	-0.93787	0.34664	-9.37869
-0.40391	-0.32308	-0.85585	-3.23082
0.00000	0.00000	0.00000	1.00000

boidNo = 18
boid Wall No = 0
position = = (2.1, -9.5, -2.4)
Boid Radius= 10
Boid Frame=
 -0.86611	0.20987	0.45366	2.09868
-0.06517	-0.94725	0.31380	-9.47251
-0.49558	-0.24222	-0.83410	-2.42221
0.00000	0.00000	0.00000	1.00000

boidNo = 19
boid Wall No = 0
position = = (0.2, -10.0, -0.3)
Boid Radius= 10
Boid Frame=
 -0.97790	0.01655	0.20841	0.16545
-0.00963	-0.99937	0.03416	-9.99370
-0.20885	-0.03140	-0.97744	-0.31395
0.00000	0.00000	0.00000	1.00000

