Iteration Num of Simuation:0
m_SimulationDeltaT of action plan:0
boidNo = 0
boid Wall No = 1
position = = (-5.6, 4.9, -6.6)
Boid Radius= 10
Boid Frame=
 -0.79357	-0.56239	-0.23231	-5.62389
-0.54714	0.49246	0.67684	4.92462
0.26624	-0.66423	0.69851	-6.64228
0.00000	0.00000	0.00000	1.00000

boidNo = 1
boid Wall No = 0
position = = (-5.3, -3.4, 7.8)
Boid Radius= 10
Boid Frame=
 0.80281	-0.52522	0.28220	-5.25215
-0.50249	-0.34126	0.79438	-3.41259
0.32092	0.77955	0.53788	7.79546
0.00000	0.00000	0.00000	1.00000

boidNo = 2
boid Wall No = 0
position = = (-9.0, -3.7, 2.2)
Boid Radius= 10
Boid Frame=
 0.41920	-0.90221	-0.10145	-9.02206
-0.62583	-0.36811	0.68763	-3.68111
0.65773	0.22476	0.71894	2.24765
0.00000	0.00000	0.00000	1.00000

boidNo = 3
boid Wall No = 1
position = = (-7.8, 6.0, -1.9)
Boid Radius= 10
Boid Frame=
 -0.61024	-0.77718	0.15365	-7.77177
-0.64264	0.59903	0.47768	5.99034
0.46328	-0.19276	0.86500	-1.92755
0.00000	0.00000	0.00000	1.00000

boidNo = 4
boid Wall No = 0
position = = (-5.2, -0.8, 8.5)
Boid Radius= 10
Boid Frame=
 0.61762	-0.52489	0.58569	-5.24888
-0.72239	-0.08418	0.68634	-0.84179
0.31095	0.84700	0.43117	8.46999
0.00000	0.00000	0.00000	1.00000

boidNo = 5
boid Wall No = 0
position = = (2.9, -8.1, -5.1)
Boid Radius= 10
Boid Frame=
 -0.46633	0.29166	-0.83515	2.91659
-0.58649	-0.80870	0.04506	-8.08701
0.66224	-0.51082	-0.54818	-5.10820
0.00000	0.00000	0.00000	1.00000

boidNo = 6
boid Wall No = 1
position = = (-3.8, 8.6, 3.3)
Boid Radius= 10
Boid Frame=
 0.47214	-0.38328	0.79384	-3.83282
-0.12811	0.86114	0.49197	8.61136
0.87217	0.33398	-0.35747	3.33975
0.00000	0.00000	0.00000	1.00000

boidNo = 7
boid Wall No = 1
position = = (5.4, 2.5, -8.0)
Boid Radius= 10
Boid Frame=
 -0.50833	0.54075	-0.67022	5.40745
-0.66596	0.24660	0.70405	2.46597
-0.54599	-0.80423	-0.23476	-8.04229
0.00000	0.00000	0.00000	1.00000

boidNo = 8
boid Wall No = 1
position = = (0.9, 8.3, -5.4)
Boid Radius= 10
Boid Frame=
 -0.88546	0.09173	-0.45557	0.91726
-0.18200	0.83357	0.52157	8.33573
-0.42759	-0.54474	0.72140	-5.44740
0.00000	0.00000	0.00000	1.00000

boidNo = 9
boid Wall No = 0
position = = (8.7, -1.2, -4.8)
Boid Radius= 10
Boid Frame=
 -0.45252	0.87154	-0.18881	8.71537
-0.56780	-0.11833	0.81462	-1.18331
-0.68763	-0.47584	-0.54840	-4.75838
0.00000	0.00000	0.00000	1.00000

boidNo = 10
boid Wall No = 0
position = = (-3.4, -6.9, -6.4)
Boid Radius= 10
Boid Frame=
 -0.74733	-0.33529	-0.57365	-3.35291
-0.22151	-0.68824	0.69084	-6.88242
0.62644	-0.64335	-0.44008	-6.43353
0.00000	0.00000	0.00000	1.00000

boidNo = 11
boid Wall No = 1
position = = (-9.8, 1.4, -1.4)
Boid Radius= 10
Boid Frame=
 -0.19414	-0.98096	0.00511	-9.80961
-0.68075	0.13847	0.71931	1.38470
0.70632	-0.13616	0.69467	-1.36164
0.00000	0.00000	0.00000	1.00000

boidNo = 12
boid Wall No = 0
position = = (-7.3, -5.9, -3.5)
Boid Radius= 9.999999
Boid Frame=
 0.50173	-0.73051	-0.46327	-7.30514
-0.80733	-0.58776	0.05247	-5.87760
0.31062	-0.34769	0.88466	-3.47690
0.00000	0.00000	0.00000	1.00000

boidNo = 13
boid Wall No = 0
position = = (-8.9, -3.0, -3.5)
Boid Radius= 9.999999
Boid Frame=
 -0.15826	-0.88595	-0.43594	-8.85952
-0.51528	-0.30251	0.80186	-3.02508
0.84228	-0.35154	0.40864	-3.51536
0.00000	0.00000	0.00000	1.00000

boidNo = 14
boid Wall No = 1
position = = (-3.4, 7.4, -5.9)
Boid Radius= 10
Boid Frame=
 -0.93904	-0.33801	-0.06285	-3.38014
-0.30516	0.73522	0.60525	7.35224
0.15837	-0.58753	0.79355	-5.87531
0.00000	0.00000	0.00000	1.00000

boidNo = 15
boid Wall No = 1
position = = (0.6, 7.0, 7.1)
Boid Radius= 10
Boid Frame=
 0.72098	0.05513	0.69076	0.55131
-0.51839	0.70442	0.48484	7.04422
0.45986	0.70764	-0.53645	7.07637
0.00000	0.00000	0.00000	1.00000

boidNo = 16
boid Wall No = 0
position = = (-8.4, -5.3, -1.6)
Boid Radius= 10
Boid Frame=
 0.14565	-0.83546	-0.52990	-8.35461
-0.49056	-0.52612	0.69466	-5.26116
0.85915	-0.15877	0.48647	-1.58769
0.00000	0.00000	0.00000	1.00000

boidNo = 17
boid Wall No = 1
position = = (0.5, 9.9, 1.1)
Boid Radius= 10
Boid Frame=
 0.60304	0.05112	-0.79607	0.51117
0.06061	0.99212	0.10962	9.92123
-0.79540	0.11436	-0.59519	1.14360
0.00000	0.00000	0.00000	1.00000

boidNo = 18
boid Wall No = 0
position = = (-1.9, -7.6, 6.2)
Boid Radius= 10
Boid Frame=
 0.94950	-0.18602	0.25267	-1.86022
-0.30141	-0.76451	0.56981	-7.64505
-0.08717	0.61719	0.78197	6.17193
0.00000	0.00000	0.00000	1.00000

boidNo = 19
boid Wall No = 1
position = = (6.1, 5.7, -5.5)
Boid Radius= 10
Boid Frame=
 -0.34235	0.61396	-0.71123	6.13959
-0.43098	0.57003	0.69952	5.70027
-0.83490	-0.54601	-0.06945	-5.46007
0.00000	0.00000	0.00000	1.00000

