Iteration Num of Simuation:0
m_SimulationDeltaT of action plan:0
boidNo = 0
boid Wall No = 1
position = = (2.7, 5.8, 7.7)
Boid Radius= 10
Boid Frame=
 0.86657	0.27278	0.41792	2.72776
-0.49491	0.57744	0.64933	5.77436
0.06420	0.76952	-0.63539	7.69520
0.00000	0.00000	0.00000	1.00000

boidNo = 1
boid Wall No = 0
position = = (-1.7, -3.5, 9.2)
Boid Radius= 10
Boid Frame=
 0.70711	-0.16786	0.68689	-1.67859
-0.69340	-0.35490	0.62709	-3.54902
-0.13851	0.91971	0.36735	9.19711
0.00000	0.00000	0.00000	1.00000

boidNo = 2
boid Wall No = 1
position = = (-9.4, 3.3, -0.8)
Boid Radius= 10
Boid Frame=
 -0.29818	-0.94082	0.16110	-9.40818
-0.69249	0.32938	0.64185	3.29379
0.65693	-0.07982	0.74972	-0.79823
0.00000	0.00000	0.00000	1.00000

boidNo = 3
boid Wall No = 1
position = = (6.8, 2.1, -7.1)
Boid Radius= 10
Boid Frame=
 -0.47124	0.67516	-0.56753	6.75157
-0.61482	0.20990	0.76022	2.09903
-0.63239	-0.70718	-0.31619	-7.07180
0.00000	0.00000	0.00000	1.00000

boidNo = 4
boid Wall No = 1
position = = (-8.8, 4.5, -1.6)
Boid Radius= 10
Boid Frame=
 -0.43839	-0.87690	0.19712	-8.76904
-0.61593	0.45283	0.64465	4.52830
0.65456	-0.16120	0.73862	-1.61197
0.00000	0.00000	0.00000	1.00000

boidNo = 5
boid Wall No = 1
position = = (2.4, 9.3, 2.9)
Boid Radius= 10
Boid Frame=
 0.78335	0.24357	-0.57187	2.43570
-0.01057	0.92511	0.37954	9.25113
-0.62149	0.29127	-0.72726	2.91273
0.00000	0.00000	0.00000	1.00000

boidNo = 6
boid Wall No = 1
position = = (-6.4, 6.2, 4.6)
Boid Radius= 10
Boid Frame=
 0.22795	-0.63511	0.73802	-6.35114
-0.41772	0.62088	0.66333	6.20884
0.87952	0.45949	0.12377	4.59493
0.00000	0.00000	0.00000	1.00000

boidNo = 7
boid Wall No = 0
position = = (-4.7, -8.6, 1.8)
Boid Radius= 10
Boid Frame=
 0.19412	-0.47215	-0.85988	-4.72147
0.09901	-0.86265	0.49602	-8.62649
0.97597	0.18142	0.12071	1.81423
0.00000	0.00000	0.00000	1.00000

boidNo = 8
boid Wall No = 1
position = = (-5.3, 8.2, 2.2)
Boid Radius= 10
Boid Frame=
 -0.05593	-0.53194	0.84493	-5.31939
-0.29585	0.81708	0.49482	8.17084
0.95360	0.22230	0.20307	2.22296
0.00000	0.00000	0.00000	1.00000

boidNo = 9
boid Wall No = 0
position = = (-3.7, -1.6, -9.1)
Boid Radius= 10
Boid Frame=
 -0.37466	-0.37184	-0.84933	-3.71842
-0.87544	-0.15981	0.45615	-1.59807
0.30534	-0.91444	0.26565	-9.14437
0.00000	0.00000	0.00000	1.00000

boidNo = 10
boid Wall No = 0
position = = (1.5, -6.5, 7.4)
Boid Radius= 10
Boid Frame=
 0.85370	0.14802	0.49928	1.48023
-0.29524	-0.65222	0.69818	-6.52217
-0.42899	0.74344	0.51310	7.43440
0.00000	0.00000	0.00000	1.00000

boidNo = 11
boid Wall No = 1
position = = (-3.1, 8.6, -4.2)
Boid Radius= 10
Boid Frame=
 -0.91124	-0.30759	0.27390	-3.07588
-0.13914	0.85584	0.49818	8.55838
0.38765	-0.41585	0.82268	-4.15851
0.00000	0.00000	0.00000	1.00000

boidNo = 12
boid Wall No = 0
position = = (6.2, -7.7, -1.3)
Boid Radius= 10
Boid Frame=
 -0.37923	0.62343	0.68376	6.23428
-0.15539	-0.77137	0.61713	-7.71367
-0.91216	-0.12779	-0.38940	-1.27788
0.00000	0.00000	0.00000	1.00000

boidNo = 13
boid Wall No = 1
position = = (3.0, 9.3, 2.4)
Boid Radius= 10
Boid Frame=
 0.65456	0.29650	-0.69544	2.96501
-0.01576	0.92504	0.37955	9.25036
-0.75585	0.23748	-0.61016	2.37477
0.00000	0.00000	0.00000	1.00000

boidNo = 14
boid Wall No = 0
position = = (-0.1, -6.5, -7.6)
Boid Radius= 10
Boid Frame=
 -0.94437	-0.00556	-0.32882	-0.05555
-0.24717	-0.64756	0.72081	-6.47558
0.21694	-0.76200	-0.61016	-7.61996
0.00000	0.00000	0.00000	1.00000

boidNo = 15
boid Wall No = 0
position = = (2.0, -9.2, 3.5)
Boid Radius= 10
Boid Frame=
 0.93529	0.20066	0.29149	2.00659
0.07398	-0.91637	0.39343	-9.16372
-0.34606	0.34641	0.87192	3.46408
0.00000	0.00000	0.00000	1.00000

boidNo = 16
boid Wall No = 1
position = = (4.0, 0.3, 9.1)
Boid Radius= 10
Boid Frame=
 0.68689	0.40267	0.60502	4.02667
-0.66961	0.02704	0.74222	0.27040
-0.28251	0.91495	-0.28820	9.14947
0.00000	0.00000	0.00000	1.00000

boidNo = 17
boid Wall No = 0
position = = (-1.3, -9.8, 1.3)
Boid Radius= 10
Boid Frame=
 0.75280	-0.13358	-0.64455	-1.33585
-0.01606	-0.98263	0.18489	-9.82627
0.65806	0.12884	0.74187	1.28836
0.00000	0.00000	0.00000	1.00000

boidNo = 18
boid Wall No = 1
position = = (-3.6, 2.0, -9.1)
Boid Radius= 10
Boid Frame=
 -0.77615	-0.35561	-0.52070	-3.55608
-0.60808	0.20369	0.76730	2.03692
0.16679	-0.91217	0.37434	-9.12169
0.00000	0.00000	0.00000	1.00000

boidNo = 19
boid Wall No = 0
position = = (3.1, -8.2, -4.9)
Boid Radius= 10
Boid Frame=
 -0.84298	0.30904	0.44031	3.09045
0.00087	-0.81773	0.57560	-8.17728
-0.53794	-0.48560	-0.68906	-4.85605
0.00000	0.00000	0.00000	1.00000

