Iteration Num of Simuation:0
m_SimulationDeltaT of action plan:0
boidNo = 0
boid Wall No = 1
position = = (-1.5, 9.9, -0.4)
Boid Radius= 10
Boid Frame=
 0.16278	-0.15210	0.97487	-1.52099
0.06062	0.98772	0.14398	9.87722
0.98480	-0.03566	-0.17000	-0.35655
0.00000	0.00000	0.00000	1.00000

boidNo = 1
boid Wall No = 1
position = = (-1.7, 8.8, 4.4)
Boid Radius= 10
Boid Frame=
 0.60677	-0.17150	0.77615	-1.71497
-0.25377	0.88355	0.39362	8.83552
0.75328	0.43580	-0.49260	4.35805
0.00000	0.00000	0.00000	1.00000

boidNo = 2
boid Wall No = 1
position = = (-2.2, 2.9, 9.3)
Boid Radius= 10
Boid Frame=
 0.73244	-0.22353	0.64309	-2.23527
-0.58123	0.28661	0.76160	2.86605
0.35455	0.93161	-0.08000	9.31608
0.00000	0.00000	0.00000	1.00000

boidNo = 3
boid Wall No = 1
position = = (-6.3, 3.5, 7.0)
Boid Radius= 10
Boid Frame=
 0.33478	-0.62759	0.70289	-6.27591
-0.68674	0.34826	0.63804	3.48258
0.64522	0.69631	0.31440	6.96308
0.00000	0.00000	0.00000	1.00000

boidNo = 4
boid Wall No = 1
position = = (0.0, 2.6, -9.7)
Boid Radius= 10
Boid Frame=
 -0.79130	-0.00167	-0.61143	-0.01669
-0.59084	0.25942	0.76394	2.59424
-0.15734	-0.96576	0.20627	-9.65762
0.00000	0.00000	0.00000	1.00000

boidNo = 5
boid Wall No = 1
position = = (-5.7, 6.1, 5.6)
Boid Radius= 10
Boid Frame=
 0.14350	-0.56632	0.81159	-5.66322
-0.59282	0.60748	0.52871	6.07481
0.79245	0.55700	0.24855	5.56998
0.00000	0.00000	0.00000	1.00000

boidNo = 6
boid Wall No = 1
position = = (-7.9, 5.9, -1.9)
Boid Radius= 10
Boid Frame=
 -0.61464	-0.78762	0.04329	-7.87618
-0.72612	0.58638	0.35905	5.86380
0.30818	-0.18925	0.93231	-1.89254
0.00000	0.00000	0.00000	1.00000

boidNo = 7
boid Wall No = 1
position = = (0.3, 10.0, 0.5)
Boid Radius= 10
Boid Frame=
 0.43513	0.02704	-0.89996	0.27038
0.03457	0.99831	0.04671	9.98310
-0.89970	0.05144	-0.43346	0.51440
0.00000	0.00000	0.00000	1.00000

boidNo = 8
boid Wall No = 1
position = = (6.9, 6.7, 2.8)
Boid Radius= 10
Boid Frame=
 0.70102	0.68533	-0.19722	6.85327
-0.50490	0.67227	0.54142	6.72266
-0.50363	0.27997	-0.81729	2.79974
0.00000	0.00000	0.00000	1.00000

boidNo = 9
boid Wall No = 0
position = = (0.0, -10.0, 0.0)
Boid Radius= 10
Boid Frame=
 -0.96708	0.00074	0.25447	0.00738
0.00051	-0.99999	0.00485	-9.99988
-0.25447	-0.00482	-0.96707	-0.04823
0.00000	0.00000	0.00000	1.00000

boidNo = 10
boid Wall No = 0
position = = (0.2, -9.8, 1.7)
Boid Radius= 10
Boid Frame=
 0.90902	0.02271	0.41613	0.22707
-0.05153	-0.98473	0.16631	-9.84727
-0.41355	0.17262	0.89397	1.72622
0.00000	0.00000	0.00000	1.00000

boidNo = 11
boid Wall No = 1
position = = (3.2, 8.3, 4.5)
Boid Radius= 10
Boid Frame=
 0.92061	0.31883	-0.22543	3.18830
-0.15910	0.83351	0.52909	8.33514
-0.35659	0.45122	-0.81807	4.51223
0.00000	0.00000	0.00000	1.00000

boidNo = 12
boid Wall No = 0
position = = (3.7, -8.5, -3.7)
Boid Radius= 10
Boid Frame=
 -0.88270	0.36765	0.29271	3.67647
-0.19474	-0.85303	0.48416	-8.53034
-0.42769	-0.37036	-0.82457	-3.70363
0.00000	0.00000	0.00000	1.00000

boidNo = 13
boid Wall No = 1
position = = (-1.8, 6.5, -7.4)
Boid Radius= 10
Boid Frame=
 -0.92454	-0.18132	-0.33519	-1.81320
-0.36863	0.64856	0.66595	6.48556
-0.09664	-0.73926	0.66645	-7.39255
0.00000	0.00000	0.00000	1.00000

boidNo = 14
boid Wall No = 0
position = = (7.1, -6.6, 2.4)
Boid Radius= 10
Boid Frame=
 0.12918	0.70661	0.69571	7.06608
-0.21528	-0.66487	0.71526	-6.64875
-0.96797	0.24217	-0.06623	2.42172
0.00000	0.00000	0.00000	1.00000

boidNo = 15
boid Wall No = 1
position = = (-4.6, 7.1, 5.3)
Boid Radius= 10
Boid Frame=
 -0.12313	-0.46378	0.87735	-4.63778
-0.64748	0.70753	0.28314	7.07534
0.75207	0.53320	0.38741	5.33203
0.00000	0.00000	0.00000	1.00000

boidNo = 16
boid Wall No = 0
position = = (4.0, -6.3, -6.6)
Boid Radius= 10
Boid Frame=
 -0.91537	0.40160	0.02846	4.01598
-0.25504	-0.63312	0.73083	-6.33120
-0.31152	-0.66172	-0.68197	-6.61723
0.00000	0.00000	0.00000	1.00000

boidNo = 17
boid Wall No = 0
position = = (-2.8, -9.4, 2.0)
Boid Radius= 10
Boid Frame=
 0.72239	-0.27813	-0.63308	-2.78126
-0.06881	-0.93991	0.33440	-9.39914
0.68805	0.19801	0.69813	1.98009
0.00000	0.00000	0.00000	1.00000

boidNo = 18
boid Wall No = 0
position = = (2.5, -6.0, -7.6)
Boid Radius= 10
Boid Frame=
 -0.95263	0.25063	-0.17229	2.50633
-0.29232	-0.59821	0.74612	-5.98212
-0.08394	-0.76113	-0.64314	-7.61134
0.00000	0.00000	0.00000	1.00000

boidNo = 19
boid Wall No = 1
position = = (8.7, 0.1, 5.0)
Boid Radius= 10
Boid Frame=
 0.33621	0.86801	0.36541	8.68006
-0.74964	0.01179	0.66174	0.11788
-0.57008	0.49641	-0.65466	4.96415
0.00000	0.00000	0.00000	1.00000

