Iteration Num of Simuation:0
m_SimulationDeltaT of action plan:0
boidNo = 0
boid Wall No = 0
position = = (3.1, -7.8, 5.5)
Boid Radius= 9.999999
Boid Frame=
 0.84369	0.30785	0.43979	3.07847
-0.04486	-0.77595	0.62920	-7.75946
-0.53495	0.55058	0.64085	5.50580
0.00000	0.00000	0.00000	1.00000

boidNo = 1
boid Wall No = 1
position = = (-0.3, 9.2, 4.0)
Boid Radius= 10
Boid Frame=
 0.78000	-0.03026	0.62505	-0.30259
-0.22845	0.91612	0.32944	9.16122
0.58259	0.39976	-0.70766	3.99756
0.00000	0.00000	0.00000	1.00000

boidNo = 2
boid Wall No = 1
position = = (-6.9, 6.8, -2.3)
Boid Radius= 10
Boid Frame=
 -0.69963	-0.69304	0.17381	-6.93043
-0.55916	0.68251	0.47065	6.82512
0.44481	-0.23210	0.86503	-2.32098
0.00000	0.00000	0.00000	1.00000

boidNo = 3
boid Wall No = 0
position = = (4.9, -0.7, 8.7)
Boid Radius= 10
Boid Frame=
 0.24577	0.49481	0.83352	4.94812
-0.94487	-0.06963	0.31994	-0.69631
-0.21635	0.86621	-0.45042	8.66206
0.00000	0.00000	0.00000	1.00000

boidNo = 4
boid Wall No = 1
position = = (4.5, 7.1, 5.4)
Boid Radius= 10
Boid Frame=
 0.89470	0.44552	-0.03190	4.45519
-0.33157	0.71032	0.62089	7.10325
-0.29928	0.54493	-0.78325	5.44933
0.00000	0.00000	0.00000	1.00000

boidNo = 5
boid Wall No = 1
position = = (-4.8, 8.6, 1.4)
Boid Radius= 10
Boid Frame=
 -0.42387	-0.48172	0.76700	-4.81717
-0.37144	0.86480	0.33787	8.64797
0.82606	0.14169	0.54549	1.41686
0.00000	0.00000	0.00000	1.00000

boidNo = 6
boid Wall No = 0
position = = (4.1, -3.1, 8.6)
Boid Radius= 10
Boid Frame=
 0.64855	0.41045	0.64102	4.10451
-0.56415	-0.30616	0.76681	-3.06164
-0.51100	0.85895	-0.03299	8.58949
0.00000	0.00000	0.00000	1.00000

boidNo = 7
boid Wall No = 1
position = = (-3.7, 6.8, -6.4)
Boid Radius= 10
Boid Frame=
 -0.92004	-0.37137	-0.12494	-3.71370
-0.36050	0.67735	0.64128	6.77353
0.15352	-0.63504	0.75707	-6.35041
0.00000	0.00000	0.00000	1.00000

boidNo = 8
boid Wall No = 0
position = = (-2.6, -9.6, -0.2)
Boid Radius= 10
Boid Frame=
 0.24011	-0.26438	-0.93405	-2.64383
-0.08760	-0.96417	0.25039	-9.64174
0.96679	-0.02170	0.25467	-0.21700
0.00000	0.00000	0.00000	1.00000

boidNo = 9
boid Wall No = 0
position = = (7.7, -1.7, -6.1)
Boid Radius= 10
Boid Frame=
 -0.39024	0.77429	-0.49819	7.74288
-0.88725	-0.17170	0.42813	-1.71700
-0.24596	-0.60910	-0.75399	-6.09096
0.00000	0.00000	0.00000	1.00000

boidNo = 10
boid Wall No = 0
position = = (4.1, -8.1, -4.2)
Boid Radius= 10
Boid Frame=
 -0.78339	0.41250	0.46492	4.12497
-0.07916	-0.80815	0.58364	-8.08147
-0.61647	-0.42041	-0.66574	-4.20410
0.00000	0.00000	0.00000	1.00000

boidNo = 11
boid Wall No = 0
position = = (-5.4, -7.8, 3.0)
Boid Radius= 10
Boid Frame=
 0.54133	-0.54339	-0.64163	-5.43388
-0.05400	-0.78400	0.61840	-7.84004
0.83908	0.30011	0.45374	3.00113
0.00000	0.00000	0.00000	1.00000

boidNo = 12
boid Wall No = 0
position = = (-2.7, -6.6, 7.1)
Boid Radius= 10
Boid Frame=
 0.95085	-0.26521	0.15984	-2.65214
-0.29951	-0.65665	0.69217	-6.56651
0.07861	0.70602	0.70381	7.06025
0.00000	0.00000	0.00000	1.00000

boidNo = 13
boid Wall No = 1
position = = (4.5, 2.6, 8.5)
Boid Radius= 10
Boid Frame=
 0.73733	0.44854	0.50513	4.48538
-0.64938	0.26461	0.71294	2.64612
-0.18612	0.85369	-0.48638	8.53695
0.00000	0.00000	0.00000	1.00000

boidNo = 14
boid Wall No = 0
position = = (5.4, -6.2, 5.7)
Boid Radius= 10
Boid Frame=
 0.51388	0.53970	0.66683	5.39696
-0.29287	-0.62024	0.72769	-6.20243
-0.80632	0.56923	0.16067	5.69234
0.00000	0.00000	0.00000	1.00000

boidNo = 15
boid Wall No = 0
position = = (8.1, -0.6, -5.8)
Boid Radius= 10
Boid Frame=
 -0.44705	0.81444	-0.36990	8.14444
-0.70270	-0.06388	0.70862	-0.63881
-0.55350	-0.57671	-0.60086	-5.76715
0.00000	0.00000	0.00000	1.00000

boidNo = 16
boid Wall No = 1
position = = (-3.7, 9.3, 0.3)
Boid Radius= 10
Boid Frame=
 0.07235	-0.37446	0.92442	-3.74460
-0.00452	0.92671	0.37574	9.26713
0.99737	0.03136	-0.06536	0.31360
0.00000	0.00000	0.00000	1.00000

boidNo = 17
boid Wall No = 1
position = = (2.9, 9.6, 0.1)
Boid Radius= 10
Boid Frame=
 0.27308	0.29363	-0.91609	2.93627
-0.06985	0.95582	0.28554	9.55818
-0.95945	0.01399	-0.28152	0.13986
0.00000	0.00000	0.00000	1.00000

boidNo = 18
boid Wall No = 1
position = = (1.8, 9.8, 0.0)
Boid Radius= 10
Boid Frame=
 0.78753	0.18296	-0.58849	1.82958
-0.14902	0.98311	0.10622	9.83112
-0.59799	-0.00404	-0.80150	-0.04042
0.00000	0.00000	0.00000	1.00000

boidNo = 19
boid Wall No = 1
position = = (4.9, 1.9, 8.5)
Boid Radius= 10
Boid Frame=
 0.65581	0.48705	0.57680	4.87051
-0.72485	0.19275	0.66139	1.92746
-0.21096	0.85184	-0.47944	8.51839
0.00000	0.00000	0.00000	1.00000

