Iteration Num of Simuation:0
m_SimulationDeltaT of action plan:0
boidNo = 0
boid Wall No = 0
position = = (-9.3, -0.6, 3.7)
Boid Radius= 10
Boid Frame=
 0.31752	-0.92878	0.19120	-9.28776
-0.63087	-0.05637	0.77384	-0.56371
0.70794	0.36633	0.60384	3.66330
0.00000	0.00000	0.00000	1.00000

boidNo = 1
boid Wall No = 0
position = = (-9.0, -4.4, 0.5)
Boid Radius= 10
Boid Frame=
 0.32857	-0.89804	-0.29251	-8.98041
-0.59060	-0.43704	0.67837	-4.37044
0.73704	0.05014	0.67398	0.50140
0.00000	0.00000	0.00000	1.00000

boidNo = 2
boid Wall No = 1
position = = (6.8, 6.8, -2.6)
Boid Radius= 10
Boid Frame=
 -0.01897	0.68319	-0.72999	6.83189
-0.33932	0.68239	0.64746	6.82393
-0.94048	-0.25998	-0.21887	-2.59985
0.00000	0.00000	0.00000	1.00000

boidNo = 3
boid Wall No = 1
position = = (7.7, 3.0, 5.7)
Boid Radius= 10
Boid Frame=
 0.41308	0.76507	0.49400	7.65068
-0.90749	0.30034	0.29369	3.00338
-0.07633	0.56962	-0.81836	5.69621
0.00000	0.00000	0.00000	1.00000

boidNo = 4
boid Wall No = 1
position = = (-2.0, 9.8, 0.7)
Boid Radius= 10
Boid Frame=
 0.56141	-0.19639	0.80390	-1.96385
0.05087	0.97779	0.20334	9.77786
0.82597	0.07326	-0.55893	0.73265
0.00000	0.00000	0.00000	1.00000

boidNo = 5
boid Wall No = 1
position = = (-8.1, 4.4, -3.8)
Boid Radius= 10
Boid Frame=
 -0.57457	-0.81384	0.08682	-8.13836
-0.51804	0.44375	0.73124	4.43753
0.63364	-0.37517	0.67657	-3.75172
0.00000	0.00000	0.00000	1.00000

boidNo = 6
boid Wall No = 0
position = = (-5.3, -8.5, -0.1)
Boid Radius= 10
Boid Frame=
 0.25835	-0.52514	-0.81086	-5.25138
-0.16533	-0.85100	0.49846	-8.51001
0.95180	-0.00528	0.30667	-0.05280
0.00000	0.00000	0.00000	1.00000

boidNo = 7
boid Wall No = 0
position = = (6.4, -3.5, 6.9)
Boid Radius= 10
Boid Frame=
 0.10282	0.63787	0.76325	6.37871
-0.84536	-0.34834	0.40500	-3.48341
-0.52421	0.68686	-0.50341	6.86862
0.00000	0.00000	0.00000	1.00000

boidNo = 8
boid Wall No = 0
position = = (7.3, -3.9, -5.7)
Boid Radius= 10
Boid Frame=
 -0.52247	0.72521	-0.44844	7.25209
-0.84791	-0.38646	0.36291	-3.86462
-0.08988	-0.56984	-0.81682	-5.69842
0.00000	0.00000	0.00000	1.00000

boidNo = 9
boid Wall No = 0
position = = (1.8, -9.8, 0.9)
Boid Radius= 10
Boid Frame=
 0.53398	0.18395	0.82525	1.83946
0.01836	-0.97834	0.20619	-9.78339
-0.84530	0.09495	0.52579	0.94954
0.00000	0.00000	0.00000	1.00000

boidNo = 10
boid Wall No = 1
position = = (9.5, 1.8, 2.5)
Boid Radius= 10
Boid Frame=
 0.21838	0.95179	0.21541	9.51792
-0.96408	0.17622	0.19871	1.76224
-0.15117	0.25107	-0.95609	2.51071
0.00000	0.00000	0.00000	1.00000

boidNo = 11
boid Wall No = 1
position = = (-0.7, 10.0, 0.7)
Boid Radius= 10
Boid Frame=
 0.89743	-0.07460	0.43480	-0.74599
0.03846	0.99508	0.09135	9.95076
0.43948	0.06525	-0.89588	0.65255
0.00000	0.00000	0.00000	1.00000

boidNo = 12
boid Wall No = 1
position = = (4.3, 6.2, -6.5)
Boid Radius= 10
Boid Frame=
 -0.47641	0.42585	-0.76921	4.25849
-0.45986	0.62498	0.63081	6.24982
-0.74938	-0.65426	0.10191	-6.54256
0.00000	0.00000	0.00000	1.00000

boidNo = 13
boid Wall No = 1
position = = (-1.8, 9.5, 2.7)
Boid Radius= 10
Boid Frame=
 0.85585	-0.18492	0.48304	-1.84925
0.02153	0.94583	0.32395	9.45829
0.51678	0.26685	-0.81347	2.66854
0.00000	0.00000	0.00000	1.00000

boidNo = 14
boid Wall No = 1
position = = (5.2, 3.0, 8.0)
Boid Radius= 10
Boid Frame=
 0.32914	0.52173	0.78706	5.21735
-0.93379	0.30374	0.18915	3.03740
0.14037	0.79720	-0.58716	7.97204
0.00000	0.00000	0.00000	1.00000

boidNo = 15
boid Wall No = 1
position = = (4.9, 5.1, 7.0)
Boid Radius= 10
Boid Frame=
 0.83065	0.48929	0.26575	4.89289
-0.52084	0.51405	0.68152	5.14054
-0.19685	0.70452	-0.68184	7.04517
0.00000	0.00000	0.00000	1.00000

boidNo = 16
boid Wall No = 1
position = = (9.4, 0.2, -3.5)
Boid Radius= 10
Boid Frame=
 -0.24725	0.93795	-0.24313	9.37952
-0.65473	0.02325	0.75550	0.23247
-0.71428	-0.34598	-0.60836	-3.45985
0.00000	0.00000	0.00000	1.00000

boidNo = 17
boid Wall No = 0
position = = (-8.4, -2.7, 4.7)
Boid Radius= 10
Boid Frame=
 0.53766	-0.83724	0.09976	-8.37237
-0.56954	-0.27339	0.77517	-2.73387
0.62173	0.47360	0.62383	4.73596
0.00000	0.00000	0.00000	1.00000

boidNo = 18
boid Wall No = 1
position = = (-3.4, 9.4, -0.3)
Boid Radius= 10
Boid Frame=
 -0.88325	-0.33622	0.32683	-3.36224
-0.30354	0.94125	0.14800	9.41255
0.35739	-0.03151	0.93342	-0.31512
0.00000	0.00000	0.00000	1.00000

boidNo = 19
boid Wall No = 0
position = = (-9.5, -3.2, 0.1)
Boid Radius= 10
Boid Frame=
 0.19782	-0.94786	-0.24985	-9.47861
-0.57047	-0.31860	0.75701	-3.18601
0.79714	0.00722	0.60375	0.07224
0.00000	0.00000	0.00000	1.00000

