Iteration Num of Simuation:0
m_SimulationDeltaT of action plan:0
boidNo = 0
boid Wall No = 0
position = = (-6.5, -6.3, 4.3)
Boid Radius= 10
Boid Frame=
 0.64399	-0.65325	0.39817	-6.53248
-0.75519	-0.62604	0.19433	-6.26042
-0.12233	0.42584	0.89649	4.25838
0.00000	0.00000	0.00000	1.00000

boidNo = 1
boid Wall No = 0
position = = (-1.7, -8.3, 5.3)
Boid Radius= 10
Boid Frame=
 0.96406	-0.16570	-0.20769	-1.65696
-0.02351	-0.83184	0.55452	-8.31841
0.26464	0.52970	0.80584	5.29704
0.00000	0.00000	0.00000	1.00000

boidNo = 2
boid Wall No = 0
position = = (-3.5, -5.3, 7.7)
Boid Radius= 10
Boid Frame=
 0.90662	-0.34841	0.23802	-3.48413
-0.40069	-0.53406	0.74447	-5.34060
0.13226	0.77032	0.62379	7.70317
0.00000	0.00000	0.00000	1.00000

boidNo = 3
boid Wall No = 1
position = = (-5.6, 5.6, -6.2)
Boid Radius= 10
Boid Frame=
 -0.79562	-0.55726	-0.23759	-5.57263
-0.57040	0.55699	0.60366	5.56991
0.20406	-0.61581	0.76101	-6.15808
0.00000	0.00000	0.00000	1.00000

boidNo = 4
boid Wall No = 0
position = = (0.6, -9.7, 2.2)
Boid Radius= 10
Boid Frame=
 0.97304	0.06140	0.22231	0.61402
0.00844	-0.97274	0.23173	-9.72743
-0.23048	0.22361	0.94704	2.23608
0.00000	0.00000	0.00000	1.00000

boidNo = 5
boid Wall No = 1
position = = (-0.2, 9.6, 2.9)
Boid Radius= 9.999999
Boid Frame=
 0.99327	-0.01983	-0.11412	-0.19832
0.05150	0.95809	0.28180	9.58090
-0.10374	0.28578	-0.95266	2.85780
0.00000	0.00000	0.00000	1.00000

boidNo = 6
boid Wall No = 1
position = = (1.4, 9.7, 2.1)
Boid Radius= 10
Boid Frame=
 0.67127	0.14130	-0.72762	1.41305
0.06198	0.96752	0.24508	9.67520
-0.73862	0.20962	-0.64071	2.09615
0.00000	0.00000	0.00000	1.00000

boidNo = 7
boid Wall No = 0
position = = (-9.2, -2.2, 3.4)
Boid Radius= 9.999999
Boid Frame=
 0.39378	-0.91562	0.08115	-9.15617
-0.66199	-0.22123	0.71611	-2.21231
0.63773	0.33571	0.69325	3.35712
0.00000	0.00000	0.00000	1.00000

boidNo = 8
boid Wall No = 1
position = = (8.1, 5.6, 1.9)
Boid Radius= 10
Boid Frame=
 0.47819	0.80670	-0.34724	8.06698
-0.43395	0.56076	0.70514	5.60763
-0.76356	0.18651	-0.61822	1.86505
0.00000	0.00000	0.00000	1.00000

boidNo = 9
boid Wall No = 1
position = = (-5.1, 8.4, -2.0)
Boid Radius= 10
Boid Frame=
 -0.56626	-0.51390	0.64440	-5.13898
-0.15819	0.83506	0.52693	8.35056
0.80890	-0.19644	0.55415	-1.96443
0.00000	0.00000	0.00000	1.00000

boidNo = 10
boid Wall No = 1
position = = (9.0, 3.8, 2.4)
Boid Radius= 10
Boid Frame=
 0.43370	0.89512	-0.10330	8.95116
-0.60776	0.37524	0.69987	3.75241
-0.66523	0.24075	-0.70676	2.40751
0.00000	0.00000	0.00000	1.00000

boidNo = 11
boid Wall No = 0
position = = (0.5, -8.7, 4.9)
Boid Radius= 10
Boid Frame=
 0.96133	0.04864	-0.27109	0.48636
0.17346	-0.87146	0.45877	-8.71457
0.21393	0.48805	0.84619	4.88055
0.00000	0.00000	0.00000	1.00000

boidNo = 12
boid Wall No = 1
position = = (3.5, 4.0, -8.5)
Boid Radius= 10
Boid Frame=
 -0.59220	0.34825	-0.72665	3.48252
-0.60622	0.40153	0.68649	4.01528
-0.53084	-0.84705	0.02667	-8.47052
0.00000	0.00000	0.00000	1.00000

boidNo = 13
boid Wall No = 0
position = = (-2.6, -7.6, 5.9)
Boid Radius= 9.999999
Boid Frame=
 0.95530	-0.25911	-0.14237	-2.59112
-0.11145	-0.76164	0.63834	-7.61640
0.27383	0.59394	0.75647	5.93940
0.00000	0.00000	0.00000	1.00000

boidNo = 14
boid Wall No = 0
position = = (-3.9, -9.2, -0.6)
Boid Radius= 10
Boid Frame=
 -0.53663	-0.39416	-0.74610	-3.94156
0.17891	-0.91724	0.35589	-9.17243
0.82463	-0.05750	-0.56274	-0.57499
0.00000	0.00000	0.00000	1.00000

boidNo = 15
boid Wall No = 0
position = = (-5.8, -7.5, -3.1)
Boid Radius= 9.999999
Boid Frame=
 -0.39358	-0.57534	-0.71700	-5.75336
-0.08175	-0.75495	0.65067	-7.54951
0.91565	-0.31470	-0.25010	-3.14702
0.00000	0.00000	0.00000	1.00000

boidNo = 16
boid Wall No = 0
position = = (2.1, -9.7, 1.3)
Boid Radius= 10
Boid Frame=
 0.27911	0.20788	0.93749	2.07880
-0.06915	-0.96940	0.23555	-9.69400
-0.95776	0.13057	0.25620	1.30573
0.00000	0.00000	0.00000	1.00000

boidNo = 17
boid Wall No = 0
position = = (7.4, -0.2, -6.7)
Boid Radius= 10
Boid Frame=
 -0.53498	0.74392	-0.40047	7.43920
-0.61316	-0.01578	0.78980	-0.15777
-0.58123	-0.66808	-0.46458	-6.68082
0.00000	0.00000	0.00000	1.00000

boidNo = 18
boid Wall No = 0
position = = (-3.5, -8.2, 4.5)
Boid Radius= 10
Boid Frame=
 0.85052	-0.35034	-0.39227	-3.50338
-0.07685	-0.82063	0.56627	-8.20629
0.52030	0.45148	0.72489	4.51478
0.00000	0.00000	0.00000	1.00000

boidNo = 19
boid Wall No = 1
position = = (1.5, 0.8, 9.9)
Boid Radius= 10
Boid Frame=
 0.69156	0.14606	0.70740	1.46061
-0.72082	0.07658	0.68887	0.76578
-0.04645	0.98631	-0.15824	9.86307
0.00000	0.00000	0.00000	1.00000

