Iteration Num of Simuation:0
m_SimulationDeltaT of action plan:0
boidNo = 0
boid Wall No = 0
position = = (-7.6, -0.6, -6.5)
Boid Radius= 10
Boid Frame=
 -0.14705	-0.76000	-0.63306	-7.60005
-0.95484	-0.05797	0.29140	-0.57974
0.25816	-0.64733	0.71716	-6.47327
0.00000	0.00000	0.00000	1.00000

boidNo = 1
boid Wall No = 0
position = = (-8.4, -4.5, 2.9)
Boid Radius= 10
Boid Frame=
 0.50990	-0.84426	-0.16503	-8.44256
-0.50950	-0.45097	0.73283	-4.50965
0.69312	0.28959	0.66009	2.89592
0.00000	0.00000	0.00000	1.00000

boidNo = 2
boid Wall No = 1
position = = (1.1, 7.2, -6.9)
Boid Radius= 10
Boid Frame=
 -0.85679	0.10683	-0.50448	1.06829
-0.28370	0.71930	0.63414	7.19297
-0.43062	-0.68644	0.58598	-6.86439
0.00000	0.00000	0.00000	1.00000

boidNo = 3
boid Wall No = 0
position = = (0.2, -9.6, -2.9)
Boid Radius= 9.999999
Boid Frame=
 -0.97364	0.01501	0.22760	0.15015
0.05175	-0.95727	0.28454	-9.57267
-0.22215	-0.28882	-0.93125	-2.88816
0.00000	0.00000	0.00000	1.00000

boidNo = 4
boid Wall No = 0
position = = (-7.9, -2.0, -5.8)
Boid Radius= 10
Boid Frame=
 -0.11444	-0.79081	-0.60127	-7.90811
-0.88135	-0.19845	0.42876	-1.98452
0.45839	-0.57899	0.67427	-5.78995
0.00000	0.00000	0.00000	1.00000

boidNo = 5
boid Wall No = 1
position = = (9.8, 1.2, -1.8)
Boid Radius= 10
Boid Frame=
 -0.05052	0.97612	-0.21129	9.76116
-0.66909	0.12399	0.73277	1.23986
-0.74146	-0.17840	-0.64684	-1.78395
0.00000	0.00000	0.00000	1.00000

boidNo = 6
boid Wall No = 1
position = = (-1.6, 9.6, -2.2)
Boid Radius= 10
Boid Frame=
 -0.94428	-0.15714	0.28922	-1.57138
-0.08208	0.96334	0.25543	9.63337
0.31875	-0.21746	0.92256	-2.17461
0.00000	0.00000	0.00000	1.00000

boidNo = 7
boid Wall No = 0
position = = (6.0, -2.6, 7.6)
Boid Radius= 10
Boid Frame=
 0.53916	0.59698	0.59408	5.96978
-0.57452	-0.25508	0.77773	-2.55080
-0.61582	0.76063	-0.20545	7.60626
0.00000	0.00000	0.00000	1.00000

boidNo = 8
boid Wall No = 0
position = = (-4.8, -6.2, -6.1)
Boid Radius= 10
Boid Frame=
 -0.54427	-0.48377	-0.68537	-4.83769
-0.33451	-0.62407	0.70615	-6.24066
0.76933	-0.61360	-0.17784	-6.13603
0.00000	0.00000	0.00000	1.00000

boidNo = 9
boid Wall No = 1
position = = (-4.9, 1.4, -8.6)
Boid Radius= 10
Boid Frame=
 -0.67817	-0.49320	-0.54483	-4.93201
-0.68024	0.14070	0.71936	1.40703
0.27813	-0.85846	0.43092	-8.58461
0.00000	0.00000	0.00000	1.00000

boidNo = 10
boid Wall No = 0
position = = (-6.6, -5.4, -5.2)
Boid Radius= 10
Boid Frame=
 -0.36565	-0.66137	-0.65489	-6.61375
-0.37016	-0.54224	0.75429	-5.42243
0.85398	-0.51822	0.04655	-5.18224
0.00000	0.00000	0.00000	1.00000

boidNo = 11
boid Wall No = 1
position = = (7.2, 6.2, -3.0)
Boid Radius= 9.999999
Boid Frame=
 0.05697	0.72489	-0.68650	7.24893
-0.48689	0.62048	0.61477	6.20480
-0.87161	-0.29922	-0.38829	-2.99224
0.00000	0.00000	0.00000	1.00000

boidNo = 12
boid Wall No = 1
position = = (-2.9, 6.9, 6.6)
Boid Radius= 10
Boid Frame=
 0.59083	-0.28725	0.75393	-2.87246
-0.41861	0.68970	0.59083	6.89703
0.68970	0.66468	-0.28726	6.64680
0.00000	0.00000	0.00000	1.00000

boidNo = 13
boid Wall No = 1
position = = (1.2, 9.8, -1.6)
Boid Radius= 9.999999
Boid Frame=
 -0.82945	0.12181	-0.54514	1.21814
0.01125	0.97938	0.20174	9.79375
-0.55847	-0.16120	0.81371	-1.61200
0.00000	0.00000	0.00000	1.00000

boidNo = 14
boid Wall No = 0
position = = (3.3, -8.7, 3.6)
Boid Radius= 10
Boid Frame=
 0.63362	0.32627	0.70148	3.26270
-0.08279	-0.87292	0.48079	-8.72919
-0.76920	0.36271	0.52609	3.62711
0.00000	0.00000	0.00000	1.00000

boidNo = 15
boid Wall No = 1
position = = (6.2, 7.6, 1.8)
Boid Radius= 10
Boid Frame=
 0.70824	0.62100	-0.33577	6.21005
-0.44606	0.76230	0.46897	7.62296
-0.54719	0.18237	-0.81690	1.82367
0.00000	0.00000	0.00000	1.00000

boidNo = 16
boid Wall No = 1
position = = (9.4, 3.3, 0.6)
Boid Radius= 10
Boid Frame=
 0.27163	0.94374	-0.18861	9.43737
-0.66233	0.32550	0.67480	3.25504
-0.69823	0.05838	-0.71349	0.58375
0.00000	0.00000	0.00000	1.00000

boidNo = 17
boid Wall No = 0
position = = (4.3, -2.9, 8.6)
Boid Radius= 10
Boid Frame=
 0.63366	0.42665	0.64532	4.26646
-0.57825	-0.29292	0.76146	-2.92917
-0.51390	0.85567	-0.06110	8.55671
0.00000	0.00000	0.00000	1.00000

boidNo = 18
boid Wall No = 1
position = = (7.3, 6.5, 2.1)
Boid Radius= 10
Boid Frame=
 0.58284	0.72633	-0.36435	7.26325
-0.42555	0.65481	0.62461	6.54806
-0.69224	0.20900	-0.69074	2.08999
0.00000	0.00000	0.00000	1.00000

boidNo = 19
boid Wall No = 1
position = = (-3.9, 9.2, -0.6)
Boid Radius= 10
Boid Frame=
 -0.26558	-0.38935	0.88197	-3.89352
-0.05252	0.91931	0.39002	9.19307
0.96266	-0.05726	0.26460	-0.57262
0.00000	0.00000	0.00000	1.00000

