Iteration Num of Simuation:0
m_SimulationDeltaT of action plan:0
boidNo = 0
boid Wall No = 0
position = = (2.2, -3.2, -9.2)
Boid Radius= 10
Boid Frame=
 -0.74469	0.21551	-0.63166	2.15510
-0.66476	-0.32379	0.67324	-3.23793
0.05944	-0.92126	-0.38439	-9.21257
0.00000	0.00000	0.00000	1.00000

boidNo = 1
boid Wall No = 1
position = = (5.8, 0.5, -8.2)
Boid Radius= 10
Boid Frame=
 -0.60624	0.57654	-0.54779	5.76538
-0.64421	0.04788	0.76335	0.47878
-0.46633	-0.81567	-0.34239	-8.15666
0.00000	0.00000	0.00000	1.00000

boidNo = 2
boid Wall No = 0
position = = (3.4, -7.1, -6.2)
Boid Radius= 10
Boid Frame=
 -0.93019	0.34445	0.12684	3.44455
-0.16708	-0.70501	0.68924	-7.05007
-0.32684	-0.61993	-0.71335	-6.19932
0.00000	0.00000	0.00000	1.00000

boidNo = 3
boid Wall No = 1
position = = (8.7, 4.3, -2.6)
Boid Radius= 9.999999
Boid Frame=
 0.20725	0.86506	-0.45686	8.65061
-0.77493	0.43020	0.46304	4.30198
-0.59710	-0.25807	-0.75952	-2.58067
0.00000	0.00000	0.00000	1.00000

boidNo = 4
boid Wall No = 1
position = = (-3.1, 8.9, -3.3)
Boid Radius= 10
Boid Frame=
 -0.85435	-0.30931	0.41763	-3.09307
-0.11046	0.89332	0.43564	8.93316
0.50782	-0.32606	0.79737	-3.26063
0.00000	0.00000	0.00000	1.00000

boidNo = 5
boid Wall No = 0
position = = (0.5, -8.2, 5.7)
Boid Radius= 10
Boid Frame=
 0.93422	0.04657	0.35364	0.46572
-0.16654	-0.81979	0.54791	-8.19795
-0.31543	0.57076	0.75811	5.70761
0.00000	0.00000	0.00000	1.00000

boidNo = 6
boid Wall No = 0
position = = (-1.5, -7.1, -6.9)
Boid Radius= 10
Boid Frame=
 -0.88991	-0.15105	-0.43041	-1.51053
-0.20483	-0.71077	0.67294	-7.10768
0.40757	-0.68702	-0.60158	-6.87017
0.00000	0.00000	0.00000	1.00000

boidNo = 7
boid Wall No = 1
position = = (6.7, 7.4, 0.7)
Boid Radius= 10
Boid Frame=
 0.68218	0.67215	-0.28783	6.72147
-0.57926	0.73702	0.34822	7.37023
-0.44619	0.07082	-0.89213	0.70824
0.00000	0.00000	0.00000	1.00000

boidNo = 8
boid Wall No = 0
position = = (-4.6, -8.6, -2.0)
Boid Radius= 10
Boid Frame=
 -0.29229	-0.46329	-0.83662	-4.63293
-0.06544	-0.86308	0.50081	-8.63080
0.95409	-0.20113	-0.22195	-2.01127
0.00000	0.00000	0.00000	1.00000

boidNo = 9
boid Wall No = 1
position = = (1.6, 9.8, 0.8)
Boid Radius= 9.999999
Boid Frame=
 0.21336	0.15579	-0.96447	1.55791
0.05040	0.98413	0.17012	9.84134
-0.97567	0.08490	-0.20212	0.84904
0.00000	0.00000	0.00000	1.00000

boidNo = 10
boid Wall No = 0
position = = (-7.6, -6.2, 2.0)
Boid Radius= 10
Boid Frame=
 0.64740	-0.75970	0.06114	-7.59698
-0.74821	-0.61823	0.24079	-6.18226
0.14513	0.20164	0.96865	2.01635
0.00000	0.00000	0.00000	1.00000

boidNo = 11
boid Wall No = 0
position = = (-3.3, -4.7, -8.2)
Boid Radius= 10
Boid Frame=
 -0.69686	-0.33010	-0.63672	-3.30098
-0.46677	-0.46530	0.75208	-4.65301
0.54453	-0.82130	-0.17017	-8.21298
0.00000	0.00000	0.00000	1.00000

boidNo = 12
boid Wall No = 0
position = = (-1.3, -9.9, 0.4)
Boid Radius= 9.999999
Boid Frame=
 0.34516	-0.12906	-0.92963	-1.29062
-0.00690	-0.99082	0.13500	-9.90822
0.93852	0.04018	0.34289	0.40184
0.00000	0.00000	0.00000	1.00000

boidNo = 13
boid Wall No = 0
position = = (-3.5, -5.4, -7.7)
Boid Radius= 10
Boid Frame=
 -0.71359	-0.34616	-0.60907	-3.46163
-0.37791	-0.54186	0.75072	-5.41858
0.58990	-0.76587	-0.25585	-7.65873
0.00000	0.00000	0.00000	1.00000

boidNo = 14
boid Wall No = 0
position = = (2.1, -8.5, 4.8)
Boid Radius= 10
Boid Frame=
 -0.58729	0.20987	0.78169	2.09870
-0.49988	-0.85363	-0.14638	-8.53635
-0.63656	0.47672	-0.60624	4.76720
0.00000	0.00000	0.00000	1.00000

boidNo = 15
boid Wall No = 1
position = = (-1.7, 5.3, 8.3)
Boid Radius= 10
Boid Frame=
 0.50951	-0.17232	0.84303	-1.72315
-0.67050	0.53453	0.51449	5.34532
0.53928	0.82740	-0.15681	8.27396
0.00000	0.00000	0.00000	1.00000

boidNo = 16
boid Wall No = 1
position = = (-2.7, 9.5, 1.8)
Boid Radius= 10
Boid Frame=
 0.54985	-0.27209	0.78970	-2.72090
0.00010	0.94548	0.32569	9.45476
0.83526	0.17900	-0.51990	1.79004
0.00000	0.00000	0.00000	1.00000

boidNo = 17
boid Wall No = 1
position = = (-2.2, 8.0, 5.6)
Boid Radius= 10
Boid Frame=
 0.16892	-0.22290	0.96010	-2.22897
-0.53267	0.79894	0.27920	7.98944
0.82930	0.55857	-0.01623	5.58575
0.00000	0.00000	0.00000	1.00000

boidNo = 18
boid Wall No = 1
position = = (7.2, 4.5, 5.2)
Boid Radius= 10
Boid Frame=
 0.68706	0.72481	0.05098	7.24811
-0.52993	0.45186	0.71763	4.51857
-0.49711	0.52007	-0.69455	5.20072
0.00000	0.00000	0.00000	1.00000

boidNo = 19
boid Wall No = 0
position = = (-5.6, -4.1, 7.2)
Boid Radius= 10
Boid Frame=
 0.80980	-0.55982	0.17558	-5.59817
-0.45345	-0.40729	0.79278	-4.07286
0.37230	0.72161	0.58367	7.21611
0.00000	0.00000	0.00000	1.00000

