Iteration Num of Simuation:0
m_SimulationDeltaT of action plan:0
boidNo = 0
boid Wall No = 0
position = = (0.9, -9.6, -2.7)
Boid Radius= 9.999999
Boid Frame=
 -0.97277	0.08501	0.21561	0.85007
-0.02105	-0.95887	0.28307	-9.58868
-0.23081	-0.27083	-0.93455	-2.70826
0.00000	0.00000	0.00000	1.00000

boidNo = 1
boid Wall No = 1
position = = (1.1, 6.9, -7.1)
Boid Radius= 9.999999
Boid Frame=
 -0.83029	0.11192	-0.54598	1.11920
-0.32919	0.69201	0.64246	6.92012
-0.44973	-0.71316	0.53773	-7.13157
0.00000	0.00000	0.00000	1.00000

boidNo = 2
boid Wall No = 0
position = = (0.1, -10.0, 0.3)
Boid Radius= 10
Boid Frame=
 0.97039	0.01134	0.24126	0.11336
0.00259	-0.99933	0.03653	-9.99329
-0.24152	0.03482	0.96977	0.34823
0.00000	0.00000	0.00000	1.00000

boidNo = 3
boid Wall No = 1
position = = (0.7, 9.8, -1.7)
Boid Radius= 9.999999
Boid Frame=
 -0.88663	0.07185	-0.45686	0.71851
-0.01688	0.98217	0.18723	9.82172
-0.46217	-0.17371	0.86961	-1.73712
0.00000	0.00000	0.00000	1.00000

boidNo = 4
boid Wall No = 0
position = = (-6.8, -4.1, 6.1)
Boid Radius= 10
Boid Frame=
 0.66382	-0.68088	0.30943	-6.80880
-0.69506	-0.40890	0.59135	-4.08899
0.27611	0.60762	0.74469	6.07622
0.00000	0.00000	0.00000	1.00000

boidNo = 5
boid Wall No = 0
position = = (-3.9, -8.6, -3.2)
Boid Radius= 9.999999
Boid Frame=
 -0.70722	-0.39218	-0.58826	-3.92175
0.06142	-0.86298	0.50149	-8.62983
0.70433	-0.31853	-0.63440	-3.18527
0.00000	0.00000	0.00000	1.00000

boidNo = 6
boid Wall No = 0
position = = (7.6, -6.4, -0.7)
Boid Radius= 10
Boid Frame=
 -0.64728	0.76137	-0.03672	7.61367
-0.76162	-0.64403	0.07188	-6.44028
-0.03108	-0.07449	-0.99674	-0.74493
0.00000	0.00000	0.00000	1.00000

boidNo = 7
boid Wall No = 0
position = = (1.9, -6.3, 7.5)
Boid Radius= 10
Boid Frame=
 0.86742	0.18525	0.46180	1.85249
-0.25431	-0.63268	0.73147	-6.32678
-0.42768	0.75193	0.50169	7.51932
0.00000	0.00000	0.00000	1.00000

boidNo = 8
boid Wall No = 0
position = = (-0.1, -10.0, 0.0)
Boid Radius= 10
Boid Frame=
 -0.31508	-0.01214	-0.94899	-0.12141
0.00024	-0.99992	0.01271	-9.99919
0.94907	-0.00378	-0.31506	-0.03778
0.00000	0.00000	0.00000	1.00000

boidNo = 9
boid Wall No = 0
position = = (-0.5, -9.9, 1.4)
Boid Radius= 10
Boid Frame=
 0.98276	-0.05162	-0.17751	-0.51615
-0.02597	-0.98926	0.14387	-9.89255
0.18303	0.13678	0.97355	1.36783
0.00000	0.00000	0.00000	1.00000

boidNo = 10
boid Wall No = 0
position = = (-3.1, -9.5, 0.5)
Boid Radius= 10
Boid Frame=
 -0.00874	-0.31361	-0.94951	-3.13615
0.05130	-0.94844	0.31279	-9.48437
0.99865	0.04598	-0.02438	0.45979
0.00000	0.00000	0.00000	1.00000

boidNo = 11
boid Wall No = 1
position = = (9.5, 0.8, 2.9)
Boid Radius= 10
Boid Frame=
 0.26861	0.95328	0.13824	9.53277
-0.65629	0.07607	0.75067	0.76072
-0.70508	0.29236	-0.64606	2.92363
0.00000	0.00000	0.00000	1.00000

boidNo = 12
boid Wall No = 0
position = = (1.7, -9.1, 3.8)
Boid Radius= 10
Boid Frame=
 0.92119	0.16501	0.35238	1.65010
0.00334	-0.90895	0.41689	-9.08950
-0.38909	0.38286	0.83787	3.82859
0.00000	0.00000	0.00000	1.00000

boidNo = 13
boid Wall No = 0
position = = (4.3, -4.8, 7.7)
Boid Radius= 10
Boid Frame=
 -0.19367	0.42866	0.88247	4.28657
-0.87828	-0.47658	0.03875	-4.76579
-0.43717	0.76755	-0.46878	7.67545
0.00000	0.00000	0.00000	1.00000

boidNo = 14
boid Wall No = 0
position = = (-0.3, -9.4, 3.4)
Boid Radius= 10
Boid Frame=
 0.95224	-0.02766	-0.30410	-0.27656
0.07897	-0.93971	0.33273	-9.39712
0.29497	0.34085	0.89264	3.40847
0.00000	0.00000	0.00000	1.00000

boidNo = 15
boid Wall No = 0
position = = (-7.6, -1.3, 6.4)
Boid Radius= 10
Boid Frame=
 0.58658	-0.75962	0.28090	-7.59617
-0.55703	-0.12662	0.82078	-1.26623
0.58791	0.63793	0.49740	6.37925
0.00000	0.00000	0.00000	1.00000

boidNo = 16
boid Wall No = 0
position = = (2.6, -9.6, -1.2)
Boid Radius= 10
Boid Frame=
 -0.22275	0.25912	0.93981	2.59120
0.06614	-0.95779	0.27975	-9.57791
-0.97263	-0.12447	-0.19621	-1.24475
0.00000	0.00000	0.00000	1.00000

boidNo = 17
boid Wall No = 1
position = = (-6.3, 7.6, 1.7)
Boid Radius= 10
Boid Frame=
 -0.51595	-0.63200	0.57825	-6.32002
-0.57214	0.75664	0.31647	7.56636
0.63753	0.16756	0.75198	1.67561
0.00000	0.00000	0.00000	1.00000

boidNo = 18
boid Wall No = 0
position = = (-9.3, -0.5, 3.8)
Boid Radius= 10
Boid Frame=
 -0.01324	-0.92589	0.37757	-9.25888
-0.98807	-0.04582	-0.14701	-0.45824
-0.15342	0.37501	0.91424	3.75008
0.00000	0.00000	0.00000	1.00000

boidNo = 19
boid Wall No = 0
position = = (-5.3, -2.6, -8.1)
Boid Radius= 10
Boid Frame=
 -0.63101	-0.52766	-0.56869	-5.27658
-0.51890	-0.25785	0.81502	-2.57854
0.57669	-0.80938	0.11110	-8.09375
0.00000	0.00000	0.00000	1.00000

