Iteration Num of Simuation:0
m_SimulationDeltaT of action plan:0
boidNo = 0
boid Wall No = 1
position = = (5.0, 8.6, -0.6)
Boid Radius= 9.999999
Boid Frame=
 0.35121	0.49911	-0.79217	4.99112
-0.26862	0.86422	0.42541	8.64216
-0.89694	-0.06338	-0.43759	-0.63381
0.00000	0.00000	0.00000	1.00000

boidNo = 1
boid Wall No = 0
position = = (-0.8, -8.7, -4.9)
Boid Radius= 10
Boid Frame=
 -0.98500	-0.08278	-0.15141	-0.82778
-0.00332	-0.86819	0.49623	-8.68185
0.17253	-0.48929	-0.85489	-4.89288
0.00000	0.00000	0.00000	1.00000

boidNo = 2
boid Wall No = 1
position = = (-2.5, 1.5, 9.6)
Boid Radius= 10
Boid Frame=
 0.54214	-0.24550	0.80362	-2.45499
-0.79698	0.15282	0.58435	1.52824
0.26627	0.95727	0.11281	9.57275
0.00000	0.00000	0.00000	1.00000

boidNo = 3
boid Wall No = 0
position = = (1.3, -9.6, 2.4)
Boid Radius= 10
Boid Frame=
 0.96688	0.13393	-0.21729	1.33932
0.18036	-0.96086	0.21030	-9.60856
0.18062	0.24253	0.95318	2.42527
0.00000	0.00000	0.00000	1.00000

boidNo = 4
boid Wall No = 0
position = = (0.5, -2.8, 9.6)
Boid Radius= 10
Boid Frame=
 0.77450	0.04870	0.63070	0.48703
-0.59443	-0.28495	0.75197	-2.84949
-0.21634	0.95730	0.19174	9.57305
0.00000	0.00000	0.00000	1.00000

boidNo = 5
boid Wall No = 1
position = = (-1.6, 9.6, -2.3)
Boid Radius= 10
Boid Frame=
 -0.95353	-0.15503	-0.25836	-1.55033
-0.20656	0.96061	0.18590	9.60612
-0.21937	-0.23063	0.94799	-2.30629
0.00000	0.00000	0.00000	1.00000

boidNo = 6
boid Wall No = 1
position = = (4.8, 8.6, 1.9)
Boid Radius= 10
Boid Frame=
 0.65562	0.47737	-0.58505	4.77367
-0.20518	0.85828	0.47038	8.58280
-0.72668	0.18835	-0.66066	1.88352
0.00000	0.00000	0.00000	1.00000

boidNo = 7
boid Wall No = 1
position = = (5.8, 5.3, -6.2)
Boid Radius= 10
Boid Frame=
 -0.09421	0.58080	-0.80857	5.80804
-0.70639	0.53332	0.46539	5.33316
-0.70153	-0.61501	-0.36003	-6.15013
0.00000	0.00000	0.00000	1.00000

boidNo = 8
boid Wall No = 1
position = = (-2.0, 9.5, 2.4)
Boid Radius= 10
Boid Frame=
 0.53117	-0.20109	0.82305	-2.01090
-0.09869	0.95013	0.29583	9.50130
0.84150	0.23836	-0.48484	2.38362
0.00000	0.00000	0.00000	1.00000

boidNo = 9
boid Wall No = 0
position = = (-3.6, -8.5, 3.8)
Boid Radius= 10
Boid Frame=
 0.68796	-0.35989	-0.63022	-3.59892
0.03028	-0.85339	0.52039	-8.53393
0.72511	0.37709	0.57621	3.77092
0.00000	0.00000	0.00000	1.00000

boidNo = 10
boid Wall No = 0
position = = (-0.6, -9.9, -0.9)
Boid Radius= 10
Boid Frame=
 -0.81857	-0.06340	-0.57089	-0.63403
0.00092	-0.99403	0.10907	-9.94034
0.57440	-0.08875	-0.81375	-0.88755
0.00000	0.00000	0.00000	1.00000

boidNo = 11
boid Wall No = 1
position = = (-1.1, 4.2, -9.0)
Boid Radius= 10
Boid Frame=
 -0.77137	-0.10881	-0.62702	-1.08812
-0.60669	0.42321	0.67292	4.23208
-0.19214	-0.89947	0.39246	-8.99475
0.00000	0.00000	0.00000	1.00000

boidNo = 12
boid Wall No = 1
position = = (-0.7, 10.0, -0.7)
Boid Radius= 9.999999
Boid Frame=
 -0.99725	-0.07111	0.02105	-0.71110
-0.06951	0.99521	0.06873	9.95210
0.02583	-0.06708	0.99741	-0.67082
0.00000	0.00000	0.00000	1.00000

boidNo = 13
boid Wall No = 0
position = = (5.1, -8.5, -1.4)
Boid Radius= 10
Boid Frame=
 -0.11626	0.51016	0.85218	5.10163
0.09455	-0.84842	0.52081	-8.48420
-0.98871	-0.14113	-0.05040	-1.41127
0.00000	0.00000	0.00000	1.00000

boidNo = 14
boid Wall No = 1
position = = (4.8, 5.7, -6.6)
Boid Radius= 10
Boid Frame=
 -0.40618	0.48370	-0.77527	4.83704
-0.52214	0.57342	0.63132	5.73416
-0.74993	-0.66123	-0.01965	-6.61230
0.00000	0.00000	0.00000	1.00000

boidNo = 15
boid Wall No = 1
position = = (-0.3, 6.1, -7.9)
Boid Radius= 10
Boid Frame=
 -0.87308	-0.02853	-0.48674	-0.28531
-0.40110	0.60960	0.68375	6.09596
-0.27721	-0.79220	0.54367	-7.92199
0.00000	0.00000	0.00000	1.00000

boidNo = 16
boid Wall No = 1
position = = (-0.8, 9.6, 2.6)
Boid Radius= 10
Boid Frame=
 0.21410	-0.07648	0.97381	-0.76478
-0.23620	0.96329	0.12758	9.63292
0.94782	0.25733	-0.18818	2.57333
0.00000	0.00000	0.00000	1.00000

boidNo = 17
boid Wall No = 0
position = = (-0.1, -10.0, -0.4)
Boid Radius= 10
Boid Frame=
 -0.98806	-0.00937	-0.15377	-0.09369
0.00353	-0.99926	0.03819	-9.99264
0.15402	-0.03719	-0.98737	-0.37193
0.00000	0.00000	0.00000	1.00000

boidNo = 18
boid Wall No = 0
position = = (9.9, -1.3, -0.5)
Boid Radius= 10
Boid Frame=
 -0.12791	0.98976	0.06343	9.89756
-0.69049	-0.13477	0.71067	-1.34774
-0.71194	-0.04710	-0.70066	-0.47103
0.00000	0.00000	0.00000	1.00000

boidNo = 19
boid Wall No = 1
position = = (0.6, 10.0, -0.6)
Boid Radius= 10
Boid Frame=
 -0.97534	0.06232	-0.21171	0.62315
0.04779	0.99618	0.07305	9.96183
-0.21545	-0.06113	0.97460	-0.61134
0.00000	0.00000	0.00000	1.00000

