Iteration Num of Simuation:0
m_SimulationDeltaT of action plan:0
boidNo = 0
boid Wall No = 0
position = = (2.9, -9.6, 0.6)
Boid Radius= 10
Boid Frame=
 0.52537	0.29104	0.79955	2.91041
0.11126	-0.95511	0.27456	-9.55112
-0.84357	0.05529	0.53417	0.55290
0.00000	0.00000	0.00000	1.00000

boidNo = 1
boid Wall No = 1
position = = (0.7, 10.0, -0.6)
Boid Radius= 10
Boid Frame=
 -0.00590	0.06815	-0.99766	0.68149
-0.06466	0.99556	0.06839	9.95561
-0.99789	-0.06491	0.00146	-0.64911
0.00000	0.00000	0.00000	1.00000

boidNo = 2
boid Wall No = 0
position = = (7.2, -4.2, 5.5)
Boid Radius= 10
Boid Frame=
 0.28168	0.72219	0.63174	7.22190
-0.54505	-0.42143	0.72479	-4.21425
-0.78967	0.54849	-0.27492	5.48492
0.00000	0.00000	0.00000	1.00000

boidNo = 3
boid Wall No = 0
position = = (4.5, -7.4, -4.9)
Boid Radius= 10
Boid Frame=
 -0.81409	0.45190	0.36475	4.51902
-0.11948	-0.74497	0.65631	-7.44970
-0.56831	-0.49072	-0.66047	-4.90718
0.00000	0.00000	0.00000	1.00000

boidNo = 4
boid Wall No = 1
position = = (-6.3, 7.2, 3.0)
Boid Radius= 10
Boid Frame=
 0.12965	-0.62970	0.76594	-6.29704
-0.28173	0.71723	0.63735	7.17231
0.95070	0.29842	0.08442	2.98417
0.00000	0.00000	0.00000	1.00000

boidNo = 5
boid Wall No = 0
position = = (0.3, -2.3, -9.7)
Boid Radius= 10
Boid Frame=
 -0.56548	0.03219	-0.82413	0.32194
-0.80689	-0.22851	0.54472	-2.28510
0.17079	-0.97301	-0.15519	-9.73009
0.00000	0.00000	0.00000	1.00000

boidNo = 6
boid Wall No = 1
position = = (7.4, 0.4, 6.7)
Boid Radius= 10
Boid Frame=
 0.53046	0.73770	0.41763	7.37698
-0.65029	0.03806	0.75874	0.38057
-0.54382	0.67406	-0.49990	6.74058
0.00000	0.00000	0.00000	1.00000

boidNo = 7
boid Wall No = 0
position = = (7.3, -6.2, -2.8)
Boid Radius= 10
Boid Frame=
 -0.67642	0.73365	0.06493	7.33653
-0.62537	-0.61866	0.47558	-6.18664
-0.38908	-0.28108	-0.87728	-2.81083
0.00000	0.00000	0.00000	1.00000

boidNo = 8
boid Wall No = 0
position = = (3.6, -5.8, 7.3)
Boid Radius= 10
Boid Frame=
 0.68967	0.35655	0.63026	3.56552
-0.36151	-0.58461	0.72632	-5.84615
-0.62743	0.72876	0.27429	7.28763
0.00000	0.00000	0.00000	1.00000

boidNo = 9
boid Wall No = 1
position = = (-0.6, 5.3, 8.4)
Boid Radius= 10
Boid Frame=
 0.80087	-0.06016	0.59580	-0.60159
-0.47879	0.53325	0.69743	5.33253
0.35967	0.84381	-0.39826	8.43814
0.00000	0.00000	0.00000	1.00000

boidNo = 10
boid Wall No = 0
position = = (5.6, -8.2, -1.0)
Boid Radius= 10
Boid Frame=
 -0.17057	0.55780	0.81226	5.57804
0.00376	-0.82396	0.56663	-8.23962
-0.98534	-0.09971	-0.13845	-0.99709
0.00000	0.00000	0.00000	1.00000

boidNo = 11
boid Wall No = 1
position = = (-1.4, 9.8, -1.2)
Boid Radius= 10
Boid Frame=
 -0.96567	-0.14495	0.21558	-1.44954
-0.11514	0.98271	0.14501	9.82708
0.23287	-0.11521	0.96566	-1.15212
0.00000	0.00000	0.00000	1.00000

boidNo = 12
boid Wall No = 1
position = = (-0.7, 10.0, -0.1)
Boid Radius= 10
Boid Frame=
 0.46857	-0.07208	0.88048	-0.72077
0.03991	0.99738	0.06041	9.97376
0.88252	-0.00683	-0.47022	-0.06834
0.00000	0.00000	0.00000	1.00000

boidNo = 13
boid Wall No = 1
position = = (0.8, 9.8, 2.1)
Boid Radius= 9.999999
Boid Frame=
 0.92263	0.07769	0.37778	0.77691
-0.14868	0.97544	0.16252	9.75438
0.35588	0.20612	-0.91152	2.06118
0.00000	0.00000	0.00000	1.00000

boidNo = 14
boid Wall No = 1
position = = (3.1, 4.5, -8.4)
Boid Radius= 10
Boid Frame=
 -0.60766	0.31143	-0.73059	3.11426
-0.58398	0.44825	0.67679	4.48245
-0.53825	-0.83791	0.09051	-8.37908
0.00000	0.00000	0.00000	1.00000

boidNo = 15
boid Wall No = 0
position = = (-4.1, -7.2, 5.6)
Boid Radius= 10
Boid Frame=
 0.89047	-0.40655	-0.20440	-4.06549
-0.17829	-0.72499	0.66528	-7.24990
0.41866	0.55597	0.71807	5.55974
0.00000	0.00000	0.00000	1.00000

boidNo = 16
boid Wall No = 0
position = = (5.9, -7.1, 3.9)
Boid Radius= 10
Boid Frame=
 0.39450	0.58502	0.70860	5.85022
-0.17033	-0.71123	0.68202	-7.11226
-0.90297	0.38975	0.18093	3.89753
0.00000	0.00000	0.00000	1.00000

boidNo = 17
boid Wall No = 1
position = = (9.9, 0.7, -1.1)
Boid Radius= 10
Boid Frame=
 -0.03679	0.99150	-0.12478	9.91503
-0.62723	0.07429	0.77529	0.74294
-0.77797	-0.10679	-0.61916	-1.06787
0.00000	0.00000	0.00000	1.00000

boidNo = 18
boid Wall No = 0
position = = (-4.4, -8.7, 2.4)
Boid Radius= 10
Boid Frame=
 0.22366	-0.43868	-0.87036	-4.38684
0.15171	-0.86643	0.47569	-8.66432
0.96279	0.23844	0.12724	2.38436
0.00000	0.00000	0.00000	1.00000

boidNo = 19
boid Wall No = 0
position = = (-5.8, -5.7, 5.8)
Boid Radius= 10
Boid Frame=
 0.81070	-0.58272	-0.05668	-5.82717
-0.35719	-0.56898	0.74073	-5.68975
0.46389	0.58027	0.66940	5.80266
0.00000	0.00000	0.00000	1.00000

