Iteration Num of Simuation:0
m_SimulationDeltaT of action plan:0
boidNo = 0
boid Wall No = 1
position = = (-5.5, 7.4, 3.9)
Boid Radius= 10
Boid Frame=
 0.25714	-0.55251	0.79285	-5.52507
-0.29072	0.73821	0.60871	7.38207
0.92161	0.38702	-0.02920	3.87024
0.00000	0.00000	0.00000	1.00000

boidNo = 1
boid Wall No = 1
position = = (-3.4, 5.0, -7.9)
Boid Radius= 10
Boid Frame=
 -0.82940	-0.34312	-0.44087	-3.43119
-0.55862	0.50110	0.66094	5.01101
0.00586	-0.79446	0.60729	-7.94461
0.00000	0.00000	0.00000	1.00000

boidNo = 2
boid Wall No = 1
position = = (2.5, 9.7, -0.4)
Boid Radius= 10
Boid Frame=
 -0.10371	0.24782	-0.96324	2.47824
-0.01368	0.96801	0.25053	9.68013
-0.99451	-0.03916	0.09701	-0.39163
0.00000	0.00000	0.00000	1.00000

boidNo = 3
boid Wall No = 0
position = = (-1.1, -7.5, 6.5)
Boid Radius= 10
Boid Frame=
 0.68247	-0.10841	0.72283	-1.08415
-0.53467	-0.74834	0.39258	-7.48338
-0.49836	0.65440	0.56869	6.54398
0.00000	0.00000	0.00000	1.00000

boidNo = 4
boid Wall No = 0
position = = (3.6, -0.3, 9.3)
Boid Radius= 10
Boid Frame=
 0.60963	0.36012	0.70617	3.60119
-0.74774	-0.03447	0.66309	-0.34466
-0.26313	0.93227	-0.24827	9.32270
0.00000	0.00000	0.00000	1.00000

boidNo = 5
boid Wall No = 0
position = = (-2.7, -4.0, -8.8)
Boid Radius= 10
Boid Frame=
 -0.74190	-0.26865	-0.61434	-2.68646
-0.49353	-0.40142	0.77155	-4.01420
0.45388	-0.87561	-0.16523	-8.75609
0.00000	0.00000	0.00000	1.00000

boidNo = 6
boid Wall No = 1
position = = (4.0, 6.9, 6.0)
Boid Radius= 10
Boid Frame=
 0.91377	0.40425	0.04007	4.04255
-0.33490	0.69379	0.63757	6.93791
-0.22994	0.59601	-0.76935	5.96013
0.00000	0.00000	0.00000	1.00000

boidNo = 7
boid Wall No = 0
position = = (-0.5, -10.0, -0.3)
Boid Radius= 10
Boid Frame=
 -0.83561	-0.04510	-0.54748	-0.45096
0.02373	-0.99866	0.04604	-9.98658
0.54882	-0.02548	-0.83555	-0.25485
0.00000	0.00000	0.00000	1.00000

boidNo = 8
boid Wall No = 1
position = = (0.8, 9.9, -0.9)
Boid Radius= 10
Boid Frame=
 -0.97584	0.08092	-0.20293	0.80924
0.06009	0.99246	0.10679	9.92464
-0.21004	-0.09202	0.97335	-0.92020
0.00000	0.00000	0.00000	1.00000

boidNo = 9
boid Wall No = 1
position = = (-2.4, 1.8, 9.6)
Boid Radius= 10
Boid Frame=
 0.58672	-0.23541	0.77482	-2.35411
-0.75797	0.17713	0.62778	1.77130
0.28503	0.95562	0.07451	9.55619
0.00000	0.00000	0.00000	1.00000

