Iteration Num of Simuation:0
m_SimulationDeltaT of action plan:0
boidNo = 0
boid Wall No = 0
position = = (-7.4, -6.7, 0.5)
Boid Radius= 10
Boid Frame=
 0.42598	-0.74470	-0.51378	-7.44699
-0.41324	-0.66533	0.62175	-6.65330
0.80484	0.05254	0.59116	0.52540
0.00000	0.00000	0.00000	1.00000

boidNo = 1
boid Wall No = 0
position = = (-4.1, -9.1, 0.3)
Boid Radius= 10
Boid Frame=
 -0.37551	-0.40936	-0.83152	-4.09358
0.19459	-0.91200	0.36110	-9.11998
0.90616	0.02621	-0.42212	0.26205
0.00000	0.00000	0.00000	1.00000

boidNo = 2
boid Wall No = 1
position = = (7.0, 4.9, -5.2)
Boid Radius= 10
Boid Frame=
 -0.21172	0.69772	-0.68437	6.97720
-0.55427	0.49102	0.67207	4.91024
-0.80496	-0.52162	-0.28277	-5.21615
0.00000	0.00000	0.00000	1.00000

boidNo = 3
boid Wall No = 1
position = = (-3.4, 0.2, 9.4)
Boid Radius= 10
Boid Frame=
 0.72416	-0.34176	0.59900	-3.41757
-0.63113	0.02168	0.77537	0.21676
0.27797	0.93954	0.20000	9.39539
0.00000	0.00000	0.00000	1.00000

boidNo = 4
boid Wall No = 0
position = = (6.0, -1.1, -7.9)
Boid Radius= 9.999999
Boid Frame=
 -0.29474	0.60203	-0.74209	6.02026
-0.95153	-0.11352	0.28583	-1.13518
-0.08784	-0.79037	-0.60631	-7.90366
0.00000	0.00000	0.00000	1.00000

boidNo = 5
boid Wall No = 0
position = = (-4.8, -5.1, -7.2)
Boid Radius= 10
Boid Frame=
 -0.58914	-0.47986	-0.65011	-4.79863
-0.41777	-0.50779	0.75340	-5.07792
0.69165	-0.71546	-0.09869	-7.15457
0.00000	0.00000	0.00000	1.00000

boidNo = 6
boid Wall No = 1
position = = (-1.5, 9.1, -3.9)
Boid Radius= 10
Boid Frame=
 -0.95938	-0.14988	0.23902	-1.49876
-0.03821	0.90843	0.41628	9.08432
0.27952	-0.39024	0.87726	-3.90243
0.00000	0.00000	0.00000	1.00000

boidNo = 7
boid Wall No = 0
position = = (5.7, -8.0, 1.7)
Boid Radius= 10
Boid Frame=
 0.27977	0.57177	0.77124	5.71768
-0.00796	-0.80191	0.59739	-8.01908
-0.96003	0.17328	0.21980	1.73278
0.00000	0.00000	0.00000	1.00000

boidNo = 8
boid Wall No = 0
position = = (-4.5, -3.8, -8.1)
Boid Radius= 10
Boid Frame=
 -0.52527	-0.45400	-0.71970	-4.54000
-0.61689	-0.37940	0.68957	-3.79403
0.58612	-0.80619	0.08078	-8.06187
0.00000	0.00000	0.00000	1.00000

boidNo = 9
boid Wall No = 1
position = = (5.6, 3.6, -7.4)
Boid Radius= 10
Boid Frame=
 -0.37659	0.56399	-0.73491	5.63986
-0.68906	0.35970	0.62914	3.59704
-0.61918	-0.74333	-0.25316	-7.43326
0.00000	0.00000	0.00000	1.00000

boidNo = 10
boid Wall No = 0
position = = (-2.6, -9.5, 1.6)
Boid Radius= 10
Boid Frame=
 0.28989	-0.26011	-0.92104	-2.60106
0.08405	-0.95172	0.29523	-9.51723
0.95336	0.16300	0.25403	1.62996
0.00000	0.00000	0.00000	1.00000

boidNo = 11
boid Wall No = 1
position = = (6.4, 5.6, 5.3)
Boid Radius= 10
Boid Frame=
 0.74188	0.63843	0.20500	6.38434
-0.62918	0.55709	0.54202	5.57086
-0.23184	0.53109	-0.81498	5.31090
0.00000	0.00000	0.00000	1.00000

boidNo = 12
boid Wall No = 1
position = = (-6.8, 3.2, -6.6)
Boid Radius= 10
Boid Frame=
 -0.41245	-0.68084	-0.60526	-6.80836
-0.91071	0.32430	0.25581	3.24302
-0.02213	-0.65673	0.75380	-6.56728
0.00000	0.00000	0.00000	1.00000

boidNo = 13
boid Wall No = 1
position = = (-7.8, 5.2, -3.4)
Boid Radius= 9.999999
Boid Frame=
 -0.60866	-0.78380	0.12324	-7.83797
-0.53573	0.52056	0.66484	5.20564
0.58525	-0.33864	0.73675	-3.38637
0.00000	0.00000	0.00000	1.00000

boidNo = 14
boid Wall No = 0
position = = (-5.2, -8.5, -0.9)
Boid Radius= 10
Boid Frame=
 -0.33769	-0.51630	-0.78702	-5.16297
0.10141	-0.85123	0.51491	-8.51228
0.93578	-0.09407	-0.33981	-0.94068
0.00000	0.00000	0.00000	1.00000

boidNo = 15
boid Wall No = 1
position = = (6.9, 5.3, -5.0)
Boid Radius= 10
Boid Frame=
 -0.25761	0.68637	-0.68010	6.86371
-0.45872	0.53260	0.71127	5.32600
-0.85042	-0.49521	-0.17765	-4.95209
0.00000	0.00000	0.00000	1.00000

boidNo = 16
boid Wall No = 0
position = = (0.8, -10.0, 0.3)
Boid Radius= 10
Boid Frame=
 0.29652	0.07891	0.95176	0.78915
-0.00582	-0.99641	0.08443	-9.96413
-0.95501	0.03057	0.29500	0.30571
0.00000	0.00000	0.00000	1.00000

boidNo = 17
boid Wall No = 0
position = = (-4.7, -7.9, -3.9)
Boid Radius= 10
Boid Frame=
 -0.55388	-0.46944	-0.68764	-4.69441
-0.07963	-0.79224	0.60499	-7.92238
0.82878	-0.38985	-0.40142	-3.89852
0.00000	0.00000	0.00000	1.00000

boidNo = 18
boid Wall No = 0
position = = (-0.2, -5.1, 8.6)
Boid Radius= 10
Boid Frame=
 0.89917	-0.02052	0.43712	-0.20515
-0.38507	-0.51164	0.76808	-5.11637
-0.20789	0.85896	0.46795	8.58957
0.00000	0.00000	0.00000	1.00000

boidNo = 19
boid Wall No = 0
position = = (-0.6, -5.4, -8.4)
Boid Radius= 10
Boid Frame=
 -0.89414	-0.05706	-0.44413	-0.57063
-0.34530	-0.54361	0.76502	-5.43614
0.28509	-0.83739	-0.46636	-8.37393
0.00000	0.00000	0.00000	1.00000

