Iteration Num of Simuation:0
m_SimulationDeltaT of action plan:0
boidNo = 0
boid Wall No = 1
position = = (-0.4, 10.0, 0.9)
Boid Radius= 10
Boid Frame=
 0.99104	-0.03591	-0.12861	-0.35907
0.04720	0.99519	0.08585	9.95190
-0.12491	0.09115	-0.98797	0.91148
0.00000	0.00000	0.00000	1.00000

boidNo = 1
boid Wall No = 0
position = = (9.6, -2.7, -0.3)
Boid Radius= 10
Boid Frame=
 -0.25048	0.96247	0.10442	9.62473
-0.84075	-0.26974	0.46944	-2.69739
-0.47999	-0.02979	-0.87677	-0.29793
0.00000	0.00000	0.00000	1.00000

boidNo = 2
boid Wall No = 1
position = = (6.2, 5.4, -5.7)
Boid Radius= 10
Boid Frame=
 -0.35340	0.61766	-0.70257	6.17658
-0.46183	0.53794	0.70522	5.37936
-0.81352	-0.57369	-0.09515	-5.73694
0.00000	0.00000	0.00000	1.00000

boidNo = 3
boid Wall No = 0
position = = (8.4, -2.8, 4.6)
Boid Radius= 10
Boid Frame=
 0.22957	0.84084	0.49019	8.40841
-0.59425	-0.27778	0.75479	-2.77783
-0.77082	0.46457	-0.43590	4.64569
0.00000	0.00000	0.00000	1.00000

boidNo = 4
boid Wall No = 0
position = = (-1.3, -9.8, -1.6)
Boid Radius= 10
Boid Frame=
 -0.70366	-0.13107	-0.69834	-1.31072
-0.02372	-0.97796	0.20745	-9.77958
0.71014	-0.16254	-0.68504	-1.62536
0.00000	0.00000	0.00000	1.00000

boidNo = 5
boid Wall No = 0
position = = (8.5, -0.6, -5.2)
Boid Radius= 10
Boid Frame=
 -0.40546	0.85081	-0.33425	8.50808
-0.71208	-0.06469	0.69911	-0.64692
-0.57319	-0.52148	-0.63207	-5.21479
0.00000	0.00000	0.00000	1.00000

boidNo = 6
boid Wall No = 0
position = = (5.6, -7.8, -2.8)
Boid Radius= 9.999999
Boid Frame=
 -0.48974	0.55848	0.66952	5.58475
-0.04150	-0.78198	0.62192	-7.81977
-0.87088	-0.27680	-0.40614	-2.76798
0.00000	0.00000	0.00000	1.00000

boidNo = 7
boid Wall No = 1
position = = (-7.1, 0.6, 7.0)
Boid Radius= 10
Boid Frame=
 0.49430	-0.71118	0.49989	-7.11176
-0.66497	0.06105	0.74437	0.61046
0.55990	0.70036	0.44273	7.00358
0.00000	0.00000	0.00000	1.00000

boidNo = 8
boid Wall No = 1
position = = (2.6, 5.5, 7.9)
Boid Radius= 10
Boid Frame=
 0.90030	0.25544	0.35244	2.55436
-0.43510	0.55100	0.71210	5.51000
0.01230	0.79445	-0.60720	7.94451
0.00000	0.00000	0.00000	1.00000

boidNo = 9
boid Wall No = 0
position = = (6.3, -7.7, 0.9)
Boid Radius= 10
Boid Frame=
 0.02190	0.62965	0.77657	6.29651
-0.09613	-0.77183	0.62852	-7.71831
-0.99513	0.08842	-0.04362	0.88415
0.00000	0.00000	0.00000	1.00000

