Iteration Num of Simuation:0
m_SimulationDeltaT of action plan:0
boidNo = 0
boid Wall No = 1
position = = (0.5, 9.8, 1.8)
Boid Radius= 10
Boid Frame=
 0.81505	0.05010	0.57721	0.50100
-0.14474	0.98227	0.11912	9.82273
0.56101	0.18064	-0.80786	1.80638
0.00000	0.00000	0.00000	1.00000

boidNo = 1
boid Wall No = 1
position = = (4.1, 9.1, 0.7)
Boid Radius= 10
Boid Frame=
 0.31215	0.40516	-0.85931	4.05163
-0.06209	0.91127	0.40711	9.11267
-0.94800	0.07372	-0.30961	0.73725
0.00000	0.00000	0.00000	1.00000

boidNo = 2
boid Wall No = 0
position = = (6.8, -6.6, 3.1)
Boid Radius= 10
Boid Frame=
 0.10863	0.68190	0.72333	6.81903
-0.32957	-0.66178	0.67337	-6.61781
-0.93786	0.31153	-0.15285	3.11534
0.00000	0.00000	0.00000	1.00000

boidNo = 3
boid Wall No = 1
position = = (-6.1, 7.7, 1.8)
Boid Radius= 10
Boid Frame=
 -0.25098	-0.60728	0.75380	-6.07282
-0.40212	0.77376	0.48948	7.73763
0.88052	0.18028	0.43840	1.80275
0.00000	0.00000	0.00000	1.00000

boidNo = 4
boid Wall No = 0
position = = (-1.5, -8.5, -5.1)
Boid Radius= 10
Boid Frame=
 -0.97052	-0.14752	-0.19061	-1.47518
0.02378	-0.84558	0.53332	-8.45577
0.23985	-0.51307	-0.82416	-5.13068
0.00000	0.00000	0.00000	1.00000

boidNo = 5
boid Wall No = 0
position = = (2.1, -9.1, -3.6)
Boid Radius= 9.999999
Boid Frame=
 -0.94391	0.21378	0.25164	2.13780
-0.09692	-0.90792	0.40778	-9.07921
-0.31565	-0.36052	-0.87772	-3.60524
0.00000	0.00000	0.00000	1.00000

boidNo = 6
boid Wall No = 1
position = = (2.7, 9.1, 3.1)
Boid Radius= 10
Boid Frame=
 0.82771	0.27063	-0.49158	2.70630
-0.05361	0.91015	0.41080	9.10148
-0.55859	0.31367	-0.76785	3.13671
0.00000	0.00000	0.00000	1.00000

boidNo = 7
boid Wall No = 1
position = = (-8.3, 2.7, 4.9)
Boid Radius= 10
Boid Frame=
 0.21577	-0.83051	0.51351	-8.30511
-0.64581	0.27307	0.71299	2.73068
0.73237	0.48547	0.47743	4.85475
0.00000	0.00000	0.00000	1.00000

boidNo = 8
boid Wall No = 0
position = = (2.1, -7.6, 6.1)
Boid Radius= 10
Boid Frame=
 0.91256	0.20990	0.35096	2.09901
-0.07107	-0.76377	0.64157	-7.63766
-0.40272	0.61041	0.68207	6.10413
0.00000	0.00000	0.00000	1.00000

boidNo = 9
boid Wall No = 1
position = = (0.4, 10.0, 0.6)
Boid Radius= 10
Boid Frame=
 0.99908	0.04115	0.01174	0.41147
-0.04175	0.99752	0.05660	9.97524
0.00938	0.05703	-0.99833	0.57034
0.00000	0.00000	0.00000	1.00000

boidNo = 10
boid Wall No = 0
position = = (9.8, -1.8, 0.7)
Boid Radius= 10
Boid Frame=
 -0.04098	0.98040	0.19271	9.80399
-0.56085	-0.18219	0.80762	-1.82192
-0.82690	0.07499	-0.55732	0.74990
0.00000	0.00000	0.00000	1.00000

boidNo = 11
boid Wall No = 0
position = = (-2.7, -9.6, 0.3)
Boid Radius= 10
Boid Frame=
 -0.02198	-0.26883	-0.96294	-2.68831
0.04240	-0.96255	0.26776	-9.62553
0.99886	0.03494	-0.03256	0.34943
0.00000	0.00000	0.00000	1.00000

boidNo = 12
boid Wall No = 0
position = = (-6.6, -3.8, 6.5)
Boid Radius= 10
Boid Frame=
 0.52186	-0.66169	0.53836	-6.61692
-0.85211	-0.37506	0.36502	-3.75055
0.03961	0.64923	0.75956	6.49228
0.00000	0.00000	0.00000	1.00000

boidNo = 13
boid Wall No = 1
position = = (-6.9, 5.0, 5.2)
Boid Radius= 10
Boid Frame=
 0.12392	-0.68880	0.71428	-6.88797
-0.63113	0.50076	0.59239	5.00757
0.76572	0.52421	0.37266	5.24215
0.00000	0.00000	0.00000	1.00000

boidNo = 14
boid Wall No = 1
position = = (3.0, 9.2, -2.7)
Boid Radius= 10
Boid Frame=
 -0.40889	0.29759	-0.86270	2.97585
-0.13549	0.91506	0.37987	9.15065
-0.90247	-0.27221	0.33384	-2.72212
0.00000	0.00000	0.00000	1.00000

boidNo = 15
boid Wall No = 0
position = = (3.3, -0.5, -9.4)
Boid Radius= 10
Boid Frame=
 -0.41340	0.33386	-0.84713	3.33859
-0.90564	-0.05434	0.42054	-0.54342
-0.09437	-0.94106	-0.32482	-9.41055
0.00000	0.00000	0.00000	1.00000

boidNo = 16
boid Wall No = 1
position = = (-1.7, 9.8, 1.0)
Boid Radius= 10
Boid Frame=
 0.43687	-0.17145	0.88303	-1.71449
-0.01687	0.97993	0.19861	9.79934
0.89936	0.10167	-0.42521	1.01665
0.00000	0.00000	0.00000	1.00000

boidNo = 17
boid Wall No = 1
position = = (1.8, 8.6, -4.8)
Boid Radius= 9.999999
Boid Frame=
 -0.80499	0.17917	-0.56559	1.79174
-0.15081	0.86020	0.48714	8.60203
-0.57381	-0.47744	0.66543	-4.77439
0.00000	0.00000	0.00000	1.00000

boidNo = 18
boid Wall No = 0
position = = (-8.6, -4.4, -2.6)
Boid Radius= 10
Boid Frame=
 -0.04080	-0.85976	-0.50907	-8.59758
-0.44625	-0.44018	0.77917	-4.40176
0.89398	-0.25896	0.36571	-2.58964
0.00000	0.00000	0.00000	1.00000

boidNo = 19
boid Wall No = 0
position = = (-5.1, -8.4, -2.1)
Boid Radius= 10
Boid Frame=
 -0.11175	-0.50693	-0.85471	-5.06934
-0.17660	-0.83627	0.51909	-8.36275
0.97792	-0.20895	-0.00393	-2.08955
0.00000	0.00000	0.00000	1.00000

