Iteration Num of Simuation:0
m_SimulationDeltaT of action plan:0
boidNo = 0
boid Wall No = 0
position = = (-1.6, -6.7, -7.3)
Boid Radius= 10
Boid Frame=
 0.33271	-0.16133	-0.92913	-1.61327
-0.72881	-0.66923	-0.14478	-6.69233
0.59845	-0.72533	0.34024	-7.25328
0.00000	0.00000	0.00000	1.00000

boidNo = 1
boid Wall No = 0
position = = (-4.8, -3.6, -8.0)
Boid Radius= 10
Boid Frame=
 -0.36132	-0.47768	-0.80079	-4.77683
-0.75197	-0.35855	0.55317	-3.58548
0.55136	-0.80204	0.22965	-8.02037
0.00000	0.00000	0.00000	1.00000

boidNo = 2
boid Wall No = 1
position = = (-7.7, 4.4, -4.7)
Boid Radius= 10
Boid Frame=
 -0.64377	-0.76510	0.01346	-7.65099
-0.51103	0.44295	0.73664	4.42950
0.56957	-0.46735	0.67615	-4.67352
0.00000	0.00000	0.00000	1.00000

boidNo = 3
boid Wall No = 1
position = = (-9.3, 2.1, 3.0)
Boid Radius= 10
Boid Frame=
 -0.03209	-0.93017	0.36573	-9.30168
-0.87105	0.20547	0.44615	2.05468
0.49014	0.30425	0.81682	3.04255
0.00000	0.00000	0.00000	1.00000

boidNo = 4
boid Wall No = 1
position = = (-4.1, 8.4, -3.5)
Boid Radius= 10
Boid Frame=
 -0.79895	-0.41376	0.43644	-4.13756
-0.14934	0.83948	0.52247	8.39478
0.58256	-0.35225	0.73249	-3.52254
0.00000	0.00000	0.00000	1.00000

boidNo = 5
boid Wall No = 0
position = = (-8.7, -4.4, -2.2)
Boid Radius= 9.999999
Boid Frame=
 0.02979	-0.86793	-0.49580	-8.67926
-0.49643	-0.44337	0.74631	-4.43369
0.86756	-0.22389	0.44408	-2.23895
0.00000	0.00000	0.00000	1.00000

boidNo = 6
boid Wall No = 1
position = = (2.0, 3.0, -9.3)
Boid Radius= 10
Boid Frame=
 -0.73642	0.19938	-0.64648	1.99384
-0.58309	0.29752	0.75597	2.97522
-0.34307	-0.93366	0.10284	-9.33663
0.00000	0.00000	0.00000	1.00000

boidNo = 7
boid Wall No = 1
position = = (-4.8, 8.2, -3.0)
Boid Radius= 10
Boid Frame=
 -0.71456	-0.48270	0.50637	-4.82696
-0.16891	0.82145	0.54469	8.21452
0.67888	-0.30368	0.66850	-3.03680
0.00000	0.00000	0.00000	1.00000

boidNo = 8
boid Wall No = 1
position = = (2.1, 8.6, -4.6)
Boid Radius= 10
Boid Frame=
 -0.38888	0.21101	-0.89680	2.11005
-0.35321	0.86489	0.35666	8.64889
-0.85089	-0.45546	0.26181	-4.55460
0.00000	0.00000	0.00000	1.00000

boidNo = 9
boid Wall No = 0
position = = (-1.1, -4.2, 9.0)
Boid Radius= 9.999999
Boid Frame=
 0.59144	-0.11135	0.79862	-1.11352
-0.75743	-0.41642	0.50288	-4.16418
-0.27656	0.90233	0.33063	9.02329
0.00000	0.00000	0.00000	1.00000

