Iteration Num of Simuation:0
m_SimulationDeltaT of action plan:0
boidNo = 0
boid Wall No = 1
position = = (5.4, 8.4, -0.1)
Boid Radius= 10
Boid Frame=
 0.16900	0.54222	-0.82306	5.42220
-0.11817	0.84020	0.52924	8.40200
-0.97851	-0.00782	-0.20607	-0.07821
0.00000	0.00000	0.00000	1.00000

boidNo = 1
boid Wall No = 0
position = = (3.2, -5.5, 7.7)
Boid Radius= 10
Boid Frame=
 0.69803	0.32271	0.63923	3.22710
-0.41263	-0.54830	0.72740	-5.48303
-0.58523	0.77151	0.24958	7.71506
0.00000	0.00000	0.00000	1.00000

boidNo = 2
boid Wall No = 0
position = = (-9.3, 0.0, 3.7)
Boid Radius= 10
Boid Frame=
 0.11975	-0.93013	0.34714	-9.30135
-0.94880	-0.00427	0.31586	-0.04270
0.29231	0.36719	0.88302	3.67194
0.00000	0.00000	0.00000	1.00000

boidNo = 3
boid Wall No = 1
position = = (0.4, 9.5, 3.2)
Boid Radius= 10
Boid Frame=
 0.95593	0.03968	0.29091	0.39676
-0.12987	0.94576	0.29777	9.45764
0.26331	0.32242	-0.90924	3.22422
0.00000	0.00000	0.00000	1.00000

boidNo = 4
boid Wall No = 1
position = = (-6.6, 2.2, -7.2)
Boid Radius= 10
Boid Frame=
 -0.62711	-0.65958	-0.41435	-6.59582
-0.68880	0.22119	0.69038	2.21190
0.36371	-0.71835	0.59303	-7.18350
0.00000	0.00000	0.00000	1.00000

boidNo = 5
boid Wall No = 0
position = = (6.6, -4.4, 6.0)
Boid Radius= 10
Boid Frame=
 0.38145	0.66475	0.64234	6.64747
-0.49656	-0.43876	0.74894	-4.38760
-0.77969	0.60465	-0.16272	6.04650
0.00000	0.00000	0.00000	1.00000

boidNo = 6
boid Wall No = 1
position = = (0.8, 10.0, -0.2)
Boid Radius= 10
Boid Frame=
 -0.59256	0.07595	-0.80194	0.75953
0.02769	0.99688	0.07395	9.96877
-0.80505	-0.02162	0.59282	-0.21616
0.00000	0.00000	0.00000	1.00000

boidNo = 7
boid Wall No = 0
position = = (-6.8, -3.5, -6.4)
Boid Radius= 9.999999
Boid Frame=
 -0.44543	-0.68381	-0.57793	-6.83806
-0.49084	-0.35334	0.79638	-3.53337
0.74878	-0.63841	0.17825	-6.38405
0.00000	0.00000	0.00000	1.00000

boidNo = 8
boid Wall No = 0
position = = (-1.1, -9.9, -0.4)
Boid Radius= 10
Boid Frame=
 -0.21669	-0.10510	-0.97057	-1.05096
-0.02062	-0.99347	0.11218	-9.93474
0.97602	-0.04432	-0.21311	-0.44319
0.00000	0.00000	0.00000	1.00000

boidNo = 9
boid Wall No = 0
position = = (0.2, -10.0, -0.8)
Boid Radius= 10
Boid Frame=
 -0.97581	0.01854	0.21782	0.18541
-0.00079	-0.99669	0.08131	-9.96689
-0.21860	-0.07917	-0.97260	-0.79168
0.00000	0.00000	0.00000	1.00000

boidNo = 10
boid Wall No = 0
position = = (-8.6, -3.1, -4.1)
Boid Radius= 10
Boid Frame=
 -0.14096	-0.85708	-0.49552	-8.57080
-0.62952	-0.30870	0.71302	-3.08704
0.76409	-0.41245	0.49604	-4.12451
0.00000	0.00000	0.00000	1.00000

boidNo = 11
boid Wall No = 1
position = = (5.0, 3.3, -8.0)
Boid Radius= 10
Boid Frame=
 0.00112	0.50065	-0.86565	5.00653
-0.92454	0.33041	0.18990	3.30407
-0.38109	-0.80011	-0.46324	-8.00111
0.00000	0.00000	0.00000	1.00000

boidNo = 12
boid Wall No = 0
position = = (9.4, -2.9, -2.0)
Boid Radius= 10
Boid Frame=
 -0.34337	0.93734	-0.05914	9.37338
-0.85907	-0.28800	0.42315	-2.87998
-0.37960	-0.19610	-0.90413	-1.96097
0.00000	0.00000	0.00000	1.00000

boidNo = 13
boid Wall No = 0
position = = (1.4, -9.5, 2.7)
Boid Radius= 10
Boid Frame=
 0.94916	0.14167	0.28111	1.41670
0.05356	-0.95267	0.29926	-9.52668
-0.31020	0.26898	0.91183	2.68985
0.00000	0.00000	0.00000	1.00000

boidNo = 14
boid Wall No = 0
position = = (-0.9, -9.8, 1.5)
Boid Radius= 10
Boid Frame=
 0.89767	-0.09424	-0.43047	-0.94239
-0.02062	-0.98478	0.17260	-9.84777
0.44018	0.14606	0.88595	1.46063
0.00000	0.00000	0.00000	1.00000

boidNo = 15
boid Wall No = 1
position = = (-2.2, 9.7, 0.6)
Boid Radius= 9.999999
Boid Frame=
 -0.15911	-0.22385	0.96155	-2.23855
-0.09991	0.97261	0.20990	9.72606
0.98219	0.06267	0.17711	0.62668
0.00000	0.00000	0.00000	1.00000

boidNo = 16
boid Wall No = 1
position = = (2.2, 8.8, -4.3)
Boid Radius= 10
Boid Frame=
 -0.29056	0.21521	-0.93234	2.15209
-0.35924	0.87857	0.31475	8.78568
-0.88686	-0.42638	0.17797	-4.26383
0.00000	0.00000	0.00000	1.00000

boidNo = 17
boid Wall No = 0
position = = (9.0, -2.1, -3.9)
Boid Radius= 10
Boid Frame=
 -0.39456	0.89554	-0.20575	8.95536
-0.78570	-0.21271	0.58089	-2.12710
-0.47644	-0.39086	-0.78755	-3.90858
0.00000	0.00000	0.00000	1.00000

boidNo = 18
boid Wall No = 1
position = = (0.7, 2.5, 9.6)
Boid Radius= 10
Boid Frame=
 0.46871	0.06722	0.88079	0.67219
-0.86173	0.25406	0.43918	2.54055
0.19425	0.96485	-0.17700	9.64851
0.00000	0.00000	0.00000	1.00000

boidNo = 19
boid Wall No = 1
position = = (6.6, 0.4, -7.5)
Boid Radius= 9.999999
Boid Frame=
 -0.44229	0.66061	-0.60661	6.60608
-0.78632	0.03968	0.61654	0.39679
-0.43136	-0.74968	-0.50190	-7.49681
0.00000	0.00000	0.00000	1.00000

