Iteration Num of Simuation:0
m_SimulationDeltaT of action plan:0
boidNo = 0
boid Wall No = 0
position = = (-5.0, -6.6, -5.6)
Boid Radius= 10
Boid Frame=
 -0.57904	-0.50124	-0.64302	-5.01241
-0.22661	-0.65867	0.71750	-6.58665
0.78318	-0.56118	-0.26780	-5.61175
0.00000	0.00000	0.00000	1.00000

boidNo = 1
boid Wall No = 1
position = = (7.2, 3.1, 6.2)
Boid Radius= 10
Boid Frame=
 0.63460	0.71879	0.28394	7.18794
-0.66031	0.31336	0.68249	3.13364
-0.40159	0.62060	-0.67349	6.20595
0.00000	0.00000	0.00000	1.00000

boidNo = 2
boid Wall No = 1
position = = (-0.6, 3.0, 9.5)
Boid Radius= 10
Boid Frame=
 0.72325	-0.06281	0.68773	-0.62807
-0.64407	0.29796	0.70455	2.97965
0.24917	0.95251	-0.17505	9.52508
0.00000	0.00000	0.00000	1.00000

boidNo = 3
boid Wall No = 0
position = = (-4.4, -4.8, -7.6)
Boid Radius= 10
Boid Frame=
 -0.66013	-0.43926	-0.60933	-4.39258
-0.40227	-0.47833	0.78063	-4.78331
0.63436	-0.76043	-0.13906	-7.60428
0.00000	0.00000	0.00000	1.00000

boidNo = 4
boid Wall No = 0
position = = (4.0, -9.2, 0.6)
Boid Radius= 9.999999
Boid Frame=
 0.04787	0.39630	0.91687	3.96301
-0.04186	-0.91632	0.39825	-9.16322
-0.99798	0.05745	0.02728	0.57447
0.00000	0.00000	0.00000	1.00000

boidNo = 5
boid Wall No = 0
position = = (-2.8, -9.6, -0.3)
Boid Radius= 10
Boid Frame=
 0.14036	-0.27805	-0.95026	-2.78054
-0.07371	-0.96003	0.27003	-9.60028
0.98735	-0.03214	0.15524	-0.32140
0.00000	0.00000	0.00000	1.00000

boidNo = 6
boid Wall No = 1
position = = (1.9, 7.9, 5.9)
Boid Radius= 10
Boid Frame=
 0.93192	0.18921	0.30940	1.89205
-0.33275	0.78536	0.52200	7.85361
0.14423	0.58941	-0.79485	5.89414
0.00000	0.00000	0.00000	1.00000

boidNo = 7
boid Wall No = 0
position = = (1.3, -2.6, -9.6)
Boid Radius= 10
Boid Frame=
 -0.84892	0.12683	-0.51308	1.26826
-0.52759	-0.26075	0.80849	-2.60749
0.03125	-0.95704	-0.28827	-9.57040
0.00000	0.00000	0.00000	1.00000

boidNo = 8
boid Wall No = 1
position = = (-1.3, 1.2, -9.8)
Boid Radius= 10
Boid Frame=
 -0.73958	-0.13370	-0.65966	-1.33698
-0.67278	0.11785	0.73040	1.17854
0.01991	-0.98399	0.17711	-9.83990
0.00000	0.00000	0.00000	1.00000

boidNo = 9
boid Wall No = 1
position = = (-3.6, 5.6, -7.4)
Boid Radius= 10
Boid Frame=
 -0.89563	-0.36335	-0.25656	-3.63353
-0.43077	0.56484	0.70384	5.64842
0.11082	-0.74090	0.66241	-7.40897
0.00000	0.00000	0.00000	1.00000

boidNo = 10
boid Wall No = 0
position = = (7.2, -3.3, 6.1)
Boid Radius= 10
Boid Frame=
 0.31827	0.71724	0.61989	7.17242
-0.62831	-0.33006	0.70448	-3.30057
-0.70988	0.61370	-0.34560	6.13699
0.00000	0.00000	0.00000	1.00000

boidNo = 11
boid Wall No = 0
position = = (-8.9, -1.2, -4.4)
Boid Radius= 10
Boid Frame=
 -0.28679	-0.88850	-0.35821	-8.88504
-0.60406	-0.12249	0.78747	-1.22493
0.74354	-0.44222	0.50158	-4.42218
0.00000	0.00000	0.00000	1.00000

boidNo = 12
boid Wall No = 1
position = = (8.1, 1.6, 5.6)
Boid Radius= 10
Boid Frame=
 0.51507	0.81219	0.27395	8.12191
-0.65042	0.16219	0.74205	1.62193
-0.55826	0.56039	-0.61181	5.60392
0.00000	0.00000	0.00000	1.00000

boidNo = 13
boid Wall No = 0
position = = (2.7, -9.6, -0.3)
Boid Radius= 10
Boid Frame=
 -0.39494	0.27052	0.87797	2.70524
-0.07806	-0.96209	0.26133	-9.62089
-0.91538	-0.03468	-0.40109	-0.34680
0.00000	0.00000	0.00000	1.00000

boidNo = 14
boid Wall No = 0
position = = (4.7, -8.9, -0.1)
Boid Radius= 10
Boid Frame=
 -0.39953	0.46526	0.78988	4.65258
-0.19801	-0.88510	0.42118	-8.85096
-0.89508	-0.01187	-0.44575	-0.11870
0.00000	0.00000	0.00000	1.00000

boidNo = 15
boid Wall No = 0
position = = (0.2, -10.0, 0.4)
Boid Radius= 10
Boid Frame=
 0.84482	0.02369	0.53453	0.23695
-0.00078	-0.99896	0.04551	-9.98964
-0.53506	0.03887	0.84392	0.38866
0.00000	0.00000	0.00000	1.00000

boidNo = 16
boid Wall No = 1
position = = (-3.0, 0.1, -9.6)
Boid Radius= 10
Boid Frame=
 -0.61428	-0.29530	-0.73175	-2.95303
-0.76746	0.00796	0.64104	0.07957
0.18348	-0.95537	0.23152	-9.55371
0.00000	0.00000	0.00000	1.00000

boidNo = 17
boid Wall No = 1
position = = (4.1, 7.8, -4.8)
Boid Radius= 10
Boid Frame=
 -0.13384	0.40841	-0.90294	4.08406
-0.46766	0.77727	0.42089	7.77270
-0.87372	-0.47860	-0.08697	-4.78598
0.00000	0.00000	0.00000	1.00000

boidNo = 18
boid Wall No = 0
position = = (-2.1, -7.8, -5.9)
Boid Radius= 10
Boid Frame=
 -0.91504	-0.21471	-0.34146	-2.14712
-0.05232	-0.77622	0.62829	-7.76217
0.39995	-0.59278	-0.69904	-5.92779
0.00000	0.00000	0.00000	1.00000

boidNo = 19
boid Wall No = 0
position = = (-0.8, -8.3, 5.6)
Boid Radius= 10
Boid Frame=
 0.99055	-0.08153	0.11033	-0.81534
-0.12914	-0.82549	0.54944	-8.25495
-0.04628	0.55849	0.82822	5.58489
0.00000	0.00000	0.00000	1.00000

