Iteration Num of Simuation:0
m_SimulationDeltaT of action plan:0
boidNo = 0
boid Wall No = 1
position = = (-8.5, 5.2, -0.7)
Boid Radius= 10
Boid Frame=
 -0.36147	-0.84971	0.38385	-8.49707
-0.48530	0.52298	0.70070	5.22982
0.79613	-0.06700	0.60140	-0.66998
0.00000	0.00000	0.00000	1.00000

boidNo = 1
boid Wall No = 0
position = = (0.1, -10.0, -0.1)
Boid Radius= 10
Boid Frame=
 -0.92468	0.00547	0.38071	0.05471
-0.00246	-0.99996	0.00840	-9.99962
-0.38075	-0.00683	-0.92465	-0.06827
0.00000	0.00000	0.00000	1.00000

boidNo = 2
boid Wall No = 1
position = = (-1.8, 9.8, 1.2)
Boid Radius= 10
Boid Frame=
 -0.36524	-0.18036	0.91328	-1.80356
-0.18082	0.97611	0.12045	9.76113
0.91318	0.12115	0.38913	1.21145
0.00000	0.00000	0.00000	1.00000

boidNo = 3
boid Wall No = 1
position = = (1.1, 9.1, -4.0)
Boid Radius= 9.999999
Boid Frame=
 -0.88089	0.11472	-0.45921	1.14724
-0.09453	0.90800	0.40817	9.07997
-0.46379	-0.40296	0.78900	-4.02963
0.00000	0.00000	0.00000	1.00000

boidNo = 4
boid Wall No = 1
position = = (-1.1, 9.9, -0.9)
Boid Radius= 10
Boid Frame=
 -0.55032	-0.11260	0.82733	-1.12600
0.01736	0.98911	0.14616	9.89108
0.83477	-0.09480	0.54237	-0.94796
0.00000	0.00000	0.00000	1.00000

boidNo = 5
boid Wall No = 1
position = = (2.5, 8.7, 4.3)
Boid Radius= 10
Boid Frame=
 0.93655	0.24531	-0.25040	2.45313
-0.09639	0.86701	0.48888	8.67008
-0.33703	0.43373	-0.83564	4.33727
0.00000	0.00000	0.00000	1.00000

boidNo = 6
boid Wall No = 1
position = = (4.9, 7.9, 3.7)
Boid Radius= 10
Boid Frame=
 0.76834	0.49235	-0.40895	4.92348
-0.19295	0.78741	0.58546	7.87406
-0.61026	0.37092	-0.70000	3.70925
0.00000	0.00000	0.00000	1.00000

boidNo = 7
boid Wall No = 0
position = = (7.6, -6.1, 2.2)
Boid Radius= 10
Boid Frame=
 0.05098	0.76275	0.64469	7.62747
-0.28254	-0.60814	0.74185	-6.08139
-0.95790	0.21996	-0.18450	2.19965
0.00000	0.00000	0.00000	1.00000

boidNo = 8
boid Wall No = 0
position = = (5.5, -8.3, 1.0)
Boid Radius= 10
Boid Frame=
 0.17067	0.55008	0.81749	5.50081
-0.00110	-0.82955	0.55843	-8.29552
-0.98533	0.09621	0.14097	0.96205
0.00000	0.00000	0.00000	1.00000

boidNo = 9
boid Wall No = 1
position = = (-1.7, 9.6, 2.3)
Boid Radius= 10
Boid Frame=
 0.46398	-0.17133	0.86912	-1.71335
-0.12830	0.95778	0.25730	9.57777
0.87651	0.23089	-0.42241	2.30887
0.00000	0.00000	0.00000	1.00000

boidNo = 10
boid Wall No = 0
position = = (-6.7, -4.5, 5.8)
Boid Radius= 10
Boid Frame=
 0.73313	-0.67439	0.08784	-6.74389
-0.50609	-0.45472	0.73288	-4.54715
0.45431	0.58175	0.67467	5.81751
0.00000	0.00000	0.00000	1.00000

boidNo = 11
boid Wall No = 0
position = = (9.5, -2.3, -1.9)
Boid Radius= 10
Boid Frame=
 -0.28885	0.95407	0.07951	9.54065
-0.53247	-0.22912	0.81485	-2.29123
-0.79564	-0.19303	-0.57419	-1.93034
0.00000	0.00000	0.00000	1.00000

boidNo = 12
boid Wall No = 0
position = = (5.8, -7.4, 3.5)
Boid Radius= 10
Boid Frame=
 0.38832	0.57648	0.71894	5.76476
-0.12446	-0.74021	0.66075	-7.40213
-0.91308	0.34606	0.21569	3.46064
0.00000	0.00000	0.00000	1.00000

boidNo = 13
boid Wall No = 1
position = = (-8.2, 4.7, -3.3)
Boid Radius= 10
Boid Frame=
 -0.55825	-0.81763	0.14083	-8.17635
-0.50697	0.47054	0.72220	4.70537
0.65676	-0.33177	0.67720	-3.31766
0.00000	0.00000	0.00000	1.00000

boidNo = 14
boid Wall No = 0
position = = (-1.5, -7.3, 6.6)
Boid Radius= 10
Boid Frame=
 0.79399	-0.15181	0.58867	-1.51808
-0.48979	-0.73333	0.47151	-7.33334
-0.36011	0.66270	0.65661	6.62703
0.00000	0.00000	0.00000	1.00000

boidNo = 15
boid Wall No = 0
position = = (2.8, -4.2, 8.6)
Boid Radius= 10
Boid Frame=
 0.69650	0.27705	0.66192	2.77047
-0.53025	-0.42279	0.73491	-4.22785
-0.48345	0.86284	0.14757	8.62843
0.00000	0.00000	0.00000	1.00000

boidNo = 16
boid Wall No = 1
position = = (-4.1, 2.7, 8.7)
Boid Radius= 9.999999
Boid Frame=
 0.64115	-0.40987	0.64879	-4.09868
-0.59479	0.26880	0.75761	2.68803
0.48492	0.87164	0.07144	8.71638
0.00000	0.00000	0.00000	1.00000

boidNo = 17
boid Wall No = 0
position = = (1.2, -9.5, 3.0)
Boid Radius= 9.999999
Boid Frame=
 0.85706	0.12000	0.50105	1.19995
-0.05161	-0.94761	0.31522	-9.47613
-0.51262	0.29602	0.80597	2.96024
0.00000	0.00000	0.00000	1.00000

boidNo = 18
boid Wall No = 0
position = = (-6.4, -7.7, 0.3)
Boid Radius= 10
Boid Frame=
 0.62971	-0.63807	-0.44309	-6.38070
-0.49784	-0.76933	0.40035	-7.69334
0.59633	0.03152	0.80212	0.31515
0.00000	0.00000	0.00000	1.00000

boidNo = 19
boid Wall No = 1
position = = (0.0, 7.8, -6.3)
Boid Radius= 9.999999
Boid Frame=
 -0.78615	0.00092	-0.61804	0.00923
-0.38934	0.77588	0.49641	7.75880
-0.47998	-0.63088	0.60960	-6.30879
0.00000	0.00000	0.00000	1.00000

