Iteration Num of Simuation:0
m_SimulationDeltaT of action plan:0
boidNo = 0
boid Wall No = 1
position = = (1.7, 9.9, 0.4)
Boid Radius= 9.999999
Boid Frame=
 -0.03000	0.16584	-0.98570	1.65837
0.04238	0.98547	0.16451	9.85465
-0.99865	0.03683	0.03660	0.36835
0.00000	0.00000	0.00000	1.00000

boidNo = 1
boid Wall No = 1
position = = (-6.5, 7.3, 2.2)
Boid Radius= 10
Boid Frame=
 -0.21780	-0.65244	0.72587	-6.52436
-0.45798	0.72508	0.51431	7.25082
0.86187	0.22042	0.45673	2.20418
0.00000	0.00000	0.00000	1.00000

boidNo = 2
boid Wall No = 0
position = = (9.6, -2.6, 0.6)
Boid Radius= 9.999999
Boid Frame=
 -0.18226	0.96324	0.19737	9.63237
-0.79200	-0.26278	0.55107	-2.62777
-0.58268	0.05588	-0.81078	0.55883
0.00000	0.00000	0.00000	1.00000

boidNo = 3
boid Wall No = 1
position = = (5.4, 0.9, -8.3)
Boid Radius= 10
Boid Frame=
 -0.55524	0.54466	-0.62853	5.44657
-0.70861	0.08582	0.70036	0.85822
-0.43540	-0.83426	-0.33830	-8.34257
0.00000	0.00000	0.00000	1.00000

boidNo = 4
boid Wall No = 0
position = = (0.5, -10.0, 0.8)
Boid Radius= 9.999999
Boid Frame=
 0.89588	0.04745	0.44175	0.47448
0.00716	-0.99569	0.09242	-9.95694
-0.44423	0.07963	0.89237	0.79633
0.00000	0.00000	0.00000	1.00000

boidNo = 5
boid Wall No = 0
position = = (1.5, -7.1, 6.9)
Boid Radius= 10
Boid Frame=
 0.88944	0.14761	0.43256	1.47608
-0.20981	-0.70894	0.67333	-7.08943
-0.40605	0.68965	0.59959	6.89646
0.00000	0.00000	0.00000	1.00000

boidNo = 6
boid Wall No = 1
position = = (-1.4, 9.9, -0.6)
Boid Radius= 10
Boid Frame=
 -0.90517	-0.13629	0.40261	-1.36294
-0.09972	0.98886	0.11055	9.88855
0.41319	-0.05991	0.90867	-0.59914
0.00000	0.00000	0.00000	1.00000

boidNo = 7
boid Wall No = 1
position = = (-6.8, 7.2, -1.3)
Boid Radius= 10
Boid Frame=
 -0.47153	-0.68096	0.56031	-6.80965
-0.29479	0.72055	0.62762	7.20547
0.83112	-0.13077	0.54050	-1.30766
0.00000	0.00000	0.00000	1.00000

boidNo = 8
boid Wall No = 0
position = = (9.4, -2.0, 2.9)
Boid Radius= 10
Boid Frame=
 0.09182	0.93563	0.34083	9.35631
-0.65499	-0.20106	0.72840	-2.01062
-0.75004	0.29012	-0.59436	2.90118
0.00000	0.00000	0.00000	1.00000

boidNo = 9
boid Wall No = 0
position = = (6.4, -1.3, 7.6)
Boid Radius= 10
Boid Frame=
 0.55437	0.63653	0.53619	6.36530
-0.61091	-0.12631	0.78156	-1.26306
-0.56521	0.76084	-0.31884	7.60839
0.00000	0.00000	0.00000	1.00000

boidNo = 10
boid Wall No = 1
position = = (1.6, 7.5, -6.5)
Boid Radius= 10
Boid Frame=
 -0.21393	0.16235	-0.96326	1.62347
-0.61263	0.74577	0.26175	7.45772
-0.76087	-0.64612	0.06009	-6.46118
0.00000	0.00000	0.00000	1.00000

boidNo = 11
boid Wall No = 0
position = = (-5.1, -1.0, 8.5)
Boid Radius= 10
Boid Frame=
 0.22129	-0.51456	0.82841	-5.14557
-0.97502	-0.10017	0.19824	-1.00172
0.01902	0.85159	0.52387	8.51585
0.00000	0.00000	0.00000	1.00000

boidNo = 12
boid Wall No = 0
position = = (1.9, -9.8, -0.3)
Boid Radius= 10
Boid Frame=
 -0.44606	0.19049	0.87450	1.90489
-0.05476	-0.98107	0.18577	-9.81066
-0.89333	-0.03498	-0.44804	-0.34981
0.00000	0.00000	0.00000	1.00000

boidNo = 13
boid Wall No = 1
position = = (-4.3, 8.1, -4.0)
Boid Radius= 10
Boid Frame=
 -0.81887	-0.43134	0.37867	-4.31344
-0.16486	0.80869	0.56467	8.08686
0.54979	-0.39996	0.73332	-3.99963
0.00000	0.00000	0.00000	1.00000

boidNo = 14
boid Wall No = 1
position = = (-0.1, 9.9, -1.2)
Boid Radius= 10
Boid Frame=
 -0.80846	-0.00629	-0.58852	-0.06286
-0.07686	0.99251	0.09499	9.92507
-0.58351	-0.12203	0.80288	-1.22027
0.00000	0.00000	0.00000	1.00000

boidNo = 15
boid Wall No = 1
position = = (5.7, 7.7, 2.9)
Boid Radius= 10
Boid Frame=
 0.70923	0.57055	-0.41408	5.70548
-0.27876	0.76647	0.57863	7.66470
-0.64752	0.29496	-0.70265	2.94956
0.00000	0.00000	0.00000	1.00000

boidNo = 16
boid Wall No = 1
position = = (-6.8, 0.1, 7.3)
Boid Radius= 10
Boid Frame=
 0.55936	-0.68493	0.46689	-6.84926
-0.63602	0.00659	0.77165	0.06587
0.53160	0.72858	0.43194	7.28583
0.00000	0.00000	0.00000	1.00000

boidNo = 17
boid Wall No = 0
position = = (4.6, -1.0, -8.8)
Boid Radius= 10
Boid Frame=
 -0.30314	0.45815	-0.83558	4.58155
-0.95154	-0.09781	0.29157	-0.97814
-0.05185	-0.88347	-0.46560	-8.83474
0.00000	0.00000	0.00000	1.00000

boidNo = 18
boid Wall No = 1
position = = (6.4, 7.6, -1.0)
Boid Radius= 10
Boid Frame=
 0.14327	0.64211	-0.75311	6.42109
-0.25273	0.75946	0.59945	7.59464
-0.95687	-0.10445	-0.27109	-1.04453
0.00000	0.00000	0.00000	1.00000

boidNo = 19
boid Wall No = 1
position = = (-4.9, 8.5, -1.9)
Boid Radius= 10
Boid Frame=
 -0.50846	-0.48935	0.70853	-4.89345
-0.10511	0.85195	0.51297	8.51947
0.85465	-0.18636	0.48461	-1.86355
0.00000	0.00000	0.00000	1.00000

