Iteration Num of Simuation:0
m_SimulationDeltaT of action plan:0
boidNo = 0
boid Wall No = 0
position = = (4.9, -7.9, -3.5)
Boid Radius= 10
Boid Frame=
 -0.62810	0.49434	0.60093	4.94344
-0.04501	-0.79406	0.60617	-7.94061
-0.77683	-0.35368	-0.52100	-3.53682
0.00000	0.00000	0.00000	1.00000

boidNo = 1
boid Wall No = 1
position = = (-7.3, 1.6, -6.6)
Boid Radius= 10
Boid Frame=
 -0.51616	-0.73086	-0.44655	-7.30864
-0.76527	0.15941	0.62366	1.59414
0.38462	-0.66364	0.64159	-6.63645
0.00000	0.00000	0.00000	1.00000

boidNo = 2
boid Wall No = 0
position = = (-9.2, -0.6, 3.8)
Boid Radius= 10
Boid Frame=
 0.31580	-0.92297	0.21998	-9.22973
-0.68786	-0.06301	0.72310	-0.63014
0.65354	0.37967	0.65478	3.79671
0.00000	0.00000	0.00000	1.00000

boidNo = 3
boid Wall No = 1
position = = (-8.1, 3.5, 4.7)
Boid Radius= 10
Boid Frame=
 0.13482	-0.81290	0.56658	-8.12899
-0.66791	0.34782	0.65796	3.47819
0.73193	0.46714	0.49605	4.67137
0.00000	0.00000	0.00000	1.00000

boidNo = 4
boid Wall No = 1
position = = (5.4, 4.5, 7.1)
Boid Radius= 10
Boid Frame=
 0.68905	0.54127	0.48191	5.41270
-0.72159	0.45081	0.52542	4.50814
-0.06715	0.70978	-0.70121	7.09784
0.00000	0.00000	0.00000	1.00000

boidNo = 5
boid Wall No = 0
position = = (-3.7, -9.2, 1.2)
Boid Radius= 10
Boid Frame=
 0.05919	-0.37054	-0.92693	-3.70536
0.10978	-0.92051	0.37498	-9.20510
0.99219	0.12396	0.01381	1.23956
0.00000	0.00000	0.00000	1.00000

boidNo = 6
boid Wall No = 0
position = = (8.8, -4.0, -2.4)
Boid Radius= 10
Boid Frame=
 -0.43342	0.88174	0.18623	8.81741
-0.49011	-0.40404	0.77236	-4.04044
-0.75627	-0.24348	-0.60727	-2.43479
0.00000	0.00000	0.00000	1.00000

boidNo = 7
boid Wall No = 0
position = = (-4.7, -8.3, 3.1)
Boid Radius= 9.999999
Boid Frame=
 0.78415	-0.46842	0.40705	-4.68422
-0.55106	-0.82724	0.10961	-8.27236
-0.28538	0.31026	0.90680	3.10261
0.00000	0.00000	0.00000	1.00000

boidNo = 8
boid Wall No = 1
position = = (-3.8, 8.2, -4.2)
Boid Radius= 10
Boid Frame=
 -0.91124	-0.37505	-0.17021	-3.75053
-0.41184	0.82441	0.38824	8.24414
0.00529	-0.42388	0.90570	-4.23883
0.00000	0.00000	0.00000	1.00000

boidNo = 9
boid Wall No = 1
position = = (-5.4, 1.5, 8.3)
Boid Radius= 10
Boid Frame=
 0.58112	-0.54134	0.60766	-5.41341
-0.64560	0.14794	0.74921	1.47939
0.49547	0.82769	0.26352	8.27686
0.00000	0.00000	0.00000	1.00000

boidNo = 10
boid Wall No = 1
position = = (-4.0, 9.0, 1.7)
Boid Radius= 10
Boid Frame=
 -0.05558	-0.40335	0.91336	-4.03347
-0.20884	0.89923	0.38440	8.99233
0.97637	0.16938	0.13421	1.69385
0.00000	0.00000	0.00000	1.00000

boidNo = 11
boid Wall No = 0
position = = (-4.7, -8.3, -2.8)
Boid Radius= 10
Boid Frame=
 -0.56194	-0.47461	-0.67747	-4.74611
0.04205	-0.83435	0.54963	-8.34348
0.82611	-0.28037	-0.48882	-2.80372
0.00000	0.00000	0.00000	1.00000

boidNo = 12
boid Wall No = 1
position = = (1.2, 9.7, -2.1)
Boid Radius= 10
Boid Frame=
 -0.89830	0.12192	-0.42212	1.21925
0.01823	0.97024	0.24145	9.70243
-0.43899	-0.20920	0.87380	-2.09195
0.00000	0.00000	0.00000	1.00000

boidNo = 13
boid Wall No = 1
position = = (5.3, 8.0, -2.9)
Boid Radius= 10
Boid Frame=
 -0.20205	0.52784	-0.82496	5.27843
-0.21920	0.79659	0.56338	7.96592
-0.95453	-0.29466	0.04525	-2.94659
0.00000	0.00000	0.00000	1.00000

boidNo = 14
boid Wall No = 1
position = = (1.7, 4.5, -8.8)
Boid Radius= 10
Boid Frame=
 -0.70542	0.17205	-0.68759	1.72052
-0.56565	0.44790	0.69240	4.47904
-0.42710	-0.87737	0.21864	-8.77371
0.00000	0.00000	0.00000	1.00000

boidNo = 15
boid Wall No = 0
position = = (-8.8, -4.7, 1.1)
Boid Radius= 10
Boid Frame=
 0.46847	-0.87580	0.11622	-8.75804
-0.88248	-0.47013	0.01442	-4.70125
-0.04201	0.10932	0.99312	1.09319
0.00000	0.00000	0.00000	1.00000

boidNo = 16
boid Wall No = 0
position = = (-1.1, -9.8, 1.7)
Boid Radius= 9.999999
Boid Frame=
 0.89820	-0.10788	-0.42614	-1.07880
-0.02323	-0.97971	0.19907	-9.79711
0.43897	0.16890	0.88249	1.68904
0.00000	0.00000	0.00000	1.00000

boidNo = 17
boid Wall No = 0
position = = (5.6, -0.9, 8.3)
Boid Radius= 10
Boid Frame=
 0.44850	0.55601	0.69979	5.56010
-0.80487	-0.08918	0.58671	-0.89181
-0.38862	0.82638	-0.40752	8.26378
0.00000	0.00000	0.00000	1.00000

boidNo = 18
boid Wall No = 1
position = = (-0.2, 5.2, -8.6)
Boid Radius= 10
Boid Frame=
 -0.82577	-0.01592	-0.56378	-0.15916
-0.48956	0.51656	0.70249	5.16564
-0.28005	-0.85610	0.43436	-8.56101
0.00000	0.00000	0.00000	1.00000

boidNo = 19
boid Wall No = 0
position = = (2.8, -7.4, 6.1)
Boid Radius= 10
Boid Frame=
 0.84879	0.28193	0.44729	2.81934
-0.10171	-0.74311	0.66140	-7.43105
-0.51885	0.60688	0.60206	6.06884
0.00000	0.00000	0.00000	1.00000

