Iteration Num of Simuation:0
m_SimulationDeltaT of action plan:0
boidNo = 0
boid Wall No = 1
position = = (8.1, 5.5, 1.7)
Boid Radius= 10
Boid Frame=
 0.45938	0.81463	-0.35403	8.14633
-0.43982	0.55490	0.70614	5.54905
-0.77170	0.16868	-0.61321	1.68682
0.00000	0.00000	0.00000	1.00000

boidNo = 1
boid Wall No = 1
position = = (9.3, 3.2, 1.6)
Boid Radius= 10
Boid Frame=
 0.34373	0.93278	-0.10853	9.32777
-0.67063	0.32473	0.66694	3.24725
-0.65735	0.15646	-0.73717	1.56463
0.00000	0.00000	0.00000	1.00000

boidNo = 2
boid Wall No = 1
position = = (-3.1, 9.5, -0.4)
Boid Radius= 10
Boid Frame=
 0.00395	-0.31007	0.95071	-3.10071
0.04316	0.94988	0.30962	9.49880
0.99906	-0.03981	-0.01714	-0.39809
0.00000	0.00000	0.00000	1.00000

boidNo = 3
boid Wall No = 0
position = = (-5.5, -8.2, -1.5)
Boid Radius= 10
Boid Frame=
 -0.20775	-0.55148	-0.80790	-5.51481
-0.03591	-0.82107	0.56970	-8.21067
0.97752	-0.14737	-0.15077	-1.47370
0.00000	0.00000	0.00000	1.00000

boidNo = 4
boid Wall No = 1
position = = (5.0, 8.6, 1.1)
Boid Radius= 10
Boid Frame=
 0.35905	0.50139	-0.78721	5.01387
-0.09283	0.85845	0.50443	8.58451
-0.92869	0.10804	-0.35477	1.08041
0.00000	0.00000	0.00000	1.00000

boidNo = 5
boid Wall No = 1
position = = (2.2, 0.4, 9.8)
Boid Radius= 10
Boid Frame=
 0.71910	0.21519	0.66075	2.15191
-0.68203	0.03641	0.73041	0.36408
-0.13312	0.97589	-0.17295	9.75893
0.00000	0.00000	0.00000	1.00000

boidNo = 6
boid Wall No = 1
position = = (2.2, 7.1, -6.7)
Boid Radius= 10
Boid Frame=
 -0.71111	0.22226	-0.66702	2.22262
-0.34810	0.71298	0.60868	7.12979
-0.61086	-0.66503	0.42964	-6.65027
0.00000	0.00000	0.00000	1.00000

boidNo = 7
boid Wall No = 1
position = = (1.8, 9.8, -0.6)
Boid Radius= 10
Boid Frame=
 -0.62330	0.17760	-0.76155	1.77600
0.06139	0.98198	0.17876	9.81976
-0.77957	-0.06467	0.62297	-0.64672
0.00000	0.00000	0.00000	1.00000

boidNo = 8
boid Wall No = 1
position = = (-2.7, 9.5, -1.4)
Boid Radius= 10
Boid Frame=
 -0.30819	-0.27104	0.91190	-2.71039
0.04859	0.95282	0.29962	9.52819
0.95008	-0.13665	0.28048	-1.36649
0.00000	0.00000	0.00000	1.00000

boidNo = 9
boid Wall No = 0
position = = (-2.4, -8.0, 5.5)
Boid Radius= 10
Boid Frame=
 0.93749	-0.24494	-0.24723	-2.44943
-0.04979	-0.79747	0.60130	-7.97470
0.34444	0.55140	0.75981	5.51403
0.00000	0.00000	0.00000	1.00000

boidNo = 10
boid Wall No = 0
position = = (-4.5, -8.7, -1.8)
Boid Radius= 10
Boid Frame=
 0.04352	-0.45361	-0.89014	-4.53609
-0.22561	-0.87243	0.43356	-8.72429
0.97325	-0.18195	0.14030	-1.81953
0.00000	0.00000	0.00000	1.00000

boidNo = 11
boid Wall No = 0
position = = (4.7, -8.8, 1.0)
Boid Radius= 10
Boid Frame=
 0.32141	0.47141	0.82126	4.71411
0.06530	-0.87625	0.47742	-8.76247
-0.94469	0.09982	0.31241	0.99819
0.00000	0.00000	0.00000	1.00000

boidNo = 12
boid Wall No = 0
position = = (-5.2, -7.3, 4.4)
Boid Radius= 10
Boid Frame=
 0.73472	-0.51560	-0.44084	-5.15605
-0.11480	-0.73499	0.66829	-7.34985
0.66859	0.44040	0.59920	4.40396
0.00000	0.00000	0.00000	1.00000

boidNo = 13
boid Wall No = 0
position = = (-3.8, -8.8, 2.9)
Boid Radius= 10
Boid Frame=
 0.63124	-0.38084	-0.67565	-3.80839
-0.01744	-0.87789	0.47855	-8.77889
0.77539	0.29030	0.56080	2.90297
0.00000	0.00000	0.00000	1.00000

boidNo = 14
boid Wall No = 1
position = = (-5.9, 4.5, -6.7)
Boid Radius= 10
Boid Frame=
 -0.78813	-0.58894	-0.17888	-5.88936
-0.50584	0.45417	0.73339	4.54173
0.35068	-0.66849	0.65585	-6.68492
0.00000	0.00000	0.00000	1.00000

boidNo = 15
boid Wall No = 1
position = = (0.4, 6.1, -7.9)
Boid Radius= 10
Boid Frame=
 -0.84677	0.03771	-0.53062	0.37710
-0.40089	0.61044	0.68312	6.10439
-0.34967	-0.79117	0.50178	-7.91165
0.00000	0.00000	0.00000	1.00000

boidNo = 16
boid Wall No = 1
position = = (6.0, 6.2, 5.1)
Boid Radius= 9.999999
Boid Frame=
 0.79760	0.59695	-0.08653	5.96946
-0.39234	0.62240	0.67727	6.22397
-0.45815	0.50624	-0.73063	5.06239
0.00000	0.00000	0.00000	1.00000

boidNo = 17
boid Wall No = 0
position = = (-1.2, -9.2, -3.7)
Boid Radius= 10
Boid Frame=
 0.98538	-0.12235	0.11856	-1.22347
-0.06747	-0.91924	-0.38788	-9.19237
-0.15644	-0.37421	0.91405	-3.74211
0.00000	0.00000	0.00000	1.00000

boidNo = 18
boid Wall No = 1
position = = (3.9, 8.8, 2.7)
Boid Radius= 10
Boid Frame=
 0.65260	0.39049	-0.64933	3.90487
-0.05756	0.88005	0.47139	8.80047
-0.75551	0.27026	-0.59680	2.70256
0.00000	0.00000	0.00000	1.00000

boidNo = 19
boid Wall No = 1
position = = (-1.1, 5.0, 8.6)
Boid Radius= 10
Boid Frame=
 0.62492	-0.11222	0.77258	-1.12223
-0.63394	0.50462	0.58607	5.04625
0.45564	0.85601	-0.24421	8.56014
0.00000	0.00000	0.00000	1.00000

