Iteration Num of Simuation:0
m_SimulationDeltaT of action plan:0
boidNo = 0
boid Wall No = 0
position = = (-1.3, -9.9, 0.3)
Boid Radius= 10
Boid Frame=
 0.30777	-0.12962	-0.94259	-1.29620
-0.01567	-0.99123	0.13119	-9.91233
0.95133	0.02560	0.30710	0.25602
0.00000	0.00000	0.00000	1.00000

boidNo = 1
boid Wall No = 1
position = = (9.5, 0.3, -3.2)
Boid Radius= 10
Boid Frame=
 -0.21419	0.94774	-0.23647	9.47736
-0.68638	0.02622	0.72677	0.26217
-0.69498	-0.31798	-0.64489	-3.17978
0.00000	0.00000	0.00000	1.00000

boidNo = 2
boid Wall No = 1
position = = (-1.8, 4.7, 8.6)
Boid Radius= 10
Boid Frame=
 0.21580	-0.17957	0.95978	-1.79575
-0.83819	0.47014	0.27642	4.70137
0.50087	0.86413	0.04906	8.64132
0.00000	0.00000	0.00000	1.00000

boidNo = 3
boid Wall No = 1
position = = (-8.2, 3.4, 4.7)
Boid Radius= 9.999999
Boid Frame=
 0.21976	-0.81620	0.53435	-8.16199
-0.56312	0.34114	0.75267	3.41141
0.79662	0.46631	0.38465	4.66307
0.00000	0.00000	0.00000	1.00000

boidNo = 4
boid Wall No = 0
position = = (1.6, -9.3, 3.2)
Boid Radius= 10
Boid Frame=
 0.92144	0.16091	0.35364	1.60907
0.02426	-0.93227	0.36096	-9.32267
-0.38777	0.32402	0.86293	3.24018
0.00000	0.00000	0.00000	1.00000

boidNo = 5
boid Wall No = 1
position = = (-4.1, 5.9, -7.0)
Boid Radius= 10
Boid Frame=
 -0.55081	-0.41332	-0.72511	-4.13315
-0.77069	0.58535	0.25178	5.85351
-0.32038	-0.69752	0.64096	-6.97521
0.00000	0.00000	0.00000	1.00000

boidNo = 6
boid Wall No = 1
position = = (-1.7, 6.1, -7.8)
Boid Radius= 10
Boid Frame=
 -0.84209	-0.16724	-0.51276	-1.67239
-0.49748	0.60809	0.61866	6.08086
-0.20834	-0.77606	0.59526	-7.76056
0.00000	0.00000	0.00000	1.00000

boidNo = 7
boid Wall No = 0
position = = (7.8, -4.3, -4.5)
Boid Radius= 10
Boid Frame=
 -0.62230	0.78085	-0.05490	7.80847
-0.60293	-0.43342	0.66979	-4.33419
-0.49921	-0.44992	-0.74052	-4.49917
0.00000	0.00000	0.00000	1.00000

boidNo = 8
boid Wall No = 0
position = = (-9.5, -1.7, 2.6)
Boid Radius= 10
Boid Frame=
 0.29056	-0.94992	0.11503	-9.49917
-0.78893	-0.16980	0.59055	-1.69804
0.54144	0.26235	0.79876	2.62345
0.00000	0.00000	0.00000	1.00000

boidNo = 9
boid Wall No = 1
position = = (-0.6, 9.9, 1.0)
Boid Radius= 10
Boid Frame=
 0.99825	-0.05825	0.00984	-0.58247
0.05695	0.99318	0.10171	9.93182
0.01570	0.10098	-0.99476	1.00976
0.00000	0.00000	0.00000	1.00000

