Iteration Num of Simuation:0
m_SimulationDeltaT of action plan:0
boidNo = 0
boid Wall No = 1
position = = (1.5, 9.1, -3.9)
Boid Radius= 10
Boid Frame=
 -0.86592	0.15260	-0.47634	1.52605
-0.06485	0.91003	0.40943	9.10035
-0.49597	-0.38542	0.77812	-3.85421
0.00000	0.00000	0.00000	1.00000

boidNo = 1
boid Wall No = 1
position = = (-1.7, 7.1, -6.8)
Boid Radius= 10
Boid Frame=
 -0.90964	-0.17396	-0.37722	-1.73963
-0.38077	0.71217	0.58977	7.12171
-0.16605	-0.68011	0.71406	-6.80110
0.00000	0.00000	0.00000	1.00000

boidNo = 2
boid Wall No = 1
position = = (-0.5, 8.8, 4.7)
Boid Radius= 10
Boid Frame=
 0.77461	-0.05034	0.63043	-0.50336
-0.26239	0.88140	0.39278	8.81404
0.57543	0.46967	-0.66954	4.69674
0.00000	0.00000	0.00000	1.00000

boidNo = 3
boid Wall No = 1
position = = (4.3, 8.6, -2.5)
Boid Radius= 10
Boid Frame=
 -0.17654	0.43488	-0.88301	4.34878
-0.19260	0.86450	0.46427	8.64500
-0.96527	-0.25203	0.06887	-2.52032
0.00000	0.00000	0.00000	1.00000

boidNo = 4
boid Wall No = 1
position = = (-2.2, 2.5, -9.4)
Boid Radius= 10
Boid Frame=
 -0.72142	-0.21684	-0.65767	-2.16845
-0.69234	0.24599	0.67834	2.45994
-0.01469	-0.94470	0.32760	-9.44704
0.00000	0.00000	0.00000	1.00000

boidNo = 5
boid Wall No = 0
position = = (5.7, -3.9, -7.2)
Boid Radius= 10
Boid Frame=
 -0.55555	0.57493	-0.60068	5.74932
-0.83147	-0.38886	0.39680	-3.88864
0.00545	-0.71989	-0.69407	-7.19888
0.00000	0.00000	0.00000	1.00000

boidNo = 6
boid Wall No = 0
position = = (3.2, -3.2, -8.9)
Boid Radius= 9.999999
Boid Frame=
 -0.84104	0.32280	-0.43411	3.22803
-0.52862	-0.31989	0.78628	-3.19886
-0.11495	-0.89077	-0.43968	-8.90770
0.00000	0.00000	0.00000	1.00000

boidNo = 7
boid Wall No = 1
position = = (5.7, 6.2, 5.4)
Boid Radius= 9.999999
Boid Frame=
 0.82468	0.56559	-0.00461	5.65587
-0.42440	0.62415	0.65599	6.24153
-0.37390	0.53902	-0.75476	5.39021
0.00000	0.00000	0.00000	1.00000

boidNo = 8
boid Wall No = 0
position = = (-0.3, -10.0, 0.7)
Boid Radius= 10
Boid Frame=
 0.97189	-0.03231	-0.23321	-0.32309
-0.01435	-0.99683	0.07829	-9.96827
0.23500	0.07274	0.96927	0.72742
0.00000	0.00000	0.00000	1.00000

boidNo = 9
boid Wall No = 1
position = = (5.1, 5.1, 6.9)
Boid Radius= 10
Boid Frame=
 0.82559	0.50700	0.24770	5.06999
-0.52045	0.51458	0.68142	5.14583
-0.21802	0.69149	-0.68870	6.91489
0.00000	0.00000	0.00000	1.00000

boidNo = 10
boid Wall No = 0
position = = (-4.8, -7.1, -5.1)
Boid Radius= 10
Boid Frame=
 -0.46897	-0.47933	-0.74183	-4.79328
-0.28768	-0.71122	0.64141	-7.11219
0.83505	-0.51421	-0.19565	-5.14211
0.00000	0.00000	0.00000	1.00000

boidNo = 11
boid Wall No = 0
position = = (4.4, -3.8, 8.2)
Boid Radius= 10
Boid Frame=
 0.67268	0.43544	0.59825	4.35436
-0.46860	-0.37501	0.79986	-3.75011
-0.57264	0.81839	0.04822	8.18390
0.00000	0.00000	0.00000	1.00000

boidNo = 12
boid Wall No = 1
position = = (0.5, 7.2, -6.9)
Boid Radius= 10
Boid Frame=
 -0.89527	0.05121	-0.44257	0.51206
-0.27239	0.72316	0.63470	7.23156
-0.35254	-0.68878	0.63347	-6.88784
0.00000	0.00000	0.00000	1.00000

boidNo = 13
boid Wall No = 1
position = = (-1.4, 1.4, 9.8)
Boid Radius= 10
Boid Frame=
 0.61081	-0.14248	0.77885	-1.42484
-0.76596	0.14279	0.62682	1.42791
0.20053	0.97944	0.02192	9.79443
0.00000	0.00000	0.00000	1.00000

boidNo = 14
boid Wall No = 0
position = = (-6.4, -7.4, 1.7)
Boid Radius= 10
Boid Frame=
 0.38830	-0.64418	-0.65899	-6.44176
-0.12224	-0.74478	0.65602	-7.44782
0.91339	0.17417	0.36794	1.74175
0.00000	0.00000	0.00000	1.00000

boidNo = 15
boid Wall No = 0
position = = (-3.5, -2.6, -9.0)
Boid Radius= 9.999999
Boid Frame=
 -0.60142	-0.35455	-0.71595	-3.54550
-0.66981	-0.26470	0.69375	-2.64705
0.43548	-0.89679	0.07828	-8.96786
0.00000	0.00000	0.00000	1.00000

boidNo = 16
boid Wall No = 0
position = = (7.5, -4.7, -4.6)
Boid Radius= 10
Boid Frame=
 -0.65427	0.75312	0.06888	7.53116
-0.46292	-0.47085	0.75101	-4.70847
-0.59803	-0.45948	-0.65669	-4.59478
0.00000	0.00000	0.00000	1.00000

boidNo = 17
boid Wall No = 0
position = = (3.0, -9.5, -0.5)
Boid Radius= 10
Boid Frame=
 0.60349	0.30021	0.73869	3.00211
0.23318	-0.95236	0.19655	-9.52364
-0.76251	-0.05363	0.64475	-0.53631
0.00000	0.00000	0.00000	1.00000

boidNo = 18
boid Wall No = 1
position = = (-2.4, 9.5, 1.7)
Boid Radius= 10
Boid Frame=
 -0.04911	-0.24398	0.96854	-2.43981
-0.18849	0.95454	0.23090	9.54544
0.98085	0.17122	0.09286	1.71225
0.00000	0.00000	0.00000	1.00000

boidNo = 19
boid Wall No = 1
position = = (-0.4, 9.4, -3.3)
Boid Radius= 10
Boid Frame=
 -0.97342	-0.04259	0.22505	-0.42592
0.03493	0.94346	0.32963	9.43464
0.22636	-0.32873	0.91690	-3.28727
0.00000	0.00000	0.00000	1.00000

