Iteration Num of Simuation:0
m_SimulationDeltaT of action plan:0
boidNo = 0
boid Wall No = 0
position = = (-7.0, -7.0, -1.4)
Boid Radius= 10
Boid Frame=
 0.16490	-0.70376	-0.69103	-7.03761
-0.35804	-0.69554	0.62291	-6.95544
0.91903	-0.14470	0.36668	-1.44700
0.00000	0.00000	0.00000	1.00000

boidNo = 1
boid Wall No = 1
position = = (-0.4, 9.8, -2.0)
Boid Radius= 10
Boid Frame=
 -0.94213	-0.04348	-0.33241	-0.43479
-0.10751	0.97837	0.17675	9.78367
-0.31753	-0.20226	0.92643	-2.02257
0.00000	0.00000	0.00000	1.00000

boidNo = 2
boid Wall No = 0
position = = (0.5, -10.0, -0.4)
Boid Radius= 10
Boid Frame=
 -0.77041	0.05385	0.63527	0.53845
-0.01283	-0.99754	0.06899	-9.97535
-0.63742	-0.04499	-0.76920	-0.44994
0.00000	0.00000	0.00000	1.00000

boidNo = 3
boid Wall No = 0
position = = (8.6, -4.8, -2.0)
Boid Radius= 10
Boid Frame=
 -0.41933	0.85585	0.30280	8.55847
-0.41507	-0.47738	0.77448	-4.77383
-0.80739	-0.19908	-0.55542	-1.99078
0.00000	0.00000	0.00000	1.00000

boidNo = 4
boid Wall No = 0
position = = (-2.3, -9.2, 3.3)
Boid Radius= 10
Boid Frame=
 0.74970	-0.23355	-0.61920	-2.33550
0.04393	-0.91603	0.39870	-9.16027
0.66032	0.32611	0.67648	3.26112
0.00000	0.00000	0.00000	1.00000

boidNo = 5
boid Wall No = 0
position = = (-2.5, -8.9, -3.7)
Boid Radius= 10
Boid Frame=
 -0.89659	-0.25294	-0.36351	-2.52943
0.07156	-0.89280	0.44474	-8.92797
0.43703	-0.37274	-0.81858	-3.72738
0.00000	0.00000	0.00000	1.00000

boidNo = 6
boid Wall No = 0
position = = (7.2, -6.9, 0.8)
Boid Radius= 10
Boid Frame=
 -0.52908	0.72235	0.44530	7.22345
-0.62474	-0.68671	0.37166	-6.86706
-0.57426	0.08156	-0.81460	0.81560
0.00000	0.00000	0.00000	1.00000

boidNo = 7
boid Wall No = 0
position = = (7.8, -5.0, 3.7)
Boid Radius= 10
Boid Frame=
 0.14549	0.77942	0.60938	7.79417
-0.43456	-0.50300	0.74710	-5.02997
-0.88882	0.37350	-0.26552	3.73501
0.00000	0.00000	0.00000	1.00000

boidNo = 8
boid Wall No = 1
position = = (-1.2, 9.6, 2.7)
Boid Radius= 10
Boid Frame=
 0.95426	-0.12368	0.27218	-1.23684
0.04117	0.95611	0.29011	9.56106
0.29612	0.26564	-0.91747	2.65639
0.00000	0.00000	0.00000	1.00000

boidNo = 9
boid Wall No = 0
position = = (0.0, -10.0, 0.9)
Boid Radius= 10
Boid Frame=
 0.98895	0.00028	0.14824	0.00275
-0.01359	-0.99562	0.09252	-9.95618
-0.14762	0.09352	0.98461	0.93516
0.00000	0.00000	0.00000	1.00000

boidNo = 10
boid Wall No = 0
position = = (7.2, -1.9, -6.7)
Boid Radius= 10
Boid Frame=
 -0.61213	0.71655	-0.33446	7.16546
-0.63270	-0.19009	0.75071	-1.90094
-0.47434	-0.67114	-0.56972	-6.71138
0.00000	0.00000	0.00000	1.00000

boidNo = 11
boid Wall No = 0
position = = (-6.9, -6.6, -3.0)
Boid Radius= 10
Boid Frame=
 -0.18371	-0.68697	-0.70308	-6.86973
-0.23433	-0.66403	0.71004	-6.64025
0.95464	-0.29519	0.03899	-2.95191
0.00000	0.00000	0.00000	1.00000

boidNo = 12
boid Wall No = 1
position = = (-9.2, 1.8, 3.5)
Boid Radius= 10
Boid Frame=
 0.11930	-0.91846	0.37709	-9.18459
-0.72694	0.17789	0.66326	1.77893
0.67626	0.35325	0.64644	3.53253
0.00000	0.00000	0.00000	1.00000

boidNo = 13
boid Wall No = 0
position = = (7.1, -6.9, 1.4)
Boid Radius= 10
Boid Frame=
 -0.01548	0.71475	0.69921	7.14748
-0.21320	-0.68557	0.69609	-6.85572
-0.97689	0.13830	-0.16300	1.38297
0.00000	0.00000	0.00000	1.00000

boidNo = 14
boid Wall No = 1
position = = (0.9, 7.3, 6.8)
Boid Radius= 10
Boid Frame=
 0.93686	0.08672	0.33879	0.86716
-0.29258	0.72501	0.62350	7.25015
0.19156	0.68325	-0.70461	6.83252
0.00000	0.00000	0.00000	1.00000

boidNo = 15
boid Wall No = 0
position = = (-9.6, -0.2, -2.7)
Boid Radius= 10
Boid Frame=
 -0.14674	-0.96169	-0.23157	-9.61688
-0.79448	-0.02488	0.60678	-0.24883
0.58930	-0.27301	0.76039	-2.73013
0.00000	0.00000	0.00000	1.00000

boidNo = 16
boid Wall No = 0
position = = (4.1, -8.2, 3.9)
Boid Radius= 10
Boid Frame=
 0.63761	0.41177	0.65107	4.11766
-0.04741	-0.82258	0.56667	-8.22583
-0.76890	0.39218	0.50497	3.92181
0.00000	0.00000	0.00000	1.00000

boidNo = 17
boid Wall No = 0
position = = (-2.3, -9.4, 2.7)
Boid Radius= 10
Boid Frame=
 0.71477	-0.22628	-0.66174	-2.26279
0.02581	-0.93703	0.34829	-9.37030
0.69888	0.26603	0.66392	2.66031
0.00000	0.00000	0.00000	1.00000

boidNo = 18
boid Wall No = 1
position = = (6.8, 7.1, 1.8)
Boid Radius= 10
Boid Frame=
 0.63096	0.67650	-0.37979	6.76495
-0.43888	0.71492	0.54431	7.14921
-0.63974	0.17675	-0.74799	1.76754
0.00000	0.00000	0.00000	1.00000

boidNo = 19
boid Wall No = 1
position = = (-1.6, 4.6, 8.7)
Boid Radius= 10
Boid Frame=
 0.76273	-0.16271	0.62591	-1.62714
-0.50026	0.46491	0.73048	4.64910
0.40985	0.87028	-0.27320	8.70278
0.00000	0.00000	0.00000	1.00000

