Iteration Num of Simuation:0
m_SimulationDeltaT of action plan:0
boidNo = 0
boid Wall No = 0
position = = (-1.4, -9.8, 1.4)
Boid Radius= 9.999999
Boid Frame=
 0.74645	-0.13814	-0.65095	-1.38135
-0.01332	-0.98112	0.19292	-9.81123
0.66531	0.13534	0.73420	1.35336
0.00000	0.00000	0.00000	1.00000

boidNo = 1
boid Wall No = 0
position = = (8.7, -0.8, -4.9)
Boid Radius= 10
Boid Frame=
 -0.39235	0.86877	-0.30216	8.68770
-0.71348	-0.08012	0.69608	-0.80121
-0.58052	-0.48869	-0.65129	-4.88691
0.00000	0.00000	0.00000	1.00000

boidNo = 2
boid Wall No = 0
position = = (1.7, -7.1, 6.8)
Boid Radius= 10
Boid Frame=
 0.90532	0.17473	0.38711	1.74731
-0.15741	-0.70851	0.68792	-7.08510
-0.39448	0.68373	0.61393	6.83727
0.00000	0.00000	0.00000	1.00000

boidNo = 3
boid Wall No = 1
position = = (8.1, 1.9, -5.6)
Boid Radius= 10
Boid Frame=
 -0.27023	0.80775	-0.52394	8.07752
-0.72273	0.18936	0.66469	1.89358
-0.63611	-0.55828	-0.53262	-5.58284
0.00000	0.00000	0.00000	1.00000

boidNo = 4
boid Wall No = 0
position = = (0.1, -10.0, -0.1)
Boid Radius= 10
Boid Frame=
 -0.29372	0.00940	0.95585	0.09399
0.00210	-0.99994	0.01048	-9.99943
-0.95589	-0.00508	-0.29368	-0.05084
0.00000	0.00000	0.00000	1.00000

boidNo = 5
boid Wall No = 1
position = = (7.5, 6.0, 2.8)
Boid Radius= 10
Boid Frame=
 0.63219	0.75455	-0.17605	7.54550
-0.54606	0.59508	0.58966	5.95082
-0.54969	0.27664	-0.78823	2.76643
0.00000	0.00000	0.00000	1.00000

boidNo = 6
boid Wall No = 0
position = = (9.2, -1.4, 3.7)
Boid Radius= 9.999999
Boid Frame=
 0.16349	0.91831	0.36054	9.18306
-0.72253	-0.13738	0.67755	-1.37380
-0.67173	0.37127	-0.64104	3.71270
0.00000	0.00000	0.00000	1.00000

boidNo = 7
boid Wall No = 0
position = = (-1.0, -9.5, 3.1)
Boid Radius= 10
Boid Frame=
 0.99346	-0.09816	-0.05834	-0.98159
-0.07515	-0.94672	0.31318	-9.46717
0.08597	0.30675	0.94790	3.06745
0.00000	0.00000	0.00000	1.00000

boidNo = 8
boid Wall No = 0
position = = (5.2, -6.6, 5.5)
Boid Radius= 10
Boid Frame=
 0.47913	0.51617	0.70994	5.16168
-0.31073	-0.65669	0.68717	-6.56694
-0.82090	0.54984	0.15425	5.49840
0.00000	0.00000	0.00000	1.00000

boidNo = 9
boid Wall No = 0
position = = (-7.7, -6.3, -1.2)
Boid Radius= 10
Boid Frame=
 0.08474	-0.76621	-0.63697	-7.66214
-0.28298	-0.63146	0.72193	-6.31456
0.95537	-0.11907	0.27034	-1.19074
0.00000	0.00000	0.00000	1.00000

boidNo = 10
boid Wall No = 0
position = = (-0.1, -9.8, 1.8)
Boid Radius= 10
Boid Frame=
 0.99074	-0.00562	0.13566	-0.05617
-0.02955	-0.98411	0.17507	-9.84113
-0.13252	0.17746	0.97516	1.77457
0.00000	0.00000	0.00000	1.00000

boidNo = 11
boid Wall No = 0
position = = (10.0, -0.6, -0.5)
Boid Radius= 10
Boid Frame=
 -0.07216	0.99726	0.01601	9.97265
-0.59037	-0.05565	0.80521	-0.55646
-0.80390	-0.04865	-0.59277	-0.48650
0.00000	0.00000	0.00000	1.00000

boidNo = 12
boid Wall No = 1
position = = (5.9, 7.9, 1.7)
Boid Radius= 10
Boid Frame=
 0.51909	0.58658	-0.62166	5.86584
-0.20957	0.79248	0.57277	7.92476
-0.82863	0.16704	-0.53429	1.67038
0.00000	0.00000	0.00000	1.00000

boidNo = 13
boid Wall No = 0
position = = (-5.6, -3.8, -7.4)
Boid Radius= 10
Boid Frame=
 -0.04908	-0.56035	-0.82680	-5.60354
-0.87405	-0.37650	0.30706	-3.76498
0.48335	-0.73773	0.47130	-7.37735
0.00000	0.00000	0.00000	1.00000

boidNo = 14
boid Wall No = 0
position = = (-0.6, -10.0, -0.3)
Boid Radius= 10
Boid Frame=
 -0.30518	-0.05957	-0.95043	-0.59573
-0.00743	-0.99786	0.06493	-9.97862
0.95227	-0.02688	-0.30409	-0.26879
0.00000	0.00000	0.00000	1.00000

boidNo = 15
boid Wall No = 1
position = = (2.3, 9.7, -1.2)
Boid Radius= 10
Boid Frame=
 -0.06599	0.23068	-0.97079	2.30679
-0.10717	0.96564	0.23674	9.65645
-0.99205	-0.11966	0.03900	-1.19657
0.00000	0.00000	0.00000	1.00000

boidNo = 16
boid Wall No = 0
position = = (9.5, -1.6, 2.7)
Boid Radius= 10
Boid Frame=
 0.11261	0.95024	0.29046	9.50237
-0.62994	-0.15780	0.76045	-1.57799
-0.76844	0.26860	-0.58082	2.68605
0.00000	0.00000	0.00000	1.00000

boidNo = 17
boid Wall No = 0
position = = (-1.0, -7.3, -6.7)
Boid Radius= 10
Boid Frame=
 -0.95251	-0.10444	-0.28604	-1.04439
-0.12166	-0.73060	0.67188	-7.30597
0.27915	-0.67477	-0.68319	-6.74774
0.00000	0.00000	0.00000	1.00000

boidNo = 18
boid Wall No = 1
position = = (8.6, 4.7, -2.0)
Boid Radius= 10
Boid Frame=
 0.13347	0.85807	-0.49588	8.58074
-0.58374	0.47242	0.66036	4.72417
-0.80089	-0.20132	-0.56395	-2.01322
0.00000	0.00000	0.00000	1.00000

boidNo = 19
boid Wall No = 0
position = = (-0.8, -9.9, 0.8)
Boid Radius= 10
Boid Frame=
 0.76370	-0.07562	-0.64112	-0.75623
-0.00547	-0.99384	0.11071	-9.93838
0.64554	0.08105	0.75941	0.81045
0.00000	0.00000	0.00000	1.00000

boidNo = 20
boid Wall No = 0
position = = (5.4, -3.8, 7.5)
Boid Radius= 10
Boid Frame=
 0.58522	0.54010	0.60482	5.40105
-0.47474	-0.37648	0.79555	-3.76475
-0.65738	0.75270	-0.03609	7.52698
0.00000	0.00000	0.00000	1.00000

boidNo = 21
boid Wall No = 0
position = = (-5.4, -6.5, 5.4)
Boid Radius= 10
Boid Frame=
 0.82529	-0.53682	-0.17527	-5.36817
-0.26998	-0.64769	0.71247	-6.47690
0.49599	0.54067	0.67946	5.40671
0.00000	0.00000	0.00000	1.00000

boidNo = 22
boid Wall No = 0
position = = (-3.9, -6.1, 6.9)
Boid Radius= 10
Boid Frame=
 0.90915	-0.39004	0.14598	-3.90037
-0.37393	-0.61022	0.69843	-6.10218
0.18333	0.68957	0.70063	6.89570
0.00000	0.00000	0.00000	1.00000

boidNo = 23
boid Wall No = 0
position = = (0.1, -10.0, -0.2)
Boid Radius= 10
Boid Frame=
 -0.90285	0.00762	0.42989	0.07622
0.00211	-0.99975	0.02216	-9.99752
-0.42995	-0.02091	-0.90261	-0.20912
0.00000	0.00000	0.00000	1.00000

boidNo = 24
boid Wall No = 0
position = = (6.6, -1.4, -7.4)
Boid Radius= 10
Boid Frame=
 -0.62833	0.66061	-0.41085	6.60609
-0.64081	-0.14006	0.75482	-1.40056
-0.44110	-0.73755	-0.51132	-7.37551
0.00000	0.00000	0.00000	1.00000

boidNo = 25
boid Wall No = 1
position = = (-0.2, 9.5, -3.2)
Boid Radius= 10
Boid Frame=
 -0.98245	-0.02279	-0.18510	-0.22791
-0.07975	0.94853	0.30650	9.48525
-0.16859	-0.31588	0.93370	-3.15881
0.00000	0.00000	0.00000	1.00000

boidNo = 26
boid Wall No = 0
position = = (-0.3, -6.4, -7.7)
Boid Radius= 10
Boid Frame=
 -0.91598	-0.03403	-0.39979	-0.34034
-0.28787	-0.63835	0.71389	-6.38348
0.27950	-0.76899	-0.57491	-7.68995
0.00000	0.00000	0.00000	1.00000

boidNo = 27
boid Wall No = 0
position = = (0.2, -10.0, 0.4)
Boid Radius= 10
Boid Frame=
 0.95835	0.01608	0.28513	0.16077
0.00280	-0.99889	0.04692	-9.98895
-0.28557	0.04416	0.95734	0.44164
0.00000	0.00000	0.00000	1.00000

boidNo = 28
boid Wall No = 1
position = = (-0.8, 9.9, 1.1)
Boid Radius= 10
Boid Frame=
 0.48832	-0.07753	0.86921	-0.77533
-0.05746	0.99103	0.12068	9.91028
0.87077	0.10887	-0.47949	1.08872
0.00000	0.00000	0.00000	1.00000

boidNo = 29
boid Wall No = 0
position = = (-5.2, -0.2, 8.6)
Boid Radius= 10
Boid Frame=
 0.47081	-0.51828	0.71395	-5.18285
-0.84021	-0.01660	0.54201	-0.16602
0.26906	0.85505	0.44328	8.55047
0.00000	0.00000	0.00000	1.00000

boidNo = 30
boid Wall No = 1
position = = (6.2, 7.8, 0.6)
Boid Radius= 10
Boid Frame=
 0.46376	0.62060	-0.63228	6.20604
-0.30002	0.78151	0.54702	7.81509
-0.83361	0.06399	-0.54863	0.63989
0.00000	0.00000	0.00000	1.00000

boidNo = 31
boid Wall No = 1
position = = (-6.0, 7.9, 1.3)
Boid Radius= 10
Boid Frame=
 -0.03688	-0.60369	0.79636	-6.03693
-0.19450	0.78600	0.58683	7.86002
0.98021	0.13325	0.14641	1.33248
0.00000	0.00000	0.00000	1.00000

boidNo = 32
boid Wall No = 0
position = = (0.5, -3.9, 9.2)
Boid Radius= 10
Boid Frame=
 0.81133	0.05463	0.58204	0.54632
-0.52049	-0.38580	0.76174	-3.85799
-0.26616	0.92096	0.28457	9.20964
0.00000	0.00000	0.00000	1.00000

boidNo = 33
boid Wall No = 1
position = = (-9.5, 1.1, -2.7)
Boid Radius= 10
Boid Frame=
 -0.27436	-0.95481	-0.11433	-9.54806
-0.69517	0.11479	0.70962	1.14788
0.66443	-0.27417	0.69524	-2.74171
0.00000	0.00000	0.00000	1.00000

boidNo = 34
boid Wall No = 0
position = = (-9.5, -2.6, 1.6)
Boid Radius= 10
Boid Frame=
 0.30345	-0.95197	-0.04091	-9.51970
-0.74134	-0.26284	0.61752	-2.62841
0.59862	0.15706	0.78549	1.57059
0.00000	0.00000	0.00000	1.00000

boidNo = 35
boid Wall No = 0
position = = (3.6, -3.4, 8.7)
Boid Radius= 10
Boid Frame=
 0.51447	0.36002	0.77828	3.60016
-0.70364	-0.34151	0.62311	-3.41513
-0.49012	0.86819	-0.07762	8.68192
0.00000	0.00000	0.00000	1.00000

boidNo = 36
boid Wall No = 1
position = = (0.3, 9.6, -2.6)
Boid Radius= 10
Boid Frame=
 -0.89804	0.02818	-0.43901	0.28177
-0.09017	0.96496	0.24640	9.64965
-0.43057	-0.26086	0.86404	-2.60862
0.00000	0.00000	0.00000	1.00000

boidNo = 37
boid Wall No = 1
position = = (-8.9, 4.4, -0.9)
Boid Radius= 10
Boid Frame=
 -0.38095	-0.89173	0.24434	-8.91726
-0.62587	0.44322	0.64175	4.43220
0.68057	-0.09155	0.72695	-0.91546
0.00000	0.00000	0.00000	1.00000

boidNo = 38
boid Wall No = 1
position = = (3.0, 9.5, 0.0)
Boid Radius= 10
Boid Frame=
 -0.11057	0.30403	-0.94622	3.04034
0.03414	0.95266	0.30211	9.52661
-0.99328	-0.00110	0.11571	-0.01097
0.00000	0.00000	0.00000	1.00000

boidNo = 39
boid Wall No = 0
position = = (-0.3, -9.8, 1.7)
Boid Radius= 10
Boid Frame=
 0.99942	-0.03316	-0.00818	-0.33159
-0.03127	-0.98472	0.17129	-9.84724
0.01373	0.17093	0.98519	1.70934
0.00000	0.00000	0.00000	1.00000

boidNo = 40
boid Wall No = 1
position = = (0.0, 9.8, 2.0)
Boid Radius= 10
Boid Frame=
 0.90728	-0.00025	0.42053	-0.00246
-0.08569	0.97891	0.18545	9.78910
0.41171	0.20429	-0.88812	2.04293
0.00000	0.00000	0.00000	1.00000

boidNo = 41
boid Wall No = 0
position = = (-2.9, -9.6, -0.7)
Boid Radius= 10
Boid Frame=
 -0.24370	-0.28720	-0.92635	-2.87204
0.00703	-0.95565	0.29444	-9.55645
0.96983	-0.06524	-0.23491	-0.65242
0.00000	0.00000	0.00000	1.00000

boidNo = 42
boid Wall No = 1
position = = (3.3, 6.1, -7.2)
Boid Radius= 10
Boid Frame=
 -0.62779	0.33082	-0.70458	3.30820
-0.42831	0.60901	0.66758	6.09007
-0.64994	-0.72088	0.24064	-7.20881
0.00000	0.00000	0.00000	1.00000

boidNo = 43
boid Wall No = 1
position = = (6.6, 6.3, 4.0)
Boid Radius= 10
Boid Frame=
 0.72722	0.66329	-0.17661	6.63294
-0.41707	0.63135	0.65379	6.31352
-0.54516	0.40179	-0.73577	4.01791
0.00000	0.00000	0.00000	1.00000

boidNo = 44
boid Wall No = 1
position = = (-2.9, 5.8, 7.6)
Boid Radius= 10
Boid Frame=
 0.66531	-0.28978	0.68804	-2.89778
-0.44914	0.58081	0.67892	5.80806
0.59635	0.76072	-0.25626	7.60719
0.00000	0.00000	0.00000	1.00000

boidNo = 45
boid Wall No = 0
position = = (4.9, -8.1, -3.3)
Boid Radius= 10
Boid Frame=
 -0.55712	0.48956	0.67078	4.89565
0.00509	-0.80572	0.59228	-8.05716
-0.83042	-0.33339	-0.44639	-3.33389
0.00000	0.00000	0.00000	1.00000

boidNo = 46
boid Wall No = 1
position = = (9.0, 3.1, 2.9)
Boid Radius= 10
Boid Frame=
 0.42943	0.90309	0.00413	9.03090
-0.66363	0.31245	0.67969	3.12453
-0.61253	0.29462	-0.73349	2.94621
0.00000	0.00000	0.00000	1.00000

boidNo = 47
boid Wall No = 0
position = = (0.6, -9.9, -1.4)
Boid Radius= 10
Boid Frame=
 -0.95384	0.06097	0.29407	0.60973
-0.01765	-0.98886	0.14777	-9.88864
-0.29981	-0.13576	-0.94429	-1.35761
0.00000	0.00000	0.00000	1.00000

boidNo = 48
boid Wall No = 0
position = = (8.2, -0.3, 5.7)
Boid Radius= 10
Boid Frame=
 0.39086	0.82327	0.41165	8.23268
-0.69557	-0.02872	0.71789	-0.28725
-0.60284	0.56693	-0.56141	5.66925
0.00000	0.00000	0.00000	1.00000

boidNo = 49
boid Wall No = 0
position = = (2.3, -9.7, 0.9)
Boid Radius= 10
Boid Frame=
 0.31373	0.22765	0.92182	2.27655
-0.01374	-0.96964	0.24414	-9.69642
-0.94941	0.08926	0.30108	0.89261
0.00000	0.00000	0.00000	1.00000

