Iteration Num of Simuation:0
m_SimulationDeltaT of action plan:0
boidNo = 0
boid Wall No = 0
position = = (2.3, -4.5, -8.6)
Boid Radius= 10
Boid Frame=
 -0.27718	0.22900	-0.93313	2.29000
-0.88018	-0.44998	0.15102	-4.49981
0.38531	-0.86318	-0.32629	-8.63178
0.00000	0.00000	0.00000	1.00000

boidNo = 1
boid Wall No = 1
position = = (0.9, 9.0, 4.2)
Boid Radius= 10
Boid Frame=
 0.72454	0.09439	0.68274	0.94385
-0.35318	0.90149	0.25018	9.01486
0.59187	0.42239	-0.68650	4.22390
0.00000	0.00000	0.00000	1.00000

boidNo = 2
boid Wall No = 0
position = = (-3.9, -8.2, 4.2)
Boid Radius= 10
Boid Frame=
 0.72290	-0.38661	-0.57267	-3.86606
0.01577	-0.81936	0.57306	-8.19365
0.69077	0.42329	0.58622	4.23294
0.00000	0.00000	0.00000	1.00000

boidNo = 3
boid Wall No = 0
position = = (0.7, -1.6, 9.8)
Boid Radius= 9.999999
Boid Frame=
 0.74087	0.07089	0.66790	0.70891
-0.65205	-0.16257	0.74054	-1.62574
-0.16108	0.98415	0.07422	9.84146
0.00000	0.00000	0.00000	1.00000

boidNo = 4
boid Wall No = 0
position = = (0.4, -10.0, 0.9)
Boid Radius= 10
Boid Frame=
 0.93603	0.03792	0.34988	0.37922
0.00559	-0.99566	0.09295	-9.95655
-0.35189	0.08505	0.93217	0.85046
0.00000	0.00000	0.00000	1.00000

boidNo = 5
boid Wall No = 0
position = = (-0.4, -9.8, 2.1)
Boid Radius= 10
Boid Frame=
 0.81520	-0.04163	-0.57768	-0.41634
0.08760	-0.97708	0.19404	-9.77075
0.57252	0.20879	0.79287	2.08785
0.00000	0.00000	0.00000	1.00000

boidNo = 6
boid Wall No = 0
position = = (-4.5, -7.7, -4.4)
Boid Radius= 10
Boid Frame=
 -0.65169	-0.45386	-0.60771	-4.53858
-0.04936	-0.77414	0.63109	-7.74139
0.75687	-0.44127	-0.48210	-4.41274
0.00000	0.00000	0.00000	1.00000

boidNo = 7
boid Wall No = 0
position = = (-1.4, -3.8, 9.1)
Boid Radius= 10
Boid Frame=
 0.69509	-0.14395	0.70436	-1.43948
-0.69540	-0.38316	0.60795	-3.83159
-0.18237	0.91240	0.36643	9.12397
0.00000	0.00000	0.00000	1.00000

boidNo = 8
boid Wall No = 0
position = = (-2.0, -9.7, -1.1)
Boid Radius= 10
Boid Frame=
 -0.63423	-0.19655	-0.74775	-1.96550
0.03743	-0.97382	0.22423	-9.73818
0.77224	-0.11422	-0.62498	-1.14221
0.00000	0.00000	0.00000	1.00000

boidNo = 9
boid Wall No = 0
position = = (2.4, -9.7, -0.8)
Boid Radius= 10
Boid Frame=
 -0.08911	0.23685	0.96745	2.36846
0.05637	-0.96856	0.24231	-9.68560
-0.99443	-0.07613	-0.07296	-0.76126
0.00000	0.00000	0.00000	1.00000

boidNo = 10
boid Wall No = 1
position = = (-1.7, 5.2, 8.4)
Boid Radius= 10
Boid Frame=
 0.32443	-0.17264	0.93002	-1.72636
-0.77321	0.51797	0.36587	5.17970
0.54489	0.83780	-0.03456	8.37797
0.00000	0.00000	0.00000	1.00000

boidNo = 11
boid Wall No = 1
position = = (3.9, 9.1, 1.3)
Boid Radius= 10
Boid Frame=
 0.76473	0.38649	-0.51557	3.86490
-0.24010	0.91344	0.32861	9.13437
-0.59795	0.12751	-0.79133	1.27507
0.00000	0.00000	0.00000	1.00000

boidNo = 12
boid Wall No = 1
position = = (6.1, 6.1, 5.1)
Boid Radius= 10
Boid Frame=
 0.78702	0.60984	-0.09323	6.09839
-0.38904	0.60789	0.69218	6.07890
-0.47879	0.50849	-0.71567	5.08493
0.00000	0.00000	0.00000	1.00000

boidNo = 13
boid Wall No = 0
position = = (0.7, -6.2, 7.8)
Boid Radius= 10
Boid Frame=
 0.90938	0.06593	0.41070	0.65929
-0.28425	-0.62235	0.72930	-6.22353
-0.30368	0.77996	0.54722	7.79955
0.00000	0.00000	0.00000	1.00000

boidNo = 14
boid Wall No = 1
position = = (3.6, 5.2, 7.8)
Boid Radius= 10
Boid Frame=
 0.85481	0.35685	0.37676	3.56853
-0.51674	0.51869	0.68113	5.18693
-0.04764	0.77693	-0.62779	7.76926
0.00000	0.00000	0.00000	1.00000

boidNo = 15
boid Wall No = 1
position = = (-6.2, 3.7, 6.9)
Boid Radius= 10
Boid Frame=
 0.42521	-0.62366	0.65593	-6.23656
-0.57670	0.37187	0.72741	3.71871
0.69758	0.68758	0.20154	6.87579
0.00000	0.00000	0.00000	1.00000

boidNo = 16
boid Wall No = 0
position = = (6.1, -7.9, 0.5)
Boid Radius= 10
Boid Frame=
 0.02252	0.60586	0.79525	6.05860
-0.04187	-0.79418	0.60623	-7.94185
-0.99887	0.04695	-0.00748	0.46948
0.00000	0.00000	0.00000	1.00000

boidNo = 17
boid Wall No = 0
position = = (-9.1, -3.8, -1.3)
Boid Radius= 9.999999
Boid Frame=
 0.29156	-0.91386	-0.28257	-9.13863
-0.84671	-0.38401	0.36826	-3.84006
0.44505	-0.13188	0.88574	-1.31884
0.00000	0.00000	0.00000	1.00000

boidNo = 18
boid Wall No = 1
position = = (2.3, 9.6, 1.6)
Boid Radius= 10
Boid Frame=
 0.51934	0.22835	-0.82349	2.28352
0.01657	0.96077	0.27686	9.60766
-0.85441	0.15743	-0.49518	1.57428
0.00000	0.00000	0.00000	1.00000

boidNo = 19
boid Wall No = 0
position = = (-4.2, -8.4, -3.3)
Boid Radius= 10
Boid Frame=
 -0.49833	-0.42239	-0.75714	-4.22387
-0.09172	-0.84271	0.53049	-8.42712
0.86212	-0.33381	-0.38120	-3.33806
0.00000	0.00000	0.00000	1.00000

