Iteration Num of Simuation:0
m_SimulationDeltaT of action plan:0
boidNo = 0
boid Wall No = 1
position = = (-1.6, 9.8, 1.0)
Boid Radius= 9.999999
Boid Frame=
 -0.00589	-0.16019	0.98707	-1.60190
-0.10626	0.98160	0.15867	9.81597
0.99432	0.10395	0.02280	1.03954
0.00000	0.00000	0.00000	1.00000

boidNo = 1
boid Wall No = 1
position = = (9.4, 1.1, -3.3)
Boid Radius= 10
Boid Frame=
 -0.19157	0.93866	-0.28673	9.38663
-0.62276	0.10955	0.77471	1.09546
-0.75860	-0.32697	-0.56357	-3.26973
0.00000	0.00000	0.00000	1.00000

boidNo = 2
boid Wall No = 1
position = = (-5.1, 7.7, 3.7)
Boid Radius= 10
Boid Frame=
 0.23810	-0.51461	0.82370	-5.14613
-0.28297	0.77454	0.56570	7.74543
0.92911	0.36777	-0.03880	3.67772
0.00000	0.00000	0.00000	1.00000

boidNo = 3
boid Wall No = 0
position = = (7.5, -4.8, 4.5)
Boid Radius= 9.999999
Boid Frame=
 0.23895	0.75231	0.61395	7.52306
-0.44558	-0.47682	0.75769	-4.76821
-0.86276	0.45462	-0.22128	4.54618
0.00000	0.00000	0.00000	1.00000

boidNo = 4
boid Wall No = 1
position = = (-0.9, 2.2, -9.7)
Boid Radius= 10
Boid Frame=
 -0.77521	-0.09063	-0.62517	-0.90629
-0.62753	0.22414	0.74563	2.24144
-0.07255	-0.97033	0.23063	-9.70333
0.00000	0.00000	0.00000	1.00000

boidNo = 5
boid Wall No = 0
position = = (-7.0, -3.3, -6.3)
Boid Radius= 9.999999
Boid Frame=
 -0.20413	-0.69893	-0.68544	-6.98932
-0.75671	-0.33156	0.56344	-3.31557
0.62107	-0.63369	0.46121	-6.33691
0.00000	0.00000	0.00000	1.00000

boidNo = 6
boid Wall No = 0
position = = (9.9, -1.1, 0.3)
Boid Radius= 10
Boid Frame=
 -0.04506	0.99382	0.10146	9.93819
-0.63429	-0.10692	0.76566	-1.06925
-0.77178	0.02985	-0.63519	0.29851
0.00000	0.00000	0.00000	1.00000

boidNo = 7
boid Wall No = 1
position = = (-3.8, 7.1, -6.0)
Boid Radius= 10
Boid Frame=
 -0.92495	-0.37674	-0.05028	-3.76744
-0.32217	0.70695	0.62963	7.06945
0.20166	-0.59858	0.77527	-5.98576
0.00000	0.00000	0.00000	1.00000

boidNo = 8
boid Wall No = 0
position = = (-8.1, -4.2, 4.2)
Boid Radius= 10
Boid Frame=
 0.58919	-0.80791	0.01162	-8.07911
-0.58439	-0.41616	0.69664	-4.16157
0.55798	0.41724	0.71733	4.17244
0.00000	0.00000	0.00000	1.00000

boidNo = 9
boid Wall No = 0
position = = (9.2, -0.3, 3.9)
Boid Radius= 10
Boid Frame=
 -0.00284	0.91908	0.39406	9.19080
-0.99676	-0.03427	0.07273	-0.34266
-0.08035	0.39258	-0.91620	3.92579
0.00000	0.00000	0.00000	1.00000

boidNo = 10
boid Wall No = 0
position = = (-1.9, -1.4, -9.7)
Boid Radius= 10
Boid Frame=
 -0.77674	-0.19473	-0.59896	-1.94725
-0.58321	-0.13666	0.80074	-1.36657
0.23778	-0.97129	0.00742	-9.71291
0.00000	0.00000	0.00000	1.00000

boidNo = 11
boid Wall No = 1
position = = (-5.3, 7.7, -3.5)
Boid Radius= 10
Boid Frame=
 -0.74098	-0.53052	0.41169	-5.30524
-0.22190	0.77207	0.59553	7.72075
0.63380	-0.34992	0.68982	-3.49921
0.00000	0.00000	0.00000	1.00000

boidNo = 12
boid Wall No = 0
position = = (-3.0, -5.6, 7.7)
Boid Radius= 10
Boid Frame=
 0.90183	-0.30177	0.30926	-3.01772
-0.43033	-0.56267	0.70585	-5.62667
0.03900	0.76964	0.63729	7.69636
0.00000	0.00000	0.00000	1.00000

boidNo = 13
boid Wall No = 0
position = = (6.0, -7.9, 1.4)
Boid Radius= 10
Boid Frame=
 0.02605	0.60056	0.79916	6.00559
-0.14971	-0.78807	0.59711	-7.88069
-0.98839	0.13519	-0.06938	1.35194
0.00000	0.00000	0.00000	1.00000

boidNo = 14
boid Wall No = 1
position = = (5.1, 6.1, -6.1)
Boid Radius= 10
Boid Frame=
 -0.47541	0.51110	-0.71608	5.11097
-0.38686	0.60958	0.69192	6.09578
-0.79014	-0.60597	0.09208	-6.05966
0.00000	0.00000	0.00000	1.00000

boidNo = 15
boid Wall No = 1
position = = (-7.8, 3.0, -5.5)
Boid Radius= 10
Boid Frame=
 -0.47496	-0.77831	-0.41067	-7.78310
-0.85603	0.30044	0.42065	3.00435
0.20401	-0.55134	0.80895	-5.51337
0.00000	0.00000	0.00000	1.00000

boidNo = 16
boid Wall No = 0
position = = (-9.8, -1.4, -1.3)
Boid Radius= 10
Boid Frame=
 -0.01475	-0.98163	-0.19023	-9.81629
-0.61449	-0.14118	0.77619	-1.41183
0.78879	-0.12834	0.60112	-1.28343
0.00000	0.00000	0.00000	1.00000

boidNo = 17
boid Wall No = 1
position = = (-7.1, 0.9, 7.0)
Boid Radius= 10
Boid Frame=
 0.18074	-0.71139	0.67916	-7.11391
-0.93573	0.08829	0.34149	0.88286
0.30289	0.69723	0.64971	6.97229
0.00000	0.00000	0.00000	1.00000

boidNo = 18
boid Wall No = 1
position = = (-7.4, 4.1, -5.3)
Boid Radius= 10
Boid Frame=
 -0.66580	-0.74328	-0.06520	-7.43278
-0.52881	0.40842	0.74401	4.08421
0.52638	-0.52984	0.66498	-5.29840
0.00000	0.00000	0.00000	1.00000

boidNo = 19
boid Wall No = 0
position = = (-0.4, -10.0, 0.0)
Boid Radius= 10
Boid Frame=
 -0.38123	-0.03565	-0.92379	-0.35646
0.01015	-0.99936	0.03437	-9.99358
0.92442	-0.00373	-0.38135	-0.03729
0.00000	0.00000	0.00000	1.00000

