Iteration Num of Simuation:0
m_SimulationDeltaT of action plan:0
boidNo = 0
boid Wall No = 0
position = = (0.1, -10.0, 0.0)
Boid Radius= 10
Boid Frame=
 0.08421	0.00954	0.99640	0.09540
0.00329	-0.99995	0.00930	-9.99952
-0.99644	-0.00249	0.08424	-0.02495
0.00000	0.00000	0.00000	1.00000

boidNo = 1
boid Wall No = 0
position = = (-9.5, -2.8, 1.4)
Boid Radius= 9.999999
Boid Frame=
 0.27343	-0.94956	-0.15351	-9.49563
-0.53448	-0.28267	0.79651	-2.82670
0.79973	0.13574	0.58482	1.35745
0.00000	0.00000	0.00000	1.00000

boidNo = 2
boid Wall No = 0
position = = (-1.8, -5.0, 8.5)
Boid Radius= 10
Boid Frame=
 0.70165	-0.17967	0.68949	-1.79674
-0.66835	-0.50138	0.54948	-5.01383
-0.24697	0.84636	0.47188	8.46364
0.00000	0.00000	0.00000	1.00000

boidNo = 3
boid Wall No = 1
position = = (-0.7, 9.9, 1.0)
Boid Radius= 10
Boid Frame=
 0.12976	-0.06640	0.98932	-0.66401
-0.08583	0.99326	0.07792	9.93258
0.98782	0.09503	-0.12319	0.95028
0.00000	0.00000	0.00000	1.00000

boidNo = 4
boid Wall No = 1
position = = (-2.9, 7.7, -5.7)
Boid Radius= 10
Boid Frame=
 -0.95665	-0.29080	0.01572	-2.90804
-0.22278	0.76550	0.60364	7.65501
0.18757	-0.57397	0.79710	-5.73970
0.00000	0.00000	0.00000	1.00000

boidNo = 5
boid Wall No = 0
position = = (-4.7, -7.5, 4.7)
Boid Radius= 10
Boid Frame=
 0.79342	-0.46783	-0.38939	-4.67831
-0.11759	-0.74549	0.65606	-7.45491
0.59721	0.47474	0.64650	4.74740
0.00000	0.00000	0.00000	1.00000

boidNo = 6
boid Wall No = 0
position = = (7.4, -6.1, 3.0)
Boid Radius= 9.999999
Boid Frame=
 0.11512	0.73588	0.66725	7.35883
-0.32073	-0.60820	0.72610	-6.08204
-0.94015	0.29760	-0.16601	2.97596
0.00000	0.00000	0.00000	1.00000

boidNo = 7
boid Wall No = 0
position = = (-9.9, -0.3, 1.5)
Boid Radius= 10
Boid Frame=
 0.12082	-0.98796	0.09663	-9.87960
-0.75282	-0.02774	0.65765	-0.27738
0.64705	0.15220	0.74710	1.52204
0.00000	0.00000	0.00000	1.00000

boidNo = 8
boid Wall No = 1
position = = (-1.3, 8.0, -5.8)
Boid Radius= 9.999999
Boid Frame=
 -0.98474	-0.13348	-0.11170	-1.33481
-0.17351	0.80333	0.56969	8.03334
-0.01369	-0.58038	0.81423	-5.80376
0.00000	0.00000	0.00000	1.00000

boidNo = 9
boid Wall No = 0
position = = (-0.1, -10.0, -0.5)
Boid Radius= 10
Boid Frame=
 -0.91892	-0.01331	-0.39421	-0.13313
-0.00761	-0.99865	0.05146	-9.98646
0.39436	-0.05029	-0.91758	-0.50290
0.00000	0.00000	0.00000	1.00000

boidNo = 10
boid Wall No = 1
position = = (-5.6, 3.2, -7.6)
Boid Radius= 10
Boid Frame=
 -0.71445	-0.56462	-0.41325	-5.64616
-0.65084	0.31947	0.68872	3.19470
0.25684	-0.76102	0.59572	-7.61018
0.00000	0.00000	0.00000	1.00000

boidNo = 11
boid Wall No = 1
position = = (-7.2, 4.3, -5.4)
Boid Radius= 10
Boid Frame=
 -0.66373	-0.72159	-0.19689	-7.21590
-0.65589	0.43497	0.61694	4.34966
0.35954	-0.53862	0.76198	-5.38621
0.00000	0.00000	0.00000	1.00000

boidNo = 12
boid Wall No = 1
position = = (-5.4, 8.4, 0.6)
Boid Radius= 10
Boid Frame=
 -0.59424	-0.53642	0.59928	-5.36421
-0.42644	0.84188	0.33073	8.41884
0.68193	0.05903	0.72903	0.59028
0.00000	0.00000	0.00000	1.00000

boidNo = 13
boid Wall No = 0
position = = (-1.9, -9.0, -4.0)
Boid Radius= 9.999999
Boid Frame=
 -0.82998	-0.19449	-0.52279	-1.94485
-0.06524	-0.89697	0.43726	-8.96966
0.55397	-0.39702	-0.73177	-3.97024
0.00000	0.00000	0.00000	1.00000

boidNo = 14
boid Wall No = 0
position = = (-1.3, -8.2, 5.6)
Boid Radius= 10
Boid Frame=
 0.99033	-0.13278	-0.04020	-1.32784
-0.08714	-0.82080	0.56454	-8.20796
0.10795	0.55557	0.82443	5.55574
0.00000	0.00000	0.00000	1.00000

boidNo = 15
boid Wall No = 0
position = = (7.1, -6.6, -2.4)
Boid Radius= 10
Boid Frame=
 -0.57059	0.71494	0.40410	7.14938
-0.34438	-0.65501	0.67258	-6.55006
-0.74554	-0.24460	-0.61995	-2.44605
0.00000	0.00000	0.00000	1.00000

boidNo = 16
boid Wall No = 1
position = = (-1.8, 8.3, -5.3)
Boid Radius= 10
Boid Frame=
 -0.98408	-0.17751	0.00867	-1.77512
-0.14421	0.82605	0.54483	8.26054
0.10387	-0.53491	0.83850	-5.34906
0.00000	0.00000	0.00000	1.00000

boidNo = 17
boid Wall No = 0
position = = (5.6, -5.0, -6.6)
Boid Radius= 10
Boid Frame=
 -0.73831	0.56164	-0.37345	5.61637
-0.66241	-0.49962	0.55820	-4.99623
-0.12692	-0.65950	-0.74091	-6.59501
0.00000	0.00000	0.00000	1.00000

boidNo = 18
boid Wall No = 0
position = = (5.8, -7.9, -1.8)
Boid Radius= 10
Boid Frame=
 -0.37972	0.58227	0.71887	5.82270
-0.06546	-0.79204	0.60696	-7.92036
-0.92278	-0.18342	-0.33887	-1.83417
0.00000	0.00000	0.00000	1.00000

boidNo = 19
boid Wall No = 1
position = = (9.1, 0.5, 4.2)
Boid Radius= 9.999999
Boid Frame=
 0.34977	0.90646	0.23662	9.06462
-0.64250	0.04829	0.76476	0.48288
-0.68180	0.41952	-0.59930	4.19518
0.00000	0.00000	0.00000	1.00000

