Iteration Num of Simuation:0
m_SimulationDeltaT of action plan:0
boidNo = 0
boid Wall No = 1
position = = (3.7, 1.7, 9.1)
Boid Radius= 10
Boid Frame=
 0.63980	0.36941	0.67394	3.69411
-0.75942	0.16912	0.62824	1.69121
-0.11810	0.91375	-0.38874	9.13747
0.00000	0.00000	0.00000	1.00000

boidNo = 1
boid Wall No = 0
position = = (7.2, -3.7, -5.8)
Boid Radius= 10
Boid Frame=
 -0.68566	0.72395	-0.07592	7.23953
-0.47633	-0.36737	0.79884	-3.67367
-0.55043	-0.58390	-0.59673	-5.83895
0.00000	0.00000	0.00000	1.00000

boidNo = 2
boid Wall No = 1
position = = (3.7, 2.5, 8.9)
Boid Radius= 10
Boid Frame=
 0.78730	0.37218	0.49156	3.72182
-0.59480	0.24847	0.76451	2.48475
-0.16240	0.89428	-0.41700	8.94283
0.00000	0.00000	0.00000	1.00000

boidNo = 3
boid Wall No = 0
position = = (5.1, -7.5, -4.1)
Boid Radius= 10
Boid Frame=
 -0.76001	0.51254	0.39960	5.12538
-0.17416	-0.75299	0.63456	-7.52992
-0.62614	-0.41268	-0.66155	-4.12684
0.00000	0.00000	0.00000	1.00000

boidNo = 4
boid Wall No = 0
position = = (3.1, -3.3, -8.9)
Boid Radius= 10
Boid Frame=
 -0.86253	0.30887	-0.40080	3.08866
-0.49216	-0.32807	0.80632	-3.28069
-0.11755	-0.89273	-0.43498	-8.92733
0.00000	0.00000	0.00000	1.00000

boidNo = 5
boid Wall No = 0
position = = (-6.9, -3.1, 6.5)
Boid Radius= 9.999999
Boid Frame=
 0.57275	-0.69447	0.43551	-6.94469
-0.78513	-0.31202	0.53499	-3.12024
0.23564	0.64835	0.72396	6.48347
0.00000	0.00000	0.00000	1.00000

boidNo = 6
boid Wall No = 1
position = = (-8.9, 2.7, 3.8)
Boid Radius= 10
Boid Frame=
 0.06639	-0.88649	0.45796	-8.86488
-0.73838	0.26506	0.62012	2.65059
0.67111	0.37932	0.63696	3.79319
0.00000	0.00000	0.00000	1.00000

boidNo = 7
boid Wall No = 0
position = = (-4.6, -8.8, 1.2)
Boid Radius= 10
Boid Frame=
 0.35667	-0.45595	-0.81541	-4.55945
-0.05971	-0.88216	0.46715	-8.82160
0.93232	0.11793	0.34187	1.17931
0.00000	0.00000	0.00000	1.00000

boidNo = 8
boid Wall No = 1
position = = (-2.2, 6.8, 7.0)
Boid Radius= 10
Boid Frame=
 0.75377	-0.22192	0.61853	-2.21920
-0.33349	0.68185	0.65105	6.81848
0.56622	0.69702	-0.43995	6.97019
0.00000	0.00000	0.00000	1.00000

boidNo = 9
boid Wall No = 1
position = = (-2.5, 8.4, -4.8)
Boid Radius= 9.999999
Boid Frame=
 -0.96885	-0.24712	-0.01605	-2.47123
-0.22262	0.84074	0.49355	8.40740
0.10848	-0.48175	0.86957	-4.81753
0.00000	0.00000	0.00000	1.00000

boidNo = 10
boid Wall No = 1
position = = (8.5, 5.2, -1.0)
Boid Radius= 10
Boid Frame=
 0.19821	0.84882	-0.49012	8.48821
-0.49310	0.51851	0.69857	5.18507
-0.84709	-0.10321	-0.52133	-1.03210
0.00000	0.00000	0.00000	1.00000

boidNo = 11
boid Wall No = 0
position = = (-0.6, -9.9, -1.6)
Boid Radius= 10
Boid Frame=
 -0.88813	-0.06199	-0.45540	-0.61994
-0.01811	-0.98537	0.16945	-9.85372
0.45924	-0.15874	-0.87401	-1.58743
0.00000	0.00000	0.00000	1.00000

boidNo = 12
boid Wall No = 0
position = = (-4.7, -5.7, 6.8)
Boid Radius= 10
Boid Frame=
 0.88175	-0.46506	0.07903	-4.65058
-0.36666	-0.57027	0.73509	-5.70269
0.29679	0.67714	0.67335	6.77137
0.00000	0.00000	0.00000	1.00000

boidNo = 13
boid Wall No = 0
position = = (-7.9, -6.1, 0.5)
Boid Radius= 10
Boid Frame=
 0.36280	-0.79036	-0.49367	-7.90356
-0.39997	-0.61056	0.68355	-6.10560
0.84167	0.05054	0.53763	0.50538
0.00000	0.00000	0.00000	1.00000

boidNo = 14
boid Wall No = 0
position = = (-2.1, -9.8, 0.4)
Boid Radius= 10
Boid Frame=
 0.27189	-0.21474	-0.93806	-2.14738
-0.01834	-0.97576	0.21805	-9.75765
0.96215	0.04209	0.26924	0.42086
0.00000	0.00000	0.00000	1.00000

boidNo = 15
boid Wall No = 0
position = = (4.5, -7.1, -5.4)
Boid Radius= 10
Boid Frame=
 -0.78736	0.44978	-0.42162	4.49779
-0.60052	-0.71422	0.35954	-7.14217
0.13941	-0.53628	-0.83245	-5.36277
0.00000	0.00000	0.00000	1.00000

boidNo = 16
boid Wall No = 0
position = = (3.0, -9.1, -2.8)
Boid Radius= 10
Boid Frame=
 0.11447	0.30210	-0.94638	3.02101
-0.25989	-0.91036	-0.32204	-9.10356
0.95883	-0.28282	0.02569	-2.82821
0.00000	0.00000	0.00000	1.00000

boidNo = 17
boid Wall No = 1
position = = (9.1, 1.7, 3.8)
Boid Radius= 10
Boid Frame=
 0.28841	0.91019	0.29727	9.10192
-0.91573	0.17148	0.36337	1.71484
-0.27976	0.37702	-0.88294	3.77020
0.00000	0.00000	0.00000	1.00000

boidNo = 18
boid Wall No = 0
position = = (-3.0, -4.6, 8.4)
Boid Radius= 10
Boid Frame=
 0.73809	-0.29750	0.60558	-2.97496
-0.66688	-0.45796	0.58783	-4.57957
-0.10245	0.83772	0.53641	8.37718
0.00000	0.00000	0.00000	1.00000

boidNo = 19
boid Wall No = 1
position = = (-4.4, 7.9, 4.2)
Boid Radius= 10
Boid Frame=
 0.44095	-0.44372	0.78018	-4.43722
-0.21916	0.78970	0.57301	7.89702
0.87036	0.42365	-0.25097	4.23653
0.00000	0.00000	0.00000	1.00000

