Iteration Num of Simuation:0
m_SimulationDeltaT of action plan:0
boidNo = 0
boid Wall No = 0
position = = (0.3, -9.5, -3.2)
Boid Radius= 10
Boid Frame=
 -0.92037	0.02822	0.39003	0.28222
0.10174	-0.94577	0.30850	-9.45767
-0.37759	-0.32362	-0.86758	-3.23617
0.00000	0.00000	0.00000	1.00000

boidNo = 1
boid Wall No = 1
position = = (1.3, 9.4, 3.2)
Boid Radius= 10
Boid Frame=
 0.95099	0.13280	-0.27925	1.32804
-0.02938	0.93780	0.34594	9.37798
-0.30782	0.32078	-0.89574	3.20777
0.00000	0.00000	0.00000	1.00000

boidNo = 2
boid Wall No = 0
position = = (2.2, -9.4, 2.7)
Boid Radius= 10
Boid Frame=
 0.55071	0.21642	0.80615	2.16424
-0.11259	-0.93771	0.32866	-9.37714
-0.82707	0.27176	0.49204	2.71758
0.00000	0.00000	0.00000	1.00000

boidNo = 3
boid Wall No = 0
position = = (1.5, -7.1, 6.9)
Boid Radius= 10
Boid Frame=
 0.04066	0.14750	0.98823	1.47499
-0.69541	-0.70601	0.13399	-7.06011
-0.71746	0.69267	-0.07386	6.92670
0.00000	0.00000	0.00000	1.00000

boidNo = 4
boid Wall No = 0
position = = (7.3, -6.8, -0.2)
Boid Radius= 10
Boid Frame=
 -0.25134	0.73311	0.63196	7.33114
-0.24847	-0.67991	0.68992	-6.79909
-0.93546	-0.01638	-0.35305	-0.16381
0.00000	0.00000	0.00000	1.00000

boidNo = 5
boid Wall No = 1
position = = (0.2, 0.1, -10.0)
Boid Radius= 10
Boid Frame=
 -0.68029	0.01557	-0.73278	0.15574
-0.73278	0.00650	0.68043	0.06502
-0.01536	-0.99986	-0.00699	-9.99858
0.00000	0.00000	0.00000	1.00000

boidNo = 6
boid Wall No = 0
position = = (-4.2, -8.7, -2.7)
Boid Radius= 10
Boid Frame=
 -0.39679	-0.41871	-0.81685	-4.18713
-0.09665	-0.86589	0.49080	-8.65894
0.91281	-0.27369	-0.30311	-2.73691
0.00000	0.00000	0.00000	1.00000

boidNo = 7
boid Wall No = 0
position = = (4.6, -2.3, 8.6)
Boid Radius= 10
Boid Frame=
 0.51128	0.46443	0.72312	4.64427
-0.72086	-0.22635	0.65507	-2.26354
-0.46791	0.85620	-0.21906	8.56196
0.00000	0.00000	0.00000	1.00000

boidNo = 8
boid Wall No = 1
position = = (-5.4, 7.7, -3.3)
Boid Radius= 10
Boid Frame=
 -0.75074	-0.54381	0.37504	-5.43814
-0.27353	0.77267	0.57285	7.72672
0.60131	-0.32748	0.72882	-3.27481
0.00000	0.00000	0.00000	1.00000

boidNo = 9
boid Wall No = 1
position = = (5.7, 7.4, 3.6)
Boid Radius= 10
Boid Frame=
 0.74470	0.56820	-0.35009	5.68203
-0.27372	0.73844	0.61626	7.38444
-0.60869	0.36311	-0.70545	3.63105
0.00000	0.00000	0.00000	1.00000

boidNo = 10
boid Wall No = 0
position = = (8.3, -4.9, -2.6)
Boid Radius= 10
Boid Frame=
 -0.49875	0.83030	0.24871	8.30295
-0.44280	-0.49076	0.75039	-4.90761
-0.74510	-0.26413	-0.61242	-2.64129
0.00000	0.00000	0.00000	1.00000

boidNo = 11
boid Wall No = 1
position = = (3.6, 9.2, 1.7)
Boid Radius= 10
Boid Frame=
 0.69123	0.35949	-0.62687	3.59489
-0.14296	0.91836	0.36902	9.18363
-0.70835	0.16546	-0.68619	1.65460
0.00000	0.00000	0.00000	1.00000

boidNo = 12
boid Wall No = 0
position = = (0.5, -10.0, -0.1)
Boid Radius= 10
Boid Frame=
 -0.52196	0.04774	0.85163	0.47740
-0.01498	-0.99879	0.04681	-9.98792
-0.85284	-0.01167	-0.52205	-0.11671
0.00000	0.00000	0.00000	1.00000

boidNo = 13
boid Wall No = 0
position = = (-5.6, -8.3, 0.4)
Boid Radius= 9.999999
Boid Frame=
 0.09419	-0.56215	-0.82165	-5.62154
-0.01131	-0.82587	0.56374	-8.25872
0.99549	0.04381	0.08415	0.43807
0.00000	0.00000	0.00000	1.00000

boidNo = 14
boid Wall No = 0
position = = (0.8, -9.9, 1.4)
Boid Radius= 10
Boid Frame=
 0.80396	0.08468	0.58863	0.84679
-0.01433	-0.98676	0.16153	-9.86764
-0.59451	0.13830	0.79210	1.38297
0.00000	0.00000	0.00000	1.00000

boidNo = 15
boid Wall No = 1
position = = (-8.4, 2.0, -5.1)
Boid Radius= 10
Boid Frame=
 -0.46241	-0.83797	-0.28981	-8.37967
-0.75295	0.19849	0.62744	1.98487
0.46825	-0.50834	0.72272	-5.08344
0.00000	0.00000	0.00000	1.00000

boidNo = 16
boid Wall No = 0
position = = (-0.2, -4.5, -9.0)
Boid Radius= 10
Boid Frame=
 -0.84543	-0.02205	-0.53363	-0.22053
-0.46963	-0.44514	0.76243	-4.45138
0.25435	-0.89519	-0.36598	-8.95191
0.00000	0.00000	0.00000	1.00000

boidNo = 17
boid Wall No = 0
position = = (3.5, -8.8, -3.2)
Boid Radius= 9.999999
Boid Frame=
 -0.46356	0.35261	0.81289	3.52607
0.13747	-0.87768	0.45910	-8.77682
-0.87534	-0.32457	-0.35838	-3.24565
0.00000	0.00000	0.00000	1.00000

boidNo = 18
boid Wall No = 1
position = = (8.5, 4.4, -3.1)
Boid Radius= 10
Boid Frame=
 0.13979	0.84519	-0.51586	8.45191
-0.74068	0.43501	0.51202	4.35014
-0.65716	-0.31051	-0.68682	-3.10508
0.00000	0.00000	0.00000	1.00000

boidNo = 19
boid Wall No = 1
position = = (3.0, 9.4, 1.8)
Boid Radius= 10
Boid Frame=
 0.45263	0.29672	-0.84088	2.96724
0.03024	0.93736	0.34705	9.37361
-0.89119	0.18251	-0.41530	1.82512
0.00000	0.00000	0.00000	1.00000

