Iteration Num of Simuation:0
m_SimulationDeltaT of action plan:0
boidNo = 0
boid Wall No = 1
position = = (-1.3, 9.9, -0.2)
Boid Radius= 10
Boid Frame=
 -0.52761	-0.13375	0.83889	-1.33750
-0.05640	0.99086	0.12251	9.90864
0.84761	-0.01733	0.53033	-0.17328
0.00000	0.00000	0.00000	1.00000

boidNo = 1
boid Wall No = 1
position = = (-4.1, 8.1, -4.3)
Boid Radius= 10
Boid Frame=
 -0.89888	-0.40506	0.16718	-4.05060
-0.26719	0.80901	0.52357	8.09006
0.34732	-0.42595	0.83542	-4.25953
0.00000	0.00000	0.00000	1.00000

boidNo = 2
boid Wall No = 0
position = = (1.3, -9.2, -3.6)
Boid Radius= 10
Boid Frame=
 -0.97899	0.12833	-0.15846	1.28331
-0.17645	-0.92265	0.34290	-9.22649
0.10220	-0.36366	-0.92591	-3.63661
0.00000	0.00000	0.00000	1.00000

boidNo = 3
boid Wall No = 0
position = = (0.7, -9.6, 2.6)
Boid Radius= 10
Boid Frame=
 0.97878	0.07500	-0.19069	0.75000
0.12073	-0.96300	0.24095	-9.62998
0.16557	0.25886	0.95162	2.58864
0.00000	0.00000	0.00000	1.00000

boidNo = 4
boid Wall No = 0
position = = (-3.2, -9.5, -0.3)
Boid Radius= 10
Boid Frame=
 -0.04336	-0.32256	-0.94556	-3.22560
-0.01541	-0.94612	0.32346	-9.46117
0.99894	-0.02860	-0.03605	-0.28599
0.00000	0.00000	0.00000	1.00000

boidNo = 5
boid Wall No = 1
position = = (-3.8, 7.9, 4.8)
Boid Radius= 10
Boid Frame=
 0.15248	-0.37576	0.91409	-3.75762
-0.45794	0.79276	0.40228	7.92757
0.87581	0.47994	0.05120	4.79938
0.00000	0.00000	0.00000	1.00000

boidNo = 6
boid Wall No = 1
position = = (8.2, 3.2, 4.7)
Boid Radius= 10
Boid Frame=
 0.55035	0.82362	0.13696	8.23625
-0.64837	0.31823	0.69163	3.18230
-0.52605	0.46944	-0.70915	4.69438
0.00000	0.00000	0.00000	1.00000

boidNo = 7
boid Wall No = 0
position = = (1.3, -9.2, -3.6)
Boid Radius= 10
Boid Frame=
 -0.27574	0.12966	0.95245	1.29660
0.31713	-0.92311	0.21748	-9.23111
-0.90741	-0.36202	-0.21342	-3.62016
0.00000	0.00000	0.00000	1.00000

boidNo = 8
boid Wall No = 0
position = = (2.1, -9.8, 0.2)
Boid Radius= 10
Boid Frame=
 -0.02187	0.20581	0.97835	2.05806
-0.02133	-0.97846	0.20535	-9.78456
-0.99953	0.01638	-0.02579	0.16376
0.00000	0.00000	0.00000	1.00000

boidNo = 9
boid Wall No = 0
position = = (8.8, -4.8, 0.4)
Boid Radius= 10
Boid Frame=
 -0.47658	0.87827	0.03893	8.78269
-0.87907	-0.47660	-0.00949	-4.76595
-0.01022	0.03875	-0.99920	0.38748
0.00000	0.00000	0.00000	1.00000

boidNo = 10
boid Wall No = 0
position = = (8.0, 0.0, -6.0)
Boid Radius= 10
Boid Frame=
 -0.43644	0.80268	-0.40649	8.02678
-0.68574	-0.00427	0.72783	-0.04270
-0.58248	-0.59640	-0.55229	-5.96397
0.00000	0.00000	0.00000	1.00000

boidNo = 11
boid Wall No = 0
position = = (0.1, -10.0, 0.3)
Boid Radius= 10
Boid Frame=
 0.69128	0.00978	0.72252	0.09776
-0.01811	-0.99936	0.03085	-9.99360
-0.72236	0.03441	0.69066	0.34410
0.00000	0.00000	0.00000	1.00000

boidNo = 12
boid Wall No = 0
position = = (1.2, -7.3, -6.7)
Boid Radius= 10
Boid Frame=
 -0.99010	0.12462	-0.06462	1.24620
-0.13570	-0.73178	0.66789	-7.31781
-0.03594	-0.67005	-0.74145	-6.70049
0.00000	0.00000	0.00000	1.00000

boidNo = 13
boid Wall No = 1
position = = (-0.3, 8.8, -4.8)
Boid Radius= 10
Boid Frame=
 -0.96580	-0.02828	-0.25776	-0.28275
-0.14857	0.87504	0.46069	8.75039
-0.21252	-0.48323	0.84931	-4.83226
0.00000	0.00000	0.00000	1.00000

boidNo = 14
boid Wall No = 1
position = = (7.4, 1.1, 6.6)
Boid Radius= 10
Boid Frame=
 0.56115	0.74326	0.36423	7.43264
-0.63825	0.10838	0.76216	1.08375
-0.52702	0.66016	-0.53520	6.60161
0.00000	0.00000	0.00000	1.00000

boidNo = 15
boid Wall No = 1
position = = (6.6, 4.7, 5.9)
Boid Radius= 10
Boid Frame=
 0.71346	0.65638	0.24523	6.56383
-0.63919	0.46628	0.61157	4.66284
-0.28708	0.59308	-0.75223	5.93077
0.00000	0.00000	0.00000	1.00000

boidNo = 16
boid Wall No = 0
position = = (6.4, -6.9, 3.4)
Boid Radius= 10
Boid Frame=
 -0.56431	0.63673	0.52548	6.36725
-0.72096	-0.69019	0.06207	-6.90194
-0.40221	0.34382	-0.84854	3.43822
0.00000	0.00000	0.00000	1.00000

boidNo = 17
boid Wall No = 0
position = = (4.3, -8.6, 2.7)
Boid Radius= 10
Boid Frame=
 0.58442	0.43108	0.68747	4.31079
0.03870	-0.86106	0.50702	-8.61062
-0.81053	0.26971	0.51991	2.69708
0.00000	0.00000	0.00000	1.00000

boidNo = 18
boid Wall No = 0
position = = (9.5, -0.2, -3.0)
Boid Radius= 10
Boid Frame=
 -0.25689	0.95486	-0.14919	9.54855
-0.56834	-0.02441	0.82243	-0.24405
-0.78166	-0.29607	-0.54895	-2.96068
0.00000	0.00000	0.00000	1.00000

boidNo = 19
boid Wall No = 0
position = = (7.5, -6.3, 2.0)
Boid Radius= 10
Boid Frame=
 -0.61462	0.74944	0.24614	7.49443
-0.77630	-0.63005	-0.02006	-6.30048
-0.14004	0.20341	-0.96903	2.03406
0.00000	0.00000	0.00000	1.00000

