Iteration Num of Simuation:0
m_SimulationDeltaT of action plan:0
boidNo = 0
boid Wall No = 0
position = = (-0.8, -10.0, 0.2)
Boid Radius= 10
Boid Frame=
 0.16103	-0.07519	-0.98408	-0.75189
0.00496	-0.99702	0.07699	-9.97020
0.98694	0.01728	0.16018	0.17280
0.00000	0.00000	0.00000	1.00000

boidNo = 1
boid Wall No = 1
position = = (-0.9, 9.7, -2.4)
Boid Radius= 10
Boid Frame=
 -0.89103	-0.08959	-0.44502	-0.89595
-0.18621	0.96619	0.17832	9.66192
-0.41400	-0.24175	0.87759	-2.41754
0.00000	0.00000	0.00000	1.00000

boidNo = 2
boid Wall No = 0
position = = (-5.4, -7.8, -3.2)
Boid Radius= 10
Boid Frame=
 -0.46086	-0.54268	-0.70222	-5.42676
-0.04435	-0.77619	0.62894	-7.76186
0.88636	-0.32099	-0.33365	-3.20995
0.00000	0.00000	0.00000	1.00000

boidNo = 3
boid Wall No = 1
position = = (0.0, 9.9, -1.3)
Boid Radius= 10
Boid Frame=
 -0.99852	-0.00037	-0.05430	-0.00374
-0.00731	0.99181	0.12751	9.91810
-0.05381	-0.12772	0.99035	-1.27719
0.00000	0.00000	0.00000	1.00000

boidNo = 4
boid Wall No = 0
position = = (-2.3, -9.6, -1.5)
Boid Radius= 10
Boid Frame=
 -0.74322	-0.23138	-0.62776	-2.31378
0.07855	-0.96198	0.26157	-9.61983
0.66442	-0.14509	-0.73314	-1.45095
0.00000	0.00000	0.00000	1.00000

boidNo = 5
boid Wall No = 0
position = = (-8.3, -3.7, 4.1)
Boid Radius= 10
Boid Frame=
 0.55123	-0.83282	0.05063	-8.32815
-0.62550	-0.37233	0.68566	-3.72327
0.55218	0.40962	0.72616	4.09623
0.00000	0.00000	0.00000	1.00000

boidNo = 6
boid Wall No = 0
position = = (-2.1, -9.1, -3.6)
Boid Radius= 10
Boid Frame=
 -0.90559	-0.21463	-0.36583	-2.14630
0.04669	-0.90772	0.41697	-9.07719
0.42157	-0.36053	-0.83205	-3.60528
0.00000	0.00000	0.00000	1.00000

boidNo = 7
boid Wall No = 1
position = = (-3.5, 8.5, -4.0)
Boid Radius= 10
Boid Frame=
 -0.92075	-0.34656	0.17923	-3.46556
-0.22476	0.84662	0.48240	8.46625
0.31892	-0.40389	0.85742	-4.03888
0.00000	0.00000	0.00000	1.00000

boidNo = 8
boid Wall No = 1
position = = (-2.9, 9.0, -3.2)
Boid Radius= 10
Boid Frame=
 -0.79076	-0.29317	0.53735	-2.93166
-0.03711	0.89919	0.43597	8.99194
0.61100	-0.32481	0.72193	-3.24813
0.00000	0.00000	0.00000	1.00000

boidNo = 9
boid Wall No = 0
position = = (-3.1, -6.9, 6.6)
Boid Radius= 10
Boid Frame=
 0.81732	-0.30876	0.48646	-3.08764
-0.54580	-0.68542	0.48197	-6.85422
-0.18462	0.65944	0.72873	6.59441
0.00000	0.00000	0.00000	1.00000

boidNo = 10
boid Wall No = 1
position = = (6.6, 6.7, -3.3)
Boid Radius= 10
Boid Frame=
 -0.02400	0.66114	-0.74988	6.61141
-0.42536	0.67206	0.60614	6.72058
-0.90471	-0.33351	-0.26509	-3.33513
0.00000	0.00000	0.00000	1.00000

boidNo = 11
boid Wall No = 0
position = = (0.1, -10.0, 0.7)
Boid Radius= 10
Boid Frame=
 0.99986	0.00530	0.01617	0.05299
0.00410	-0.99729	0.07348	-9.97288
-0.01652	0.07340	0.99717	0.73402
0.00000	0.00000	0.00000	1.00000

boidNo = 12
boid Wall No = 1
position = = (7.9, 0.9, 6.1)
Boid Radius= 9.999999
Boid Frame=
 0.50802	0.78864	0.34636	7.88637
-0.65401	0.09149	0.75093	0.91492
-0.56052	0.60801	-0.56226	6.08013
0.00000	0.00000	0.00000	1.00000

boidNo = 13
boid Wall No = 1
position = = (1.7, 4.4, -8.8)
Boid Radius= 10
Boid Frame=
 -0.75538	0.17363	-0.63187	1.73633
-0.51373	0.44170	0.73552	4.41698
-0.40681	-0.88020	0.24445	-8.80202
0.00000	0.00000	0.00000	1.00000

boidNo = 14
boid Wall No = 0
position = = (-0.1, -10.0, -0.6)
Boid Radius= 10
Boid Frame=
 -0.98553	-0.01208	-0.16909	-0.12076
0.00119	-0.99793	0.06434	-9.97927
0.16951	-0.06321	-0.98350	-0.63207
0.00000	0.00000	0.00000	1.00000

boidNo = 15
boid Wall No = 0
position = = (-9.8, -1.2, 1.7)
Boid Radius= 10
Boid Frame=
 0.17369	-0.97903	0.10647	-9.79029
-0.90632	-0.11661	0.40619	-1.16612
0.38526	0.16705	0.90756	1.67046
0.00000	0.00000	0.00000	1.00000

boidNo = 16
boid Wall No = 0
position = = (8.8, -4.3, -1.9)
Boid Radius= 10
Boid Frame=
 -0.42155	0.87995	0.21903	8.79954
-0.52593	-0.43402	0.73145	-4.34021
-0.73871	-0.19315	-0.64576	-1.93149
0.00000	0.00000	0.00000	1.00000

boidNo = 17
boid Wall No = 0
position = = (4.7, -7.3, 5.0)
Boid Radius= 10
Boid Frame=
 0.58017	0.46755	0.66693	4.67554
-0.17164	-0.73025	0.66126	-7.30253
-0.79620	0.49812	0.34342	4.98121
0.00000	0.00000	0.00000	1.00000

boidNo = 18
boid Wall No = 0
position = = (8.3, -2.0, -5.2)
Boid Radius= 9.999999
Boid Frame=
 -0.52789	0.83159	-0.17259	8.31594
-0.57997	-0.20450	0.78855	-2.04501
-0.62046	-0.51636	-0.59025	-5.16362
0.00000	0.00000	0.00000	1.00000

boidNo = 19
boid Wall No = 0
position = = (0.5, -9.5, -3.0)
Boid Radius= 10
Boid Frame=
 -0.99866	0.04557	0.02458	0.45566
-0.03610	-0.95319	0.30022	-9.53187
-0.03711	-0.29893	-0.95355	-2.98928
0.00000	0.00000	0.00000	1.00000

