Iteration Num of Simuation:0
m_SimulationDeltaT of action plan:0
boidNo = 0
boid Wall No = 1
position = = (1.2, 9.5, 2.9)
Boid Radius= 10
Boid Frame=
 0.97037	0.11956	-0.20996	1.19563
-0.04882	0.94808	0.31425	9.48083
-0.23663	0.29469	-0.92583	2.94693
0.00000	0.00000	0.00000	1.00000

boidNo = 1
boid Wall No = 0
position = = (8.8, -1.2, -4.7)
Boid Radius= 10
Boid Frame=
 -0.44796	0.87524	-0.18245	8.75239
-0.55973	-0.11542	0.82059	-1.15422
-0.69716	-0.46972	-0.54161	-4.69718
0.00000	0.00000	0.00000	1.00000

boidNo = 2
boid Wall No = 0
position = = (0.2, -9.1, 4.2)
Boid Radius= 9.999999
Boid Frame=
 0.98247	0.02217	-0.18511	0.22169
0.09788	-0.90639	0.41095	-9.06390
0.15867	0.42186	0.89267	4.21860
0.00000	0.00000	0.00000	1.00000

boidNo = 3
boid Wall No = 1
position = = (-4.5, 5.6, -7.0)
Boid Radius= 10
Boid Frame=
 -0.78868	-0.44783	-0.42122	-4.47832
-0.61461	0.55745	0.55812	5.57449
0.01514	-0.69907	0.71489	-6.99068
0.00000	0.00000	0.00000	1.00000

boidNo = 4
boid Wall No = 0
position = = (6.7, -7.1, 2.1)
Boid Radius= 10
Boid Frame=
 0.12351	0.66916	0.73278	6.69164
-0.17718	-0.71170	0.67978	-7.11698
-0.97640	0.21379	-0.03066	2.13789
0.00000	0.00000	0.00000	1.00000

boidNo = 5
boid Wall No = 1
position = = (1.3, 9.8, 1.5)
Boid Radius= 10
Boid Frame=
 0.94610	0.12890	-0.29713	1.28896
-0.07546	0.97987	0.18480	9.79874
-0.31497	0.15242	-0.93678	1.52421
0.00000	0.00000	0.00000	1.00000

boidNo = 6
boid Wall No = 0
position = = (7.8, -2.1, -5.9)
Boid Radius= 10
Boid Frame=
 -0.05981	0.77779	-0.62568	7.77788
-0.96178	-0.21270	-0.17247	-2.12695
0.26722	-0.59145	-0.76078	-5.91445
0.00000	0.00000	0.00000	1.00000

boidNo = 7
boid Wall No = 1
position = = (-2.8, 7.9, -5.5)
Boid Radius= 10
Boid Frame=
 -0.94516	-0.28000	-0.16817	-2.80002
-0.32626	0.78514	0.52641	7.85142
0.01536	-0.55240	0.83343	-5.52405
0.00000	0.00000	0.00000	1.00000

boidNo = 8
boid Wall No = 1
position = = (8.1, 4.6, 3.5)
Boid Radius= 10
Boid Frame=
 0.57001	0.81473	0.10633	8.14732
-0.74669	0.45965	0.48082	4.59647
-0.34286	0.35346	-0.87035	3.53465
0.00000	0.00000	0.00000	1.00000

boidNo = 9
boid Wall No = 0
position = = (7.0, -5.8, 4.1)
Boid Radius= 10
Boid Frame=
 0.27165	0.70312	0.65714	7.03117
-0.31278	-0.58124	0.75121	-5.81245
-0.91015	0.40961	-0.06203	4.09610
0.00000	0.00000	0.00000	1.00000

boidNo = 10
boid Wall No = 1
position = = (0.5, 10.0, 0.5)
Boid Radius= 10
Boid Frame=
 0.34320	0.05163	-0.93784	0.51626
0.02778	0.99749	0.06508	9.97494
-0.93885	0.04839	-0.34091	0.48388
0.00000	0.00000	0.00000	1.00000

boidNo = 11
boid Wall No = 0
position = = (-5.8, -8.1, -1.0)
Boid Radius= 10
Boid Frame=
 -0.10530	-0.58428	-0.80469	-5.84283
-0.04265	-0.80579	0.59066	-8.05791
0.99353	-0.09652	-0.05993	-0.96516
0.00000	0.00000	0.00000	1.00000

boidNo = 12
boid Wall No = 0
position = = (-6.9, -2.9, -6.6)
Boid Radius= 10
Boid Frame=
 0.07455	-0.69426	-0.71585	-6.94264
-0.93859	-0.29135	0.18481	-2.91350
0.33687	-0.65811	0.67335	-6.58113
0.00000	0.00000	0.00000	1.00000

boidNo = 13
boid Wall No = 0
position = = (-9.9, -1.0, -0.9)
Boid Radius= 10
Boid Frame=
 -0.01877	-0.99006	-0.13938	-9.90061
-0.56450	-0.10457	0.81879	-1.04568
0.82522	-0.09404	0.55692	-0.94044
0.00000	0.00000	0.00000	1.00000

boidNo = 14
boid Wall No = 0
position = = (0.8, -9.6, 2.6)
Boid Radius= 10
Boid Frame=
 0.99660	0.08086	0.01557	0.80861
0.07398	-0.96220	0.26210	-9.62201
-0.03617	0.26006	0.96491	2.60059
0.00000	0.00000	0.00000	1.00000

boidNo = 15
boid Wall No = 1
position = = (0.9, 9.8, 1.8)
Boid Radius= 10
Boid Frame=
 0.70983	0.08689	-0.69899	0.86885
0.06769	0.97936	0.19048	9.79355
-0.70111	0.18252	-0.68930	1.82523
0.00000	0.00000	0.00000	1.00000

boidNo = 16
boid Wall No = 1
position = = (1.8, 2.1, -9.6)
Boid Radius= 10
Boid Frame=
 -0.74001	0.18316	-0.64718	1.83164
-0.61304	0.21219	0.76103	2.12194
-0.27672	-0.95991	0.04474	-9.59909
0.00000	0.00000	0.00000	1.00000

boidNo = 17
boid Wall No = 0
position = = (3.8, -8.2, -4.2)
Boid Radius= 10
Boid Frame=
 -0.28750	0.38081	-0.87882	3.80808
-0.53765	-0.82352	-0.18095	-8.23520
0.79264	-0.42048	-0.44151	-4.20477
0.00000	0.00000	0.00000	1.00000

boidNo = 18
boid Wall No = 1
position = = (-7.6, 5.1, -4.1)
Boid Radius= 10
Boid Frame=
 -0.64828	-0.75712	0.08058	-7.57123
-0.50410	0.50611	0.69981	5.06114
0.57062	-0.41305	0.70977	-4.13053
0.00000	0.00000	0.00000	1.00000

boidNo = 19
boid Wall No = 1
position = = (1.3, 9.6, 2.6)
Boid Radius= 10
Boid Frame=
 0.97846	0.12997	0.16037	1.29974
-0.16598	0.95726	0.23687	9.57258
0.12273	0.25839	-0.95821	2.58389
0.00000	0.00000	0.00000	1.00000

