Iteration Num of Simuation:0
m_SimulationDeltaT of action plan:0
boidNo = 0
boid Wall No = 1
position = = (0.9, 9.8, -2.0)
Boid Radius= 10
Boid Frame=
 -0.40820	0.08521	-0.90891	0.85207
-0.14920	0.97602	0.15851	9.76020
-0.90062	-0.20031	0.38570	-2.00312
0.00000	0.00000	0.00000	1.00000

boidNo = 1
boid Wall No = 0
position = = (-1.3, -9.9, 0.5)
Boid Radius= 10
Boid Frame=
 0.45138	-0.12539	-0.88348	-1.25386
-0.01218	-0.99085	0.13440	-9.90852
0.89225	0.04990	0.44877	0.49900
0.00000	0.00000	0.00000	1.00000

boidNo = 2
boid Wall No = 0
position = = (9.8, -2.1, -0.4)
Boid Radius= 10
Boid Frame=
 -0.15077	0.97734	0.14855	9.77344
-0.53563	-0.20706	0.81867	-2.07061
-0.83088	-0.04386	-0.55471	-0.43859
0.00000	0.00000	0.00000	1.00000

boidNo = 3
boid Wall No = 1
position = = (4.2, 8.7, 2.6)
Boid Radius= 10
Boid Frame=
 0.80041	0.41694	-0.43070	4.16940
-0.21761	0.87157	0.43932	8.71575
-0.55855	0.25791	-0.78835	2.57914
0.00000	0.00000	0.00000	1.00000

boidNo = 4
boid Wall No = 0
position = = (5.2, -8.5, -1.0)
Boid Radius= 10
Boid Frame=
 -0.13006	0.51747	0.84576	5.17470
0.03663	-0.84991	0.52565	-8.49915
-0.99083	-0.09935	-0.09159	-0.99346
0.00000	0.00000	0.00000	1.00000

boidNo = 5
boid Wall No = 1
position = = (1.6, 9.4, 3.0)
Boid Radius= 9.999999
Boid Frame=
 0.94973	0.15701	0.27086	1.57007
-0.22693	0.94126	0.25006	9.41262
0.21569	0.29896	-0.92957	2.98957
0.00000	0.00000	0.00000	1.00000

boidNo = 6
boid Wall No = 1
position = = (-5.4, 5.3, -6.6)
Boid Radius= 10
Boid Frame=
 -0.80394	-0.53973	-0.24976	-5.39726
-0.55428	0.52780	0.64358	5.27804
0.21553	-0.65584	0.72348	-6.55835
0.00000	0.00000	0.00000	1.00000

boidNo = 7
boid Wall No = 1
position = = (-1.9, 8.1, -5.6)
Boid Radius= 10
Boid Frame=
 -0.93793	-0.18694	-0.29212	-1.86940
-0.31567	0.80901	0.49583	8.09013
-0.14364	-0.55727	0.81781	-5.57272
0.00000	0.00000	0.00000	1.00000

boidNo = 8
boid Wall No = 1
position = = (6.0, 7.9, 1.3)
Boid Radius= 10
Boid Frame=
 0.49041	0.60221	-0.62996	6.02206
-0.23535	0.78751	0.56960	7.87507
-0.83911	0.13107	-0.52793	1.31074
0.00000	0.00000	0.00000	1.00000

boidNo = 9
boid Wall No = 1
position = = (-9.6, 2.9, 0.5)
Boid Radius= 10
Boid Frame=
 -0.21514	-0.95601	0.19938	-9.56013
-0.81474	0.28827	0.50309	2.88271
0.53844	0.05421	0.84092	0.54208
0.00000	0.00000	0.00000	1.00000

boidNo = 10
boid Wall No = 0
position = = (7.8, -4.3, -4.5)
Boid Radius= 10
Boid Frame=
 -0.44148	0.78121	-0.44137	7.81212
-0.89353	-0.42765	0.13682	-4.27648
0.08187	-0.45478	-0.88683	-4.54779
0.00000	0.00000	0.00000	1.00000

boidNo = 11
boid Wall No = 0
position = = (0.1, -1.3, 9.9)
Boid Radius= 10
Boid Frame=
 0.82742	0.00533	0.56156	0.05333
-0.55661	-0.12507	0.82131	-1.25075
-0.07462	0.99213	0.10052	9.92133
0.00000	0.00000	0.00000	1.00000

boidNo = 12
boid Wall No = 0
position = = (6.8, -7.3, -0.7)
Boid Radius= 10
Boid Frame=
 -0.60910	0.68036	0.40755	6.80365
-0.50873	-0.72940	0.45735	-7.29403
-0.60843	-0.07124	-0.79040	-0.71237
0.00000	0.00000	0.00000	1.00000

boidNo = 13
boid Wall No = 0
position = = (-1.6, -4.7, -8.7)
Boid Radius= 10
Boid Frame=
 -0.71282	-0.16001	-0.68285	-1.60007
-0.55097	-0.47466	0.68638	-4.74665
0.43395	-0.86550	-0.25019	-8.65501
0.00000	0.00000	0.00000	1.00000

boidNo = 14
boid Wall No = 1
position = = (9.5, 1.7, -2.5)
Boid Radius= 10
Boid Frame=
 -0.01934	0.95316	-0.30186	9.53155
-0.79362	0.16900	0.58448	1.68996
-0.60811	-0.25087	-0.75317	-2.50869
0.00000	0.00000	0.00000	1.00000

boidNo = 15
boid Wall No = 0
position = = (2.7, -9.6, 0.2)
Boid Radius= 10
Boid Frame=
 0.17784	0.27332	0.94534	2.73321
0.02744	-0.96166	0.27288	-9.61658
-0.98368	0.02259	0.17852	0.22589
0.00000	0.00000	0.00000	1.00000

boidNo = 16
boid Wall No = 0
position = = (-1.8, -9.7, -1.6)
Boid Radius= 10
Boid Frame=
 -0.56988	-0.18354	-0.80097	-1.83543
-0.02824	-0.96979	0.24232	-9.69785
0.82124	-0.16071	-0.54748	-1.60712
0.00000	0.00000	0.00000	1.00000

boidNo = 17
boid Wall No = 1
position = = (-3.2, 4.0, 8.6)
Boid Radius= 10
Boid Frame=
 0.54509	-0.32378	0.77333	-3.23780
-0.66211	0.39959	0.63399	3.99589
0.51429	0.85761	-0.00344	8.57610
0.00000	0.00000	0.00000	1.00000

boidNo = 18
boid Wall No = 1
position = = (0.7, 4.5, 8.9)
Boid Radius= 9.999999
Boid Frame=
 0.60537	0.06702	0.79312	0.67022
-0.72925	0.44598	0.51893	4.45978
0.31893	0.89253	-0.31886	8.92531
0.00000	0.00000	0.00000	1.00000

boidNo = 19
boid Wall No = 1
position = = (0.8, 9.0, -4.3)
Boid Radius= 10
Boid Frame=
 -0.21252	0.07702	-0.97412	0.77024
-0.40737	0.89914	0.15997	8.99141
-0.88819	-0.43083	0.15971	-4.30828
0.00000	0.00000	0.00000	1.00000

