Iteration Num of Simuation:0
m_SimulationDeltaT of action plan:0
boidNo = 0
boid Wall No = 0
position = = (4.0, -9.2, -0.4)
Boid Radius= 10
Boid Frame=
 -0.02179	0.39556	0.91818	3.95562
0.02964	-0.91774	0.39608	-9.17740
-0.99932	-0.03585	-0.00827	-0.35847
0.00000	0.00000	0.00000	1.00000

boidNo = 1
boid Wall No = 1
position = = (-1.2, 9.2, 3.8)
Boid Radius= 10
Boid Frame=
 0.20313	-0.12023	0.97174	-1.20229
-0.35110	0.91749	0.18691	9.17491
0.91404	0.37915	-0.14416	3.79150
0.00000	0.00000	0.00000	1.00000

boidNo = 2
boid Wall No = 0
position = = (0.2, -2.8, -9.6)
Boid Radius= 10
Boid Frame=
 -0.79770	0.02486	-0.60254	0.24862
-0.58383	-0.28208	0.76130	-2.82078
0.15103	-0.95907	-0.23953	-9.59069
0.00000	0.00000	0.00000	1.00000

boidNo = 3
boid Wall No = 0
position = = (0.0, -10.0, -0.2)
Boid Radius= 10
Boid Frame=
 -0.96388	0.00412	0.26631	0.04119
0.00004	-0.99988	0.01560	-9.99878
-0.26634	-0.01505	-0.96376	-0.15050
0.00000	0.00000	0.00000	1.00000

boidNo = 4
boid Wall No = 1
position = = (-3.3, 9.3, 1.9)
Boid Radius= 10
Boid Frame=
 0.48403	-0.32642	0.81189	-3.26415
-0.00571	0.92662	0.37595	9.26623
0.87503	0.18661	-0.44665	1.86609
0.00000	0.00000	0.00000	1.00000

boidNo = 5
boid Wall No = 1
position = = (-9.7, 0.1, 2.5)
Boid Radius= 10
Boid Frame=
 0.13328	-0.96860	0.20987	-9.68602
-0.81160	0.01487	0.58403	0.14867
0.56881	0.24817	0.78413	2.48173
0.00000	0.00000	0.00000	1.00000

boidNo = 6
boid Wall No = 0
position = = (2.7, -9.3, -2.6)
Boid Radius= 10
Boid Frame=
 -0.89772	0.26935	0.34864	2.69348
-0.14441	-0.92753	0.34473	-9.27527
-0.41623	-0.25912	-0.87156	-2.59123
0.00000	0.00000	0.00000	1.00000

boidNo = 7
boid Wall No = 0
position = = (-2.2, -3.8, -9.0)
Boid Radius= 9.999999
Boid Frame=
 -0.77689	-0.22107	-0.58955	-2.21071
-0.48949	-0.37688	0.78636	-3.76876
0.39603	-0.89950	-0.18458	-8.99495
0.00000	0.00000	0.00000	1.00000

boidNo = 8
boid Wall No = 1
position = = (4.4, 9.0, 0.4)
Boid Radius= 10
Boid Frame=
 0.62453	0.43544	-0.64835	4.35443
-0.27108	0.89940	0.34293	8.99397
-0.73245	0.03841	-0.67974	0.38412
0.00000	0.00000	0.00000	1.00000

boidNo = 9
boid Wall No = 1
position = = (0.9, 1.5, 9.8)
Boid Radius= 10
Boid Frame=
 0.72654	0.09491	0.68054	0.94913
-0.68628	0.14940	0.71183	1.49400
0.03411	0.98421	-0.17368	9.84211
0.00000	0.00000	0.00000	1.00000

boidNo = 10
boid Wall No = 1
position = = (1.5, 9.8, 1.4)
Boid Radius= 10
Boid Frame=
 0.57913	0.15236	-0.80087	1.52365
0.02930	0.97785	0.20723	9.77854
-0.81471	0.14348	-0.56184	1.43479
0.00000	0.00000	0.00000	1.00000

boidNo = 11
boid Wall No = 0
position = = (1.7, -7.7, 6.1)
Boid Radius= 10
Boid Frame=
 0.93757	0.17364	0.30135	1.73642
-0.06134	-0.77031	0.63471	-7.70315
-0.34235	0.61357	0.71157	6.13567
0.00000	0.00000	0.00000	1.00000

boidNo = 12
boid Wall No = 0
position = = (4.1, -9.0, -1.1)
Boid Radius= 10
Boid Frame=
 0.00593	0.41424	0.91015	4.14237
0.12182	-0.90369	0.41050	-9.03686
-0.99253	-0.10844	0.05583	-1.08441
0.00000	0.00000	0.00000	1.00000

boidNo = 13
boid Wall No = 1
position = = (0.9, 9.5, -3.0)
Boid Radius= 10
Boid Frame=
 -0.21576	0.08761	-0.97251	0.87607
-0.27702	0.94955	0.14700	9.49553
-0.93633	-0.30112	0.18061	-3.01120
0.00000	0.00000	0.00000	1.00000

boidNo = 14
boid Wall No = 1
position = = (-6.1, 5.8, -5.4)
Boid Radius= 10
Boid Frame=
 -0.78165	-0.60901	-0.13464	-6.09011
-0.55589	0.58233	0.59318	5.82335
0.28285	-0.53851	0.79373	-5.38509
0.00000	0.00000	0.00000	1.00000

boidNo = 15
boid Wall No = 1
position = = (-9.8, 0.7, -1.6)
Boid Radius= 10
Boid Frame=
 -0.15709	-0.98394	-0.08477	-9.83940
-0.77561	0.06978	0.62734	0.69777
0.61135	-0.16430	0.77412	-1.64297
0.00000	0.00000	0.00000	1.00000

boidNo = 16
boid Wall No = 0
position = = (-7.5, -1.4, -6.4)
Boid Radius= 10
Boid Frame=
 -0.17278	-0.75413	-0.63358	-7.54133
-0.89927	-0.14163	0.41382	-1.41634
0.40181	-0.64127	0.65370	-6.41267
0.00000	0.00000	0.00000	1.00000

boidNo = 17
boid Wall No = 1
position = = (-1.5, 9.8, 1.4)
Boid Radius= 10
Boid Frame=
 0.87833	-0.14925	0.45415	-1.49250
0.06386	0.97813	0.19795	9.78130
0.47377	0.14487	-0.86865	1.44865
0.00000	0.00000	0.00000	1.00000

boidNo = 18
boid Wall No = 1
position = = (9.7, 0.2, -2.4)
Boid Radius= 10
Boid Frame=
 -0.15480	0.97111	-0.18159	9.71114
-0.71316	0.01736	0.70078	0.17355
-0.68369	-0.23798	-0.68988	-2.37984
0.00000	0.00000	0.00000	1.00000

boidNo = 19
boid Wall No = 0
position = = (-4.7, -4.6, 7.5)
Boid Radius= 10
Boid Frame=
 0.83846	-0.47137	0.27351	-4.71366
-0.49711	-0.45584	0.73830	-4.55844
0.22333	0.75500	0.61652	7.54996
0.00000	0.00000	0.00000	1.00000

