Iteration Num of Simuation:0
m_SimulationDeltaT of action plan:0
boidNo = 0
boid Wall No = 0
position = = (2.2, -8.5, -4.8)
Boid Radius= 10
Boid Frame=
 -0.96796	0.21970	0.12157	2.19704
-0.12779	-0.84780	0.51468	-8.47804
-0.21614	-0.48266	-0.84872	-4.82659
0.00000	0.00000	0.00000	1.00000

boidNo = 1
boid Wall No = 1
position = = (-9.9, 1.0, 0.4)
Boid Radius= 10
Boid Frame=
 -0.04129	-0.99452	0.09609	-9.94516
-0.67885	0.09849	0.72765	0.98486
0.73312	0.03519	0.67919	0.35186
0.00000	0.00000	0.00000	1.00000

boidNo = 2
boid Wall No = 0
position = = (2.3, -9.3, -2.9)
Boid Radius= 9.999999
Boid Frame=
 -0.62507	0.23465	0.74447	2.34648
0.08231	-0.92862	0.36180	-9.28617
-0.77622	-0.28742	-0.56113	-2.87422
0.00000	0.00000	0.00000	1.00000

boidNo = 3
boid Wall No = 0
position = = (-5.1, -8.3, -2.4)
Boid Radius= 10
Boid Frame=
 -0.50505	-0.50631	-0.69898	-5.06314
0.05407	-0.82683	0.55985	-8.26826
0.86139	-0.24496	-0.44497	-2.44961
0.00000	0.00000	0.00000	1.00000

boidNo = 4
boid Wall No = 1
position = = (-8.2, 1.5, -5.5)
Boid Radius= 10
Boid Frame=
 -0.42682	-0.82169	-0.37769	-8.21690
-0.80202	0.15098	0.57790	1.50978
0.41783	-0.54957	0.72345	-5.49574
0.00000	0.00000	0.00000	1.00000

boidNo = 5
boid Wall No = 1
position = = (-3.7, 1.1, -9.2)
Boid Radius= 10
Boid Frame=
 -0.70059	-0.36925	-0.61059	-3.69252
-0.68534	0.10994	0.71987	1.09944
0.19868	-0.92280	0.33009	-9.22803
0.00000	0.00000	0.00000	1.00000

boidNo = 6
boid Wall No = 0
position = = (-2.1, -3.1, 9.3)
Boid Radius= 10
Boid Frame=
 0.86654	-0.20581	0.45471	-2.05813
-0.49845	-0.30994	0.80962	-3.09937
0.02570	0.92821	0.37116	9.28214
0.00000	0.00000	0.00000	1.00000

boidNo = 7
boid Wall No = 0
position = = (5.1, -7.0, -5.0)
Boid Radius= 10
Boid Frame=
 -0.83766	0.51378	0.18537	5.13777
-0.28372	-0.69930	0.65611	-6.99298
-0.46672	-0.49701	-0.73154	-4.97006
0.00000	0.00000	0.00000	1.00000

boidNo = 8
boid Wall No = 0
position = = (-2.0, -9.7, -1.3)
Boid Radius= 10
Boid Frame=
 -0.84536	-0.19981	-0.49542	-1.99812
0.10586	-0.97168	0.21127	-9.71679
0.52360	-0.12615	-0.84257	-1.26154
0.00000	0.00000	0.00000	1.00000

boidNo = 9
boid Wall No = 0
position = = (-4.8, -5.3, -6.9)
Boid Radius= 10
Boid Frame=
 -0.56860	-0.48347	-0.66554	-4.83468
-0.41048	-0.53438	0.73888	-5.34377
0.71288	-0.69333	-0.10539	-6.93326
0.00000	0.00000	0.00000	1.00000

boidNo = 10
boid Wall No = 1
position = = (-6.2, 7.7, -1.2)
Boid Radius= 9.999999
Boid Frame=
 -0.68916	-0.62384	0.36862	-6.23835
-0.46839	0.77168	0.43027	7.71678
0.55287	-0.12387	0.82401	-1.23865
0.00000	0.00000	0.00000	1.00000

boidNo = 11
boid Wall No = 0
position = = (-6.0, -4.9, 6.4)
Boid Radius= 9.999999
Boid Frame=
 0.79953	-0.59588	0.07543	-5.95877
-0.43632	-0.48990	0.75473	-4.89901
0.41278	0.63634	0.65168	6.36339
0.00000	0.00000	0.00000	1.00000

boidNo = 12
boid Wall No = 1
position = = (-9.9, 0.9, 0.8)
Boid Radius= 10
Boid Frame=
 -0.01374	-0.99288	0.11831	-9.92882
-0.74144	0.08950	0.66502	0.89499
0.67088	0.07858	0.73739	0.78581
0.00000	0.00000	0.00000	1.00000

boidNo = 13
boid Wall No = 1
position = = (6.8, 4.9, 5.5)
Boid Radius= 10
Boid Frame=
 0.71775	0.68242	0.13834	6.82422
-0.58757	0.48699	0.64622	4.86991
-0.37362	0.54511	-0.75051	5.45106
0.00000	0.00000	0.00000	1.00000

boidNo = 14
boid Wall No = 1
position = = (-1.6, 9.8, -1.6)
Boid Radius= 10
Boid Frame=
 -0.97706	-0.15544	-0.14558	-1.55442
-0.17520	0.97530	0.13449	9.75304
-0.12108	-0.15691	0.98016	-1.56911
0.00000	0.00000	0.00000	1.00000

boidNo = 15
boid Wall No = 0
position = = (-1.0, -7.3, -6.7)
Boid Radius= 10
Boid Frame=
 -0.93996	-0.09887	-0.32664	-0.98873
-0.15361	-0.73210	0.66365	-7.32104
0.30475	-0.67398	-0.67296	-6.73979
0.00000	0.00000	0.00000	1.00000

boidNo = 16
boid Wall No = 0
position = = (0.8, -9.9, 0.9)
Boid Radius= 10
Boid Frame=
 0.65911	0.08136	0.74763	0.81363
-0.01045	-0.99304	0.11728	-9.93044
-0.75197	0.08512	0.65368	0.85116
0.00000	0.00000	0.00000	1.00000

boidNo = 17
boid Wall No = 1
position = = (-8.1, 5.9, -0.3)
Boid Radius= 10
Boid Frame=
 -0.37978	-0.80814	0.45020	-8.08137
-0.48573	0.58838	0.64643	5.88383
0.78729	-0.02682	0.61599	-0.26823
0.00000	0.00000	0.00000	1.00000

boidNo = 18
boid Wall No = 0
position = = (0.9, -9.9, 0.5)
Boid Radius= 10
Boid Frame=
 0.34420	0.09001	0.93457	0.90010
-0.01378	-0.99480	0.10089	-9.94803
-0.93880	0.04760	0.34117	0.47601
0.00000	0.00000	0.00000	1.00000

boidNo = 19
boid Wall No = 0
position = = (-9.7, -2.4, 0.4)
Boid Radius= 10
Boid Frame=
 0.21765	-0.96917	-0.11547	-9.69172
-0.77277	-0.24338	0.58617	-2.43381
0.59620	0.03835	0.80192	0.38348
0.00000	0.00000	0.00000	1.00000

