Iteration Num of Simuation:0
m_SimulationDeltaT of action plan:0
boidNo = 0
boid Wall No = 1
position = = (4.7, 7.3, 4.9)
Boid Radius= 10
Boid Frame=
 0.85324	0.46947	0.22712	4.69467
-0.51989	0.73128	0.44153	7.31277
-0.04120	0.49481	-0.86802	4.94808
0.00000	0.00000	0.00000	1.00000

boidNo = 1
boid Wall No = 0
position = = (0.5, -9.9, 1.5)
Boid Radius= 10
Boid Frame=
 0.93866	0.04870	0.34139	0.48704
-0.00444	-0.98819	0.15319	-9.88187
-0.34482	0.14531	0.92735	1.45311
0.00000	0.00000	0.00000	1.00000

boidNo = 2
boid Wall No = 1
position = = (2.6, 8.7, 4.2)
Boid Radius= 10
Boid Frame=
 0.90650	0.26253	-0.33066	2.62535
-0.07507	0.87091	0.48567	8.70910
-0.41548	0.41544	-0.80919	4.15441
0.00000	0.00000	0.00000	1.00000

boidNo = 3
boid Wall No = 0
position = = (0.9, -10.0, 0.1)
Boid Radius= 10
Boid Frame=
 0.03717	0.09227	0.99504	0.92268
-0.01062	-0.99564	0.09272	-9.95636
-0.99925	0.01401	0.03603	0.14011
0.00000	0.00000	0.00000	1.00000

boidNo = 4
boid Wall No = 0
position = = (-2.3, -2.3, 9.5)
Boid Radius= 10
Boid Frame=
 0.53026	-0.22724	0.81682	-2.27237
-0.84450	-0.22696	0.48509	-2.26965
-0.07516	0.94702	0.31225	9.47022
0.00000	0.00000	0.00000	1.00000

boidNo = 5
boid Wall No = 1
position = = (-0.5, 9.9, 1.2)
Boid Radius= 10
Boid Frame=
 0.81477	-0.04654	0.57791	-0.46538
-0.03282	0.99147	0.12611	9.91473
0.57885	0.12172	-0.80630	1.21721
0.00000	0.00000	0.00000	1.00000

boidNo = 6
boid Wall No = 1
position = = (8.5, 5.1, 1.0)
Boid Radius= 10
Boid Frame=
 0.37739	0.85204	-0.36277	8.52041
-0.46323	0.51290	0.72274	5.12896
-0.80187	0.10470	-0.58825	1.04705
0.00000	0.00000	0.00000	1.00000

boidNo = 7
boid Wall No = 0
position = = (3.3, -5.7, -7.5)
Boid Radius= 9.999999
Boid Frame=
 -0.92363	0.32670	-0.20045	3.26699
-0.36226	-0.57319	0.73500	-5.73187
-0.12523	-0.75148	-0.64776	-7.51482
0.00000	0.00000	0.00000	1.00000

boidNo = 8
boid Wall No = 0
position = = (-1.5, -7.2, -6.8)
Boid Radius= 10
Boid Frame=
 -0.92493	-0.15336	-0.34784	-1.53356
-0.13587	-0.72122	0.67925	-7.21221
0.35504	-0.67552	-0.64624	-6.75516
0.00000	0.00000	0.00000	1.00000

boidNo = 9
boid Wall No = 0
position = = (8.8, -4.0, 2.4)
Boid Radius= 10
Boid Frame=
 0.04182	0.88457	0.46453	8.84571
-0.45303	-0.39760	0.79792	-3.97603
-0.89051	0.24382	-0.38411	2.43816
0.00000	0.00000	0.00000	1.00000

boidNo = 10
boid Wall No = 1
position = = (-0.3, 9.9, -1.4)
Boid Radius= 10
Boid Frame=
 -0.80007	-0.02529	0.59938	-0.25285
0.06418	0.98977	0.12742	9.89771
0.59647	-0.14041	0.79026	-1.40411
0.00000	0.00000	0.00000	1.00000

boidNo = 11
boid Wall No = 0
position = = (6.3, -7.5, 1.9)
Boid Radius= 10
Boid Frame=
 0.01829	0.62747	0.77842	6.27474
-0.23207	-0.75463	0.61374	-7.54627
-0.97253	0.19187	-0.13181	1.91872
0.00000	0.00000	0.00000	1.00000

boidNo = 12
boid Wall No = 0
position = = (-3.5, -8.7, 3.4)
Boid Radius= 10
Boid Frame=
 0.82059	-0.34852	-0.45296	-3.48519
-0.10986	-0.87396	0.47342	-8.73957
0.56087	0.33872	0.75544	3.38723
0.00000	0.00000	0.00000	1.00000

boidNo = 13
boid Wall No = 1
position = = (-10.0, 0.3, 0.6)
Boid Radius= 9.999999
Boid Frame=
 0.01142	-0.99786	0.06432	-9.97864
-0.80037	0.02943	0.59878	0.29432
0.59940	0.05832	0.79833	0.58320
0.00000	0.00000	0.00000	1.00000

boidNo = 14
boid Wall No = 0
position = = (7.9, -5.9, 1.4)
Boid Radius= 9.999999
Boid Frame=
 -0.15280	0.79435	0.58792	7.94354
-0.42041	-0.59064	0.68876	-5.90642
-0.89437	0.14193	-0.42421	1.41927
0.00000	0.00000	0.00000	1.00000

boidNo = 15
boid Wall No = 1
position = = (0.0, 10.0, 0.6)
Boid Radius= 10
Boid Frame=
 1.00000	0.00024	-0.00181	0.00236
-0.00012	0.99801	0.06313	9.98006
-0.00182	0.06313	-0.99800	0.63127
0.00000	0.00000	0.00000	1.00000

boidNo = 16
boid Wall No = 1
position = = (-0.4, 0.6, -10.0)
Boid Radius= 10
Boid Frame=
 -0.53780	-0.04477	-0.84189	-0.44771
-0.84253	0.06439	0.53479	0.64385
-0.03026	-0.99692	0.07235	-9.96920
0.00000	0.00000	0.00000	1.00000

boidNo = 17
boid Wall No = 1
position = = (-9.6, 0.0, -2.9)
Boid Radius= 10
Boid Frame=
 -0.18199	-0.95783	-0.22237	-9.57826
-0.77960	0.00273	0.62627	0.02728
0.59925	-0.28734	0.74722	-2.87338
0.00000	0.00000	0.00000	1.00000

boidNo = 18
boid Wall No = 0
position = = (1.0, -9.9, 1.0)
Boid Radius= 9.999999
Boid Frame=
 0.57113	0.10461	0.81417	1.04609
-0.02074	-0.98969	0.14171	-9.89691
-0.82060	0.09782	0.56307	0.97820
0.00000	0.00000	0.00000	1.00000

boidNo = 19
boid Wall No = 0
position = = (0.0, -7.3, -6.9)
Boid Radius= 10
Boid Frame=
 -0.94266	-0.00191	-0.33374	-0.01910
-0.22798	-0.72664	0.64809	-7.26635
0.24375	-0.68702	-0.68454	-6.87021
0.00000	0.00000	0.00000	1.00000

