Iteration Num of Simuation:0
m_SimulationDeltaT of action plan:0
boidNo = 0
boid Wall No = 0
position = = (0.7, -9.2, -3.9)
Boid Radius= 10
Boid Frame=
 -0.94296	0.07176	0.32508	0.71765
0.06454	-0.91855	0.39000	-9.18549
-0.32659	-0.38874	-0.86152	-3.88737
0.00000	0.00000	0.00000	1.00000

boidNo = 1
boid Wall No = 0
position = = (0.1, -10.0, -1.0)
Boid Radius= 9.999999
Boid Frame=
 -0.98234	0.00604	0.18700	0.06044
0.01254	-0.99510	0.09804	-9.95104
-0.18668	-0.09865	-0.97746	-0.98650
0.00000	0.00000	0.00000	1.00000

boidNo = 2
boid Wall No = 1
position = = (7.2, 2.9, -6.3)
Boid Radius= 10
Boid Frame=
 -0.35622	0.71856	-0.59732	7.18556
-0.63038	0.28706	0.72126	2.87063
-0.68973	-0.63346	-0.35071	-6.33460
0.00000	0.00000	0.00000	1.00000

boidNo = 3
boid Wall No = 0
position = = (-0.6, -9.1, -4.0)
Boid Radius= 10
Boid Frame=
 -0.85200	-0.06268	0.51977	-0.62676
0.25961	-0.91273	0.31549	-9.12728
-0.45464	-0.40373	-0.79392	-4.03733
0.00000	0.00000	0.00000	1.00000

boidNo = 4
boid Wall No = 0
position = = (4.2, -3.3, -8.4)
Boid Radius= 9.999999
Boid Frame=
 -0.82950	0.42334	-0.36429	4.23342
-0.51509	-0.32775	0.79200	-3.27752
-0.21589	-0.84461	-0.48993	-8.44607
0.00000	0.00000	0.00000	1.00000

boidNo = 5
boid Wall No = 0
position = = (3.0, -9.4, -1.8)
Boid Radius= 10
Boid Frame=
 -0.39946	0.30079	0.86600	3.00786
0.04584	-0.93691	0.34656	-9.36908
-0.91560	-0.17813	-0.36047	-1.78132
0.00000	0.00000	0.00000	1.00000

boidNo = 6
boid Wall No = 1
position = = (0.8, 8.7, 4.9)
Boid Radius= 10
Boid Frame=
 0.59989	0.08076	0.79599	0.80762
-0.43287	0.86946	0.23802	8.69465
0.67286	0.48735	-0.55655	4.87349
0.00000	0.00000	0.00000	1.00000

boidNo = 7
boid Wall No = 0
position = = (4.9, -6.8, -5.5)
Boid Radius= 10
Boid Frame=
 -0.34881	0.48761	-0.80036	4.87607
-0.72659	-0.68009	-0.09768	-6.80089
0.59194	-0.54747	-0.59151	-5.47465
0.00000	0.00000	0.00000	1.00000

boidNo = 8
boid Wall No = 1
position = = (0.5, 9.9, 1.4)
Boid Radius= 10
Boid Frame=
 0.95775	0.05312	0.28264	0.53122
-0.09008	0.98875	0.11941	9.88749
0.27312	0.13983	-0.95176	1.39831
0.00000	0.00000	0.00000	1.00000

boidNo = 9
boid Wall No = 1
position = = (0.3, 9.2, -3.9)
Boid Radius= 10
Boid Frame=
 -0.99513	0.02525	-0.09532	0.25253
-0.01453	0.91854	0.39506	9.18541
-0.09753	-0.39452	0.91370	-3.94519
0.00000	0.00000	0.00000	1.00000

boidNo = 10
boid Wall No = 1
position = = (-3.4, 9.4, -0.9)
Boid Radius= 10
Boid Frame=
 -0.43436	-0.33720	0.83524	-3.37198
-0.07421	0.93753	0.33990	9.37529
0.89768	-0.08566	0.43225	-0.85659
0.00000	0.00000	0.00000	1.00000

boidNo = 11
boid Wall No = 1
position = = (0.4, 7.7, 6.4)
Boid Radius= 10
Boid Frame=
 0.87148	0.04311	0.48853	0.43113
-0.34184	0.76767	0.54205	7.67675
0.35167	0.63939	-0.68375	6.39388
0.00000	0.00000	0.00000	1.00000

boidNo = 12
boid Wall No = 1
position = = (1.7, 8.7, 4.7)
Boid Radius= 10
Boid Frame=
 0.97809	0.16618	-0.12539	1.66179
-0.08450	0.86738	0.49042	8.67381
-0.19026	0.46908	-0.86242	4.69079
0.00000	0.00000	0.00000	1.00000

boidNo = 13
boid Wall No = 1
position = = (0.8, 8.0, 6.0)
Boid Radius= 10
Boid Frame=
 0.93949	0.08326	0.33232	0.83259
-0.26318	0.79641	0.54448	7.96414
0.21933	0.59899	-0.77013	5.98993
0.00000	0.00000	0.00000	1.00000

boidNo = 14
boid Wall No = 0
position = = (-4.2, -7.6, -5.0)
Boid Radius= 10
Boid Frame=
 -0.34560	-0.41923	-0.83953	-4.19230
-0.37649	-0.75754	0.53328	-7.57542
0.85954	-0.50038	-0.10397	-5.00376
0.00000	0.00000	0.00000	1.00000

boidNo = 15
boid Wall No = 1
position = = (-4.8, 3.1, 8.2)
Boid Radius= 10
Boid Frame=
 0.56914	-0.47754	0.66935	-4.77544
-0.60249	0.31177	0.73472	3.11766
0.55954	0.82143	0.11027	8.21434
0.00000	0.00000	0.00000	1.00000

boidNo = 16
boid Wall No = 0
position = = (-0.8, -9.9, 1.4)
Boid Radius= 10
Boid Frame=
 0.88488	-0.07723	-0.45936	-0.77228
-0.00179	-0.98672	0.16245	-9.86716
0.46581	0.14293	0.87327	1.42925
0.00000	0.00000	0.00000	1.00000

boidNo = 17
boid Wall No = 0
position = = (1.3, -8.8, 4.6)
Boid Radius= 10
Boid Frame=
 -0.54730	0.12784	0.82712	1.27836
-0.45188	-0.87697	-0.16346	-8.76974
-0.70447	0.46322	-0.53773	4.63222
0.00000	0.00000	0.00000	1.00000

boidNo = 18
boid Wall No = 1
position = = (-1.0, 5.7, 8.2)
Boid Radius= 10
Boid Frame=
 0.80690	-0.10018	0.58213	-1.00184
-0.43289	0.57022	0.69818	5.70221
0.40189	0.81536	-0.41674	8.15360
0.00000	0.00000	0.00000	1.00000

boidNo = 19
boid Wall No = 0
position = = (-9.9, -0.1, -1.1)
Boid Radius= 10
Boid Frame=
 -0.01671	-0.99414	-0.10682	-9.94138
-0.97726	-0.00635	0.21195	-0.06348
0.21139	-0.10794	0.97142	-1.07936
0.00000	0.00000	0.00000	1.00000

