Iteration Num of Simuation:0
m_SimulationDeltaT of action plan:0
boidNo = 0
boid Wall No = 1
position = = (0.5, 9.9, 1.0)
Boid Radius= 10
Boid Frame=
 0.99795	0.04514	-0.04537	0.45135
-0.04014	0.99360	0.10563	9.93595
-0.04985	0.10359	-0.99337	1.03594
0.00000	0.00000	0.00000	1.00000

boidNo = 1
boid Wall No = 0
position = = (-1.9, -7.6, 6.2)
Boid Radius= 10
Boid Frame=
 0.98083	-0.18777	-0.05221	-1.87767
-0.11085	-0.75784	0.64296	-7.57836
0.16029	0.62484	0.76412	6.24843
0.00000	0.00000	0.00000	1.00000

boidNo = 2
boid Wall No = 0
position = = (-1.9, -9.8, -0.4)
Boid Radius= 10
Boid Frame=
 -0.02285	-0.18742	-0.98201	-1.87417
-0.03589	-0.98148	0.18815	-9.81484
0.99909	-0.03954	-0.01570	-0.39541
0.00000	0.00000	0.00000	1.00000

boidNo = 3
boid Wall No = 1
position = = (9.5, 3.0, -0.2)
Boid Radius= 10
Boid Frame=
 0.17294	0.95405	-0.24471	9.54048
-0.61063	0.29880	0.73338	2.98799
-0.77280	-0.02260	-0.63424	-0.22601
0.00000	0.00000	0.00000	1.00000

boidNo = 4
boid Wall No = 0
position = = (7.2, -6.7, -2.0)
Boid Radius= 10
Boid Frame=
 -0.44277	0.71544	0.54046	7.15443
-0.21151	-0.66909	0.71245	-6.69092
-0.87133	-0.20114	-0.44757	-2.01139
0.00000	0.00000	0.00000	1.00000

boidNo = 5
boid Wall No = 0
position = = (0.0, -10.0, 0.1)
Boid Radius= 10
Boid Frame=
 0.99600	-0.00029	-0.08935	-0.00287
0.00045	-0.99997	0.00827	-9.99966
0.08935	0.00828	0.99597	0.08281
0.00000	0.00000	0.00000	1.00000

boidNo = 6
boid Wall No = 0
position = = (4.1, -8.0, -4.3)
Boid Radius= 10
Boid Frame=
 -0.23396	0.41292	-0.88020	4.12920
-0.55179	-0.80179	-0.22947	-8.01792
0.80049	-0.43200	-0.41544	-4.32004
0.00000	0.00000	0.00000	1.00000

boidNo = 7
boid Wall No = 1
position = = (4.8, 8.3, -2.9)
Boid Radius= 9.999999
Boid Frame=
 -0.13465	0.47705	-0.86850	4.77048
-0.26027	0.82868	0.49553	8.28681
-0.95610	-0.29277	-0.01257	-2.92766
0.00000	0.00000	0.00000	1.00000

boidNo = 8
boid Wall No = 1
position = = (3.5, 9.3, 1.4)
Boid Radius= 10
Boid Frame=
 0.68564	0.34809	-0.63932	3.48091
-0.14717	0.92641	0.34657	9.26407
-0.71290	0.14354	-0.68641	1.43536
0.00000	0.00000	0.00000	1.00000

boidNo = 9
boid Wall No = 0
position = = (-1.8, -9.8, 1.0)
Boid Radius= 10
Boid Frame=
 0.44534	-0.17963	-0.87716	-1.79625
0.00782	-0.97885	0.20442	-9.78852
0.89533	0.09790	0.43451	0.97897
0.00000	0.00000	0.00000	1.00000

boidNo = 10
boid Wall No = 0
position = = (2.5, -9.6, -1.1)
Boid Radius= 10
Boid Frame=
 -0.70625	0.25006	0.66233	2.50063
-0.10572	-0.96230	0.25059	-9.62304
-0.70003	-0.10696	-0.70606	-1.06957
0.00000	0.00000	0.00000	1.00000

boidNo = 11
boid Wall No = 1
position = = (1.7, 9.7, -2.0)
Boid Radius= 10
Boid Frame=
 -0.28650	0.16980	-0.94291	1.69798
-0.14390	0.96538	0.21757	9.65380
-0.94721	-0.19802	0.25215	-1.98018
0.00000	0.00000	0.00000	1.00000

boidNo = 12
boid Wall No = 0
position = = (-8.6, -2.0, 4.8)
Boid Radius= 10
Boid Frame=
 0.43813	-0.85536	0.27641	-8.55361
-0.76788	-0.19627	0.60978	-1.96272
0.46733	0.47941	0.74281	4.79411
0.00000	0.00000	0.00000	1.00000

boidNo = 13
boid Wall No = 1
position = = (-9.9, 0.9, 1.3)
Boid Radius= 10
Boid Frame=
 0.03823	-0.98745	0.15325	-9.87448
-0.63383	0.09460	0.76767	0.94599
0.77253	0.12648	0.62225	1.26479
0.00000	0.00000	0.00000	1.00000

boidNo = 14
boid Wall No = 1
position = = (-2.5, 4.8, -8.4)
Boid Radius= 10
Boid Frame=
 -0.83807	-0.25500	-0.48230	-2.55000
-0.54293	0.47656	0.69146	4.76564
-0.05352	-0.84135	0.53784	-8.41346
0.00000	0.00000	0.00000	1.00000

boidNo = 15
boid Wall No = 1
position = = (4.4, 8.5, -2.8)
Boid Radius= 9.999999
Boid Frame=
 -0.37003	0.43803	-0.81927	4.38029
-0.11611	0.85315	0.50858	8.53149
-0.92174	-0.28332	0.26483	-2.83316
0.00000	0.00000	0.00000	1.00000

boidNo = 16
boid Wall No = 0
position = = (0.6, -8.0, -6.0)
Boid Radius= 10
Boid Frame=
 0.30997	0.05726	-0.94902	0.57259
-0.55574	-0.79899	-0.22972	-7.98987
0.77141	-0.59862	0.21584	-5.98616
0.00000	0.00000	0.00000	1.00000

boidNo = 17
boid Wall No = 0
position = = (-1.4, -9.9, -0.5)
Boid Radius= 10
Boid Frame=
 -0.14323	-0.13864	-0.97993	-1.38637
-0.02688	-0.98923	0.14388	-9.89230
0.98932	-0.04695	-0.13796	-0.46947
0.00000	0.00000	0.00000	1.00000

boidNo = 18
boid Wall No = 1
position = = (2.8, 8.9, 3.6)
Boid Radius= 10
Boid Frame=
 0.87594	0.28282	-0.39083	2.82824
-0.08815	0.89032	0.44672	8.90323
-0.47430	0.35684	-0.80480	3.56842
0.00000	0.00000	0.00000	1.00000

boidNo = 19
boid Wall No = 1
position = = (-9.4, 1.0, -3.2)
Boid Radius= 10
Boid Frame=
 -0.28457	-0.94150	-0.18054	-9.41500
-0.74934	0.10100	0.65444	1.00999
0.59792	-0.32152	0.73424	-3.21523
0.00000	0.00000	0.00000	1.00000

