# 3ds Max Wavefront OBJ Exporter v0.97b - (c)2007 guruware
# File Created: 04.07.2018 20:02:09

#
# object Group1
#

v  -11.8601 59.1698 -13.3844
v  -11.3547 69.1342 -12.3249
v  0.0741 69.2842 -16.2190
v  0.0793 61.3643 -16.8490
v  -13.3851 77.8399 -13.1171
v  0.0753 78.0298 -16.4442
v  13.5353 77.8439 -13.1186
v  11.4957 69.1367 -12.3180
v  12.0119 59.1732 -13.3614
v  -13.5002 78.1591 9.5612
v  -11.3358 69.1616 8.8925
v  0.0529 69.1962 13.0076
v  0.0533 78.2651 13.5357
v  -11.6965 59.0979 9.2122
v  0.0558 61.1283 12.7325
v  11.8135 59.1015 9.2088
v  11.4454 69.1647 8.8903
v  13.6052 78.1619 9.5603
v  -16.1994 69.0431 -2.0138
v  -17.0620 75.6901 -2.1993
v  -16.6902 60.3604 -1.9865
v  16.3229 69.0470 -2.0088
v  17.1904 75.6993 -2.1991
v  16.8129 60.3637 -1.9750
v  -15.0175 99.5446 10.2665
v  -13.3243 88.3601 12.2299
v  0.0466 88.6334 14.4469
v  0.0365 99.9922 15.2661
v  13.4118 88.3639 12.2256
v  15.0954 99.5491 10.2573
v  -13.1494 87.9332 -15.7282
v  0.0808 88.2866 -16.8616
v  -14.9967 99.6082 -13.4411
v  0.0845 100.2355 -16.3029
v  15.1578 99.6156 -13.4431
v  13.3135 87.9403 -15.7300
v  21.4566 87.3520 8.0913
v  22.9025 93.7526 4.7679
v  20.4934 81.0609 5.3355
v  25.2354 80.6015 2.1320
v  26.9393 85.3495 3.9829
v  28.7025 90.1019 1.1913
v  20.4614 78.7409 -2.9199
v  20.4473 80.5437 -11.0425
v  24.9202 79.8491 -10.1101
v  24.5338 78.6041 -3.9315
v  21.4579 86.6549 -14.1584
v  23.0167 93.3319 -11.6172
v  28.4904 89.4070 -11.0203
v  26.5296 84.3292 -12.7654
v  20.1218 102.9908 -2.4267
v  24.4551 96.5065 -3.7401
v  29.6138 91.9264 -5.1816
v  32.0160 82.1407 1.3977
v  34.1197 86.0075 -0.9723
v  29.8339 78.2060 0.1154
v  33.7922 74.7811 -0.4169
v  36.5605 77.8547 0.4780
v  38.9126 80.7188 -1.7780
v  28.8417 76.3978 -4.6023
v  29.1412 77.2334 -9.6335
v  33.1373 73.3492 -9.0809
v  32.6207 73.0566 -4.4426
v  30.9299 80.7699 -12.0670
v  33.2054 84.9122 -10.8233
v  37.6304 79.4690 -10.8757
v  35.1333 76.1010 -11.6466
v  34.6432 87.1335 -6.0964
v  39.2606 81.4022 -6.5817
v  39.8443 73.0426 0.7412
v  42.7006 74.8661 -1.4985
v  36.5900 70.7408 0.1981
v  38.3912 66.7162 1.1699
v  41.9101 68.5772 1.4870
v  45.0245 69.7920 -0.7101
v  35.2164 69.1755 -3.3603
v  35.9990 69.0791 -7.6865
v  37.8084 64.8249 -6.3265
v  36.8484 65.2013 -2.0466
v  38.6148 70.8990 -10.1510
v  41.5220 73.4097 -9.5781
v  44.1043 68.0296 -8.1807
v  40.9061 66.0366 -8.8480
v  43.2507 74.9765 -5.8355
v  45.7450 69.5330 -4.5676
v  43.0152 65.2763 1.6652
v  45.8939 66.1850 -0.2895
v  39.7677 63.7441 1.3829
v  41.0789 62.2035 0.6721
v  43.5643 62.9027 0.6230
v  45.6462 63.9442 -0.5225
v  38.3852 62.2929 -1.4367
v  39.2700 61.8419 -5.0726
v  40.7072 60.7302 -4.0483
v  40.5236 60.9352 -1.4670
v  42.1583 62.6734 -7.2143
v  45.1414 64.3519 -6.7151
v  45.1063 62.4889 -5.1910
v  42.9973 61.0942 -5.0787
v  46.6190 65.7025 -3.6427
v  45.9923 63.0441 -2.8578
v  43.5972 61.2419 -2.0207
v  -21.3739 87.3490 8.0942
v  -20.3921 81.0554 5.3374
v  -22.8179 93.7497 4.7708
v  -28.6273 90.0995 1.1957
v  -26.8700 85.3470 3.9889
v  -25.1519 80.5973 2.1399
v  -20.0060 102.9830 -2.4215
v  -24.3406 96.5012 -3.7371
v  -22.8637 93.3234 -11.6112
v  -28.3598 89.4012 -11.0155
v  -29.5153 91.9255 -5.1795
v  -21.2966 86.6485 -14.1472
v  -20.2951 80.5360 -11.0276
v  -24.7860 79.8436 -10.0913
v  -26.3876 84.3237 -12.7520
v  -20.3364 78.7305 -2.9118
v  -24.4227 78.5982 -3.9168
v  -31.9669 82.1391 1.4030
v  -29.7760 78.2020 0.1236
v  -34.0682 86.0081 -0.9690
v  -38.8862 80.7224 -1.7738
v  -36.5342 77.8568 0.4827
v  -33.7602 74.7826 -0.4120
v  -34.5763 87.1358 -6.0954
v  -33.1164 84.9131 -10.8185
v  -37.5851 79.4730 -10.8728
v  -39.2275 81.4068 -6.5794
v  -30.8278 80.7699 -12.0527
v  -29.0434 77.2323 -9.6164
v  -33.0800 73.3524 -9.0708
v  -35.0768 76.1047 -11.6385
v  -28.7630 76.3930 -4.5903
v  -32.5757 73.0584 -4.4356
v  -39.8328 73.0452 0.7469
v  -36.5761 70.7436 0.2031
v  -42.6897 74.8689 -1.4930
v  -45.0211 69.7941 -0.7040
v  -41.9064 68.5793 1.4929
v  -38.3874 66.7186 1.1756
v  -43.2384 74.9794 -5.8311
v  -41.5054 73.4123 -9.5745
v  -44.1009 68.0313 -8.1751
v  -45.7420 69.5350 -4.5613
v  -38.5917 70.9024 -10.1455
v  -35.9739 69.0834 -7.6793
v  -37.8010 64.8276 -6.3193
v  -40.9004 66.0383 -8.8423
v  -35.1963 69.1791 -3.3551
v  -36.8427 65.2040 -2.0405
v  -43.0143 65.2785 1.6710
v  -39.7674 63.7464 1.3887
v  -45.8930 66.1871 -0.2835
v  -45.6458 63.9465 -0.5166
v  -43.5637 62.9051 0.6288
v  -41.0788 62.2058 0.6779
v  -46.6190 65.7043 -3.6363
v  -45.1423 64.3529 -6.7083
v  -45.1074 62.4900 -5.1843
v  -45.9925 63.0459 -2.8516
v  -42.1590 62.6740 -7.2077
v  -39.2697 61.8430 -5.0657
v  -40.7079 60.7312 -4.0417
v  -42.9985 61.0950 -5.0720
v  -38.3847 62.2948 -1.4302
v  -40.5238 60.9370 -1.4607
v  -43.5974 61.2437 -2.0145
v  0.0280 113.0563 17.5880
v  -13.9809 113.1267 11.6164
v  14.0444 113.1277 11.6026
v  13.5882 125.8095 11.7429
v  0.0182 126.1429 18.0028
v  -13.5379 125.8106 11.7559
v  19.1070 113.3922 -1.7221
v  13.5965 113.2085 -13.4006
v  13.2757 125.5400 -13.5114
v  18.5404 125.6044 -1.7349
v  0.0924 113.3346 -17.7165
v  -13.4478 113.2091 -13.4088
v  -13.1385 125.5433 -13.5188
v  0.0890 125.6575 -18.0028
v  -19.0101 113.3904 -1.7146
v  -18.4560 125.6056 -1.7269
v  0.0165 136.0906 14.4216
v  -11.0364 135.5754 9.5420
v  11.0804 135.5733 9.5332
v  7.5220 140.5020 6.2854
v  0.0220 141.6355 7.8732
v  -7.4741 140.5045 6.2903
v  14.9579 135.3445 -1.4387
v  10.7811 135.1246 -11.3152
v  7.3734 140.2249 -8.0320
v  8.7884 141.4049 -1.1113
v  0.0684 135.2224 -14.8667
v  -10.6690 135.1271 -11.3183
v  -7.2826 140.2292 -8.0319
v  0.0471 141.2691 -9.1701
v  -14.8850 135.3470 -1.4318
v  -8.7223 141.4098 -1.1080
v  0.0321 143.6392 -0.9521
v  -6.0797 51.0320 -15.2653
v  -10.3826 44.3239 -11.5782
v  -15.5458 48.8320 -9.1668
v  0.1134 44.2830 -11.5339
v  -5.5627 39.9639 -8.2089
v  -8.4797 33.7811 -5.3919
v  -12.7395 36.6528 -7.9749
v  -17.2658 39.4916 -5.8008
v  0.1237 40.9516 -1.0058
v  -3.9474 38.3193 -0.1477
v  0.1059 44.4473 7.9851
v  -6.0528 40.0190 7.2231
v  -9.1389 33.5856 7.6350
v  -6.9913 32.6413 1.1772
v  -6.1202 51.0327 10.7484
v  -10.9255 44.3809 9.6697
v  -15.4820 48.8983 6.9480
v  -17.8230 39.3702 6.9332
v  -13.7402 36.4110 9.7117
v  -18.1733 50.4431 -1.0407
v  -19.3621 40.5618 0.4639
v  -14.2991 28.9743 -6.3955
v  -18.4825 30.7732 -4.2357
v  -10.2547 27.0207 -4.4031
v  -11.3360 20.0209 -5.0660
v  -15.2158 21.3777 -6.8842
v  -19.1413 22.4884 -4.9945
v  -8.8558 26.1117 1.3182
v  -10.6036 26.6078 7.1247
v  -11.6757 19.4609 4.9493
v  -9.9752 19.2613 -0.0954
v  -14.7832 28.3770 9.2536
v  -18.7800 30.3334 7.0563
v  -19.5310 21.8925 5.1176
v  -15.7002 20.5740 6.9227
v  -20.3028 31.2787 1.3605
v  -20.8207 22.6344 0.0684
v  -15.9246 13.7820 -7.9752
v  -19.6495 14.4077 -6.4335
v  -12.2137 12.8916 -6.2363
v  -12.7331 6.6203 -7.0672
v  -16.3867 7.1852 -8.7004
v  -20.0327 7.5358 -7.1541
v  -10.8869 12.2628 -1.7724
v  -12.4736 12.2343 2.6952
v  -12.8151 5.8249 2.2339
v  -11.3525 6.1513 -2.6046
v  -16.3182 12.8835 4.2725
v  -19.9817 13.7516 2.5227
v  -20.9983 6.6831 1.8039
v  -16.9843 6.0749 3.8392
v  -21.1759 14.3459 -2.0044
v  -21.9007 7.2917 -2.8772
v  -16.5640 2.6760 -8.8913
v  -20.1454 2.9389 -7.2296
v  -13.0919 2.4401 -7.2698
v  -13.9468 0.7176 -6.2947
v  -16.6416 0.5053 -7.1053
v  -19.4414 0.9794 -6.2628
v  -11.7077 2.1703 -2.7644
v  -13.0630 1.8645 1.9558
v  -13.9294 0.3895 0.8858
v  -13.2857 0.3288 -2.7366
v  -17.1618 1.8586 3.5922
v  -21.2822 2.2240 1.6790
v  -20.2066 0.5624 0.7083
v  -17.0368 0.1164 1.6654
v  -22.2011 2.6917 -2.8602
v  -20.5307 0.5515 -2.7716
v  -16.8300 -0.1505 -2.7830
v  6.2723 51.0343 -15.2442
v  10.5867 44.3277 -11.5463
v  5.7980 39.9657 -8.1856
v  15.7150 48.8366 -9.1402
v  17.4355 39.4959 -5.7937
v  12.9409 36.6566 -7.9609
v  8.7105 33.7808 -5.3740
v  18.3077 50.4462 -1.0330
v  15.6202 48.9006 6.9434
v  17.9668 39.3751 6.9081
v  19.5040 40.5656 0.4512
v  6.2768 51.0348 10.7478
v  11.0984 44.3806 9.6746
v  6.2893 40.0147 7.2501
v  9.3628 33.5765 7.6740
v  13.9150 36.4110 9.7097
v  4.1969 38.3163 -0.1198
v  7.2339 32.6342 1.2098
v  14.4875 28.9785 -6.3961
v  10.4608 27.0204 -4.4007
v  18.6457 30.7793 -4.2430
v  19.2888 22.4942 -4.9982
v  15.3746 21.3811 -6.8875
v  11.5049 20.0203 -5.0709
v  20.4536 31.2871 1.3313
v  18.9362 30.3415 7.0183
v  19.6799 21.8994 5.0917
v  20.9631 22.6419 0.0504
v  14.9578 28.3784 9.2428
v  10.8007 26.6016 7.1499
v  11.8472 19.4582 4.9560
v  15.8617 20.5762 6.9125
v  9.0636 26.1050 1.3414
v  10.1490 19.2577 -0.0913
v  16.0528 13.7840 -7.9770
v  12.3484 12.8909 -6.2384
v  19.7713 14.4115 -6.4324
v  20.1298 7.5387 -7.1494
v  16.4892 7.1876 -8.6976
v  12.8383 6.6177 -7.0724
v  21.2950 14.3506 -2.0088
v  20.1037 13.7557 2.5132
v  21.0953 6.6883 1.7893
v  21.9943 7.2945 -2.8798
v  16.4486 12.8856 4.2683
v  12.6105 12.2340 2.6977
v  12.9263 5.8187 2.2512
v  17.1034 6.0760 3.8357
v  11.0253 12.2607 -1.7689
v  11.4568 6.1472 -2.5990
v  16.6474 2.6782 -8.8868
v  13.1768 2.4364 -7.2763
v  20.2302 2.9441 -7.2179
v  19.5234 0.9832 -6.2546
v  16.7196 0.5074 -7.1012
v  14.0257 0.7165 -6.2965
v  22.2822 2.6951 -2.8651
v  21.3751 2.2314 1.6594
v  20.3058 0.5672 0.6947
v  20.6183 0.5531 -2.7746
v  17.2790 1.8595 3.5886
v  13.1630 1.8574 1.9753
v  14.0276 0.3859 0.8981
v  17.1504 0.1173 1.6628
v  11.7926 2.1653 -2.7584
v  13.3690 0.3278 -2.7318
v  16.9261 -0.1490 -2.7803
v  0.0900 55.0090 -16.8287
v  0.0690 54.8433 11.9516
# 340 vertices

o Group1
g Group1
f 1 2 3 4 
f 2 5 6 3 
f 3 6 7 8 
f 4 3 8 9 
f 10 11 12 13 
f 11 14 15 12 
f 12 15 16 17 
f 13 12 17 18 
f 5 2 19 20 
f 2 1 21 19 
f 19 21 14 11 
f 20 19 11 10 
f 18 17 22 23 
f 17 16 24 22 
f 22 24 9 8 
f 23 22 8 7 
f 25 26 27 28 
f 26 10 13 27 
f 27 13 18 29 
f 28 27 29 30 
f 5 31 32 6 
f 31 33 34 32 
f 32 34 35 36 
f 6 32 36 7 
f 30 29 37 38 
f 29 18 39 37 
f 37 39 40 41 
f 38 37 41 42 
f 18 23 43 39 
f 23 7 44 43 
f 43 44 45 46 
f 39 43 46 40 
f 7 36 47 44 
f 36 35 48 47 
f 47 48 49 50 
f 44 47 50 45 
f 35 51 52 48 
f 51 30 38 52 
f 52 38 42 53 
f 48 52 53 49 
f 42 41 54 55 
f 41 40 56 54 
f 54 56 57 58 
f 55 54 58 59 
f 40 46 60 56 
f 46 45 61 60 
f 60 61 62 63 
f 56 60 63 57 
f 45 50 64 61 
f 50 49 65 64 
f 64 65 66 67 
f 61 64 67 62 
f 49 53 68 65 
f 53 42 55 68 
f 68 55 59 69 
f 65 68 69 66 
f 59 58 70 71 
f 58 57 72 70 
f 70 72 73 74 
f 71 70 74 75 
f 57 63 76 72 
f 63 62 77 76 
f 76 77 78 79 
f 72 76 79 73 
f 62 67 80 77 
f 67 66 81 80 
f 80 81 82 83 
f 77 80 83 78 
f 66 69 84 81 
f 69 59 71 84 
f 84 71 75 85 
f 81 84 85 82 
f 75 74 86 87 
f 74 73 88 86 
f 86 88 89 90 
f 87 86 90 91 
f 73 79 92 88 
f 79 78 93 92 
f 92 93 94 95 
f 88 92 95 89 
f 78 83 96 93 
f 83 82 97 96 
f 96 97 98 99 
f 93 96 99 94 
f 82 85 100 97 
f 85 75 87 100 
f 100 87 91 101 
f 97 100 101 98 
f 91 90 102 101 
f 90 89 95 102 
f 102 95 94 99 
f 101 102 99 98 
f 10 26 103 104 
f 26 25 105 103 
f 103 105 106 107 
f 104 103 107 108 
f 25 109 110 105 
f 109 33 111 110 
f 110 111 112 113 
f 105 110 113 106 
f 33 31 114 111 
f 31 5 115 114 
f 114 115 116 117 
f 111 114 117 112 
f 5 20 118 115 
f 20 10 104 118 
f 118 104 108 119 
f 115 118 119 116 
f 108 107 120 121 
f 107 106 122 120 
f 120 122 123 124 
f 121 120 124 125 
f 106 113 126 122 
f 113 112 127 126 
f 126 127 128 129 
f 122 126 129 123 
f 112 117 130 127 
f 117 116 131 130 
f 130 131 132 133 
f 127 130 133 128 
f 116 119 134 131 
f 119 108 121 134 
f 134 121 125 135 
f 131 134 135 132 
f 125 124 136 137 
f 124 123 138 136 
f 136 138 139 140 
f 137 136 140 141 
f 123 129 142 138 
f 129 128 143 142 
f 142 143 144 145 
f 138 142 145 139 
f 128 133 146 143 
f 133 132 147 146 
f 146 147 148 149 
f 143 146 149 144 
f 132 135 150 147 
f 135 125 137 150 
f 150 137 141 151 
f 147 150 151 148 
f 141 140 152 153 
f 140 139 154 152 
f 152 154 155 156 
f 153 152 156 157 
f 139 145 158 154 
f 145 144 159 158 
f 158 159 160 161 
f 154 158 161 155 
f 144 149 162 159 
f 149 148 163 162 
f 162 163 164 165 
f 159 162 165 160 
f 148 151 166 163 
f 151 141 153 166 
f 166 153 157 167 
f 163 166 167 164 
f 157 156 168 167 
f 156 155 161 168 
f 168 161 160 165 
f 167 168 165 164 
f 25 28 169 170 
f 28 30 171 169 
f 169 171 172 173 
f 170 169 173 174 
f 30 51 175 171 
f 51 35 176 175 
f 175 176 177 178 
f 171 175 178 172 
f 35 34 179 176 
f 34 33 180 179 
f 179 180 181 182 
f 176 179 182 177 
f 33 109 183 180 
f 109 25 170 183 
f 183 170 174 184 
f 180 183 184 181 
f 174 173 185 186 
f 173 172 187 185 
f 185 187 188 189 
f 186 185 189 190 
f 172 178 191 187 
f 178 177 192 191 
f 191 192 193 194 
f 187 191 194 188 
f 177 182 195 192 
f 182 181 196 195 
f 195 196 197 198 
f 192 195 198 193 
f 181 184 199 196 
f 184 174 186 199 
f 199 186 190 200 
f 196 199 200 197 
f 190 189 201 200 
f 189 188 194 201 
f 201 194 193 198 
f 200 201 198 197 
f 1 202 203 204 
f 202 205 206 203 
f 203 206 207 208 
f 204 203 208 209 
f 205 210 211 206 
f 210 212 213 211 
f 211 213 214 215 
f 206 211 215 207 
f 212 216 217 213 
f 216 14 218 217 
f 217 218 219 220 
f 213 217 220 214 
f 14 21 221 218 
f 21 1 204 221 
f 221 204 209 222 
f 218 221 222 219 
f 209 208 223 224 
f 208 207 225 223 
f 223 225 226 227 
f 224 223 227 228 
f 207 215 229 225 
f 215 214 230 229 
f 229 230 231 232 
f 225 229 232 226 
f 214 220 233 230 
f 220 219 234 233 
f 233 234 235 236 
f 230 233 236 231 
f 219 222 237 234 
f 222 209 224 237 
f 237 224 228 238 
f 234 237 238 235 
f 228 227 239 240 
f 227 226 241 239 
f 239 241 242 243 
f 240 239 243 244 
f 226 232 245 241 
f 232 231 246 245 
f 245 246 247 248 
f 241 245 248 242 
f 231 236 249 246 
f 236 235 250 249 
f 249 250 251 252 
f 246 249 252 247 
f 235 238 253 250 
f 238 228 240 253 
f 253 240 244 254 
f 250 253 254 251 
f 244 243 255 256 
f 243 242 257 255 
f 255 257 258 259 
f 256 255 259 260 
f 242 248 261 257 
f 248 247 262 261 
f 261 262 263 264 
f 257 261 264 258 
f 247 252 265 262 
f 252 251 266 265 
f 265 266 267 268 
f 262 265 268 263 
f 251 254 269 266 
f 254 244 256 269 
f 269 256 260 270 
f 266 269 270 267 
f 260 259 271 270 
f 259 258 264 271 
f 271 264 263 268 
f 270 271 268 267 
f 205 272 273 274 
f 272 9 275 273 
f 273 275 276 277 
f 274 273 277 278 
f 9 24 279 275 
f 24 16 280 279 
f 279 280 281 282 
f 275 279 282 276 
f 16 283 284 280 
f 283 212 285 284 
f 284 285 286 287 
f 280 284 287 281 
f 212 210 288 285 
f 210 205 274 288 
f 288 274 278 289 
f 285 288 289 286 
f 278 277 290 291 
f 277 276 292 290 
f 290 292 293 294 
f 291 290 294 295 
f 276 282 296 292 
f 282 281 297 296 
f 296 297 298 299 
f 292 296 299 293 
f 281 287 300 297 
f 287 286 301 300 
f 300 301 302 303 
f 297 300 303 298 
f 286 289 304 301 
f 289 278 291 304 
f 304 291 295 305 
f 301 304 305 302 
f 295 294 306 307 
f 294 293 308 306 
f 306 308 309 310 
f 307 306 310 311 
f 293 299 312 308 
f 299 298 313 312 
f 312 313 314 315 
f 308 312 315 309 
f 298 303 316 313 
f 303 302 317 316 
f 316 317 318 319 
f 313 316 319 314 
f 302 305 320 317 
f 305 295 307 320 
f 320 307 311 321 
f 317 320 321 318 
f 311 310 322 323 
f 310 309 324 322 
f 322 324 325 326 
f 323 322 326 327 
f 309 315 328 324 
f 315 314 329 328 
f 328 329 330 331 
f 324 328 331 325 
f 314 319 332 329 
f 319 318 333 332 
f 332 333 334 335 
f 329 332 335 330 
f 318 321 336 333 
f 321 311 323 336 
f 336 323 327 337 
f 333 336 337 334 
f 327 326 338 337 
f 326 325 331 338 
f 338 331 330 335 
f 337 338 335 334 
f 9 272 339 4 
f 272 205 202 339 
f 4 339 202 1 
f 212 283 340 216 
f 283 16 15 340 
f 216 340 15 14 
# 338 polygons

